0,0
0.0011674,0
0.0023348,0
0.0035022,0
0.0046696,0
0.005837,0
0.0070044,0
0.0081718,0
0.0093392,0
0.010507,0
0.011674,0
0.012841,0
0.014009,0
0.015176,0
0.016344,0
0.017511,0
0.018678,0
0.019846,0
0.021013,0
0.022181,0
0.023348,0
0.024516,0
0.025683,0
0.02685,0
0.028018,0
0.029185,0
0.030353,0
0.03152,0
0.032687,0
0.033855,0
0.035022,0
0.03619,0
0.037357,0
0.038524,0
0.039692,0
0.040859,0
0.042027,0
0.043194,0
0.044361,0
0.045529,0
0.046696,0
0.047864,0
0.049031,0
0.050198,0
0.051366,-0
0.052533,0
0.053701,0
0.054868,-0
0.056035,0
0.057203,0
0.05837,-0
0.059538,0
0.060705,-0
0.061873,-0
0.06304,0
0.064207,0
0.065375,-0
0.066542,0
0.06771,0
0.068877,-0
0.070044,-0
0.071212,0
0.072379,0
0.073547,-0
0.074714,-0
0.075881,0
0.077049,-0
0.078216,-0
0.079384,0
0.080551,0
0.081718,-0
0.082886,-0
0.084053,0
0.085221,0
0.086388,-0
0.087555,-0
0.088723,0
0.08989,0
0.091058,-0
0.092225,0
0.093392,0
0.09456,-0
0.095727,-0
0.096895,0
0.098062,0
0.09923,-0
0.1004,-0
0.10156,0
0.10273,0
0.1039,-0
0.10507,-0
0.10623,0
0.1074,0
0.10857,-0
0.10974,-0
0.1109,0
0.11207,0
0.11324,-0
0.11441,-0
0.11557,0
0.11674,0
0.11791,-0
0.11908,-0
0.12024,0
0.12141,0
0.12258,-0
0.12375,-0
0.12491,0
0.12608,0
0.12725,-0
0.12841,-0
0.12958,0
0.13075,0
0.13192,-0
0.13308,-0
0.13425,0
0.13542,0
0.13659,-0
0.13775,-0
0.13892,0
0.14009,0
0.14126,-0
0.14242,-0
0.14359,-0
0.14476,0
0.14593,0
0.14709,-0
0.14826,-0
0.14943,0
0.1506,0
0.15176,-0
0.15293,-0
0.1541,0
0.15527,0
0.15643,-0
0.1576,-0
0.15877,0
0.15993,0
0.1611,-0
0.16227,-0
0.16344,0
0.1646,0
0.16577,-0
0.16694,-0
0.16811,0
0.16927,0
0.17044,-0
0.17161,-0
0.17278,0
0.17394,0
0.17511,0
0.17628,-0
0.17745,-0
0.17861,0
0.17978,0
0.18095,-0
0.18212,-0
0.18328,0
0.18445,0
0.18562,-0
0.18678,-0
0.18795,0
0.18912,0
0.19029,-0
0.19145,-0
0.19262,0
0.19379,0
0.19496,-0
0.19612,-0
0.19729,-0
0.19846,0
0.19963,0
0.20079,-0
0.20196,-0
0.20313,0
0.2043,0
0.20546,-0
0.20663,-0
0.2078,0
0.20897,0
0.21013,-0
0.2113,-0
0.21247,-0
0.21364,0
0.2148,0
0.21597,-0
0.21714,0
0.2183,0
0.21947,-0
0.22064,-0
0.22181,-0
0.22297,0
0.22414,0
0.22531,0
0.22648,-0
0.22764,-0
0.22881,-0
0.22998,-0
0.23115,-0
0.23231,0
0.23348,2.6647e-38
0.23465,1.6635e-38
0.23582,-1.2949e-38
0.23698,-2.4302e-38
0.23815,-1.5904e-38
0.23932,-3.1153e-38
0.24049,-6.313e-38
0.24165,-1.7524e-38
0.24282,1.4719e-37
0.24399,2.8903e-37
0.24516,1.9929e-37
0.24632,-1.6253e-37
0.24749,-6.2032e-37
0.24866,-8.7602e-37
0.24982,-5.2913e-37
0.25099,7.4245e-37
0.25216,2.499e-36
0.25333,3.0476e-36
0.25449,5.2098e-37
0.25566,-4.6687e-36
0.25683,-8.6143e-36
0.258,-6.2181e-36
0.25916,4.0951e-36
0.26033,1.6997e-35
0.2615,2.1453e-35
0.26267,7.6044e-36
0.26383,-2.274e-35
0.265,-4.9604e-35
0.26617,-4.3405e-35
0.26734,9.3441e-36
0.2685,8.1725e-35
0.26967,1.1265e-34
0.27084,5.2414e-35
0.27201,-8.317e-35
0.27317,-2.0073e-34
0.27434,-1.861e-34
0.27551,-2.4843e-36
0.27668,2.4518e-34
0.27784,3.5603e-34
0.27901,1.9371e-34
0.28018,-1.5602e-34
0.28134,-4.0725e-34
0.28251,-3.2743e-34
0.28368,-1.3063e-35
0.28485,1.478e-34
0.28601,-8.5355e-35
0.28718,-3.5921e-34
0.28835,1.1424e-34
0.28952,1.6202e-33
0.29068,2.9577e-33
0.29185,1.7199e-33
0.29302,-3.48e-33
0.29419,-1.0088e-32
0.29535,-1.1167e-32
0.29652,-1.1444e-34
0.29769,2.0992e-32
0.29886,3.6628e-32
0.30002,2.5019e-32
0.30119,-2.2162e-32
0.30236,-8.0889e-32
0.30353,-9.7963e-32
0.30469,-2.7369e-32
0.30586,1.1729e-31
0.30703,2.3875e-31
0.3082,2.0246e-31
0.30936,-5.1426e-32
0.31053,-4.049e-31
0.3117,-5.7613e-31
0.31286,-3.0214e-31
0.31403,3.9838e-31
0.3152,1.0965e-30
0.31637,1.1502e-30
0.31753,1.9856e-31
0.3187,-1.3752e-30
0.31987,-2.4553e-30
0.32104,-1.8795e-30
0.3222,5.4374e-31
0.32337,3.4761e-30
0.32454,4.6326e-30
0.32571,2.4149e-30
0.32687,-2.4888e-30
0.32804,-6.9634e-30
0.32921,-7.3639e-30
0.33038,-2.3682e-30
0.33154,5.4427e-30
0.33271,1.0929e-29
0.33388,1.0051e-29
0.33505,3.0199e-30
0.33621,-5.9094e-30
0.33738,-1.2045e-29
0.33855,-1.387e-29
0.33972,-1.2666e-29
0.34088,-8.1191e-30
0.34205,4.612e-30
0.34322,2.9867e-29
0.34438,5.9323e-29
0.34555,6.4931e-29
0.34672,1.2744e-29
0.34789,-1.0066e-28
0.34905,-2.145e-28
0.35022,-2.1478e-28
0.35139,-1.2663e-29
0.35256,3.453e-28
0.35372,6.2799e-28
0.35489,5.2219e-28
0.35606,-1.1913e-28
0.35723,-1.0363e-27
0.35839,-1.566e-27
0.35956,-1.0221e-27
0.36073,6.9517e-28
0.3619,2.703e-27
0.36306,3.4212e-27
0.36423,1.6141e-27
0.3654,-2.3788e-27
0.36657,-6.217e-27
0.36773,-6.6617e-27
0.3689,-1.9105e-27
0.37007,6.3134e-27
0.37124,1.2782e-26
0.3724,1.1688e-26
0.37357,1.1248e-27
0.37474,-1.4019e-26
0.3759,-2.3645e-26
0.37707,-1.8683e-26
0.37824,1.5831e-27
0.37941,2.6595e-26
0.38057,3.9467e-26
0.38174,2.7957e-26
0.38291,-5.5341e-27
0.38408,-4.2717e-26
0.38524,-5.9495e-26
0.38641,-4.1693e-26
0.38758,4.3558e-27
0.38875,5.4494e-26
0.38991,8.1232e-26
0.39108,6.9582e-26
0.39225,2.317e-26
0.39342,-4.1412e-26
0.39458,-1.036e-25
0.39575,-1.4137e-25
0.39692,-1.2791e-25
0.39809,-3.6048e-26
0.39925,1.364e-25
0.40042,3.2971e-25
0.40159,4.1206e-25
0.40276,2.3855e-25
0.40392,-2.2403e-25
0.40509,-7.8476e-25
0.40626,-1.0484e-24
0.40742,-6.3478e-25
0.40859,4.8483e-25
0.40976,1.7714e-24
0.41093,2.281e-24
0.41209,1.256e-24
0.41326,-1.1648e-24
0.41443,-3.6719e-24
0.4156,-4.3602e-24
0.41676,-2.0176e-24
0.41793,2.6549e-24
0.4191,6.9069e-24
0.42027,7.3912e-24
0.42143,2.5844e-24
0.4226,-5.4574e-24
0.42377,-1.1641e-23
0.42494,-1.093e-23
0.4261,-2.2296e-24
0.42727,9.8222e-24
0.42844,1.7102e-23
0.42961,1.3477e-23
0.43077,-1.1288e-25
0.43194,-1.5093e-23
0.43311,-2.0618e-23
0.43428,-1.173e-23
0.43544,5.792e-24
0.43661,1.8609e-23
0.43778,1.5993e-23
0.43894,-3.6554e-25
0.44011,-1.5773e-23
0.44128,-1.3861e-23
0.44245,7.7881e-24
0.44361,3.1274e-23
0.44478,2.9695e-23
0.44595,-9.283e-24
0.44712,-6.5459e-23
0.44828,-9.193e-23
0.44945,-4.7769e-23
0.45062,6.211e-23
0.45179,1.7292e-22
0.45295,1.9327e-22
0.45412,7.2353e-23
0.45529,-1.4599e-22
0.45646,-3.3056e-22
0.45762,-3.4008e-22
0.45879,-1.2467e-22
0.45996,2.2088e-22
0.46113,4.9904e-22
0.46229,5.2977e-22
0.46346,2.6966e-22
0.46463,-1.5838e-22
0.4658,-5.48e-22
0.46696,-7.3564e-22
0.46813,-6.6617e-22
0.4693,-3.5608e-22
0.47046,1.781e-22
0.47163,9.0568e-22
0.4728,1.6442e-21
0.47397,1.9354e-21
0.47513,1.1718e-21
0.4763,-9.3004e-22
0.47747,-3.7532e-21
0.47864,-5.621e-21
0.4798,-4.497e-21
0.48097,5.334e-22
0.48214,7.8258e-21
0.48331,1.3055e-20
0.48447,1.1318e-20
0.48564,7.5132e-22
0.48681,-1.4736e-20
0.48798,-2.61e-20
0.48914,-2.3784e-20
0.49031,-4.454e-21
0.49148,2.4699e-20
0.49265,4.6625e-20
0.49381,4.4289e-20
0.49498,1.291e-20
0.49615,-3.4824e-20
0.49731,-7.3212e-20
0.49848,-7.6147e-20
0.49965,-3.3473e-20
0.50082,4.0542e-20
0.50198,1.0677e-19
0.50315,1.2327e-19
0.50432,7.2359e-20
0.50549,-2.9767e-20
0.50665,-1.3873e-19
0.50782,-1.881e-19
0.50899,-1.4253e-19
0.51016,-2.1548e-20
0.51132,1.2877e-19
0.51249,2.5699e-19
0.51366,2.8771e-19
0.51483,1.5066e-19
0.51599,-1.1755e-19
0.51716,-4.0069e-19
0.51833,-5.3391e-19
0.5195,-3.9482e-19
0.52066,9.3904e-22
0.52183,4.8943e-19
0.523,9.2184e-19
0.52417,9.117e-19
0.52533,4.2033e-19
0.5265,-4.2355e-19
0.52767,-1.0571e-18
0.52883,-8.9773e-19
0.53,-4.1631e-19
0.53117,3.636e-19
0.53234,-4.1963e-19
0.5335,-6.6929e-19
0.53467,-1.0153e-18
0.53584,-1.2314e-18
0.53701,-2.0271e-18
0.53817,-1.2656e-18
0.53934,-9.0666e-19
0.54051,-7.4843e-19
0.54168,-8.3374e-19
0.54284,1.2308e-20
0.54401,-4.4105e-19
0.54518,2.9958e-20
0.54635,3.1131e-19
0.54751,7.6154e-19
0.54868,5.4198e-19
0.54985,5.8577e-19
0.55102,4.548e-20
0.55218,-6.9937e-19
0.55335,-7.8991e-19
0.55452,-9.6465e-19
0.55569,-1.6289e-18
0.55685,-8.4234e-19
0.55802,-1.3626e-18
0.55919,-1.549e-18
0.56035,-1.8211e-18
0.56152,-1.2124e-18
0.56269,-7.3299e-19
0.56386,-1.1161e-20
0.56502,-4.5766e-19
0.56619,-3.7969e-19
0.56736,-8.0192e-19
0.56853,-1.3286e-18
0.56969,-1.7012e-18
0.57086,-1.4916e-18
0.57203,-1.3635e-18
0.5732,-1.9341e-18
0.57436,-2.3902e-18
0.57553,-2.4104e-18
0.5767,-3.0352e-18
0.57787,-2.9676e-18
0.57903,-3.7735e-18
0.5802,-3.689e-18
0.58137,-4.4316e-18
0.58254,-3.8822e-18
0.5837,-3.7846e-18
0.58487,-3.0429e-18
0.58604,-2.205e-18
0.58721,-2.17e-18
0.58837,-1.3268e-18
0.58954,-1.9216e-18
0.59071,-1.3289e-18
0.59187,-6.6381e-19
0.59304,-6.7261e-19
0.59421,-5.6468e-19
0.59538,1.2392e-19
0.59654,8.6376e-19
0.59771,1.2577e-19
0.59888,-5.8985e-20
0.60005,-7.9721e-19
0.60121,-2.2844e-19
0.60238,4.4569e-19
0.60355,8.2821e-20
0.60472,7.8856e-19
0.60588,8.4373e-19
0.60705,4.3089e-19
0.60822,-1.9386e-19
0.60939,4.8494e-19
0.61055,-1.8902e-21
0.61172,-7.3555e-19
0.61289,-1.5641e-18
0.61406,-1.9179e-18
0.61522,-2.1642e-18
0.61639,-1.7844e-18
0.61756,-2.62e-18
0.61873,-2.5544e-18
0.61989,-2.2648e-18
0.62106,-1.8984e-18
0.62223,-1.1446e-18
0.62339,-1.9947e-18
0.62456,-2.7959e-18
0.62573,-2.1775e-18
0.6269,-2.2375e-18
0.62806,-2.925e-18
0.62923,-2.2372e-18
0.6304,-2.6175e-18
0.63157,-1.7976e-18
0.63273,-2.2175e-18
0.6339,-2.5404e-18
0.63507,-3.2099e-18
0.63624,-2.8092e-18
0.6374,-3.2122e-18
0.63857,-3.6252e-18
0.63974,-4.3039e-18
0.64091,-3.504e-18
0.64207,-3.9212e-18
0.64324,-3.3009e-18
0.64441,-3.5391e-18
0.64558,-2.8928e-18
0.64674,-2.6931e-18
0.64791,-2.2067e-18
0.64908,-1.4059e-18
0.65025,-2.0346e-18
0.65141,-1.6899e-18
0.65258,-2.2611e-18
0.65375,-1.9228e-18
0.65491,-2.4893e-18
0.65608,-2.9184e-18
0.65725,-2.5852e-18
0.65842,-2.1231e-18
0.65958,-1.4699e-18
0.66075,-1.0521e-18
0.66192,-2.9139e-19
0.66309,-6.1446e-19
0.66425,-1.1006e-18
0.66542,-1.3077e-18
0.66659,-1.8616e-18
0.66776,-2.1623e-18
0.66892,-2.257e-18
0.67009,-3.0983e-18
0.67126,-2.6078e-18
0.67243,-3.1253e-18
0.67359,-2.6431e-18
0.67476,-2.1891e-18
0.67593,-2.4285e-18
0.6771,-2.4823e-18
0.67826,-2.157e-18
0.67943,-2.2557e-18
0.6806,-1.7318e-18
0.68177,-1.1867e-18
0.68293,-1.8481e-18
0.6841,-1.1289e-18
0.68527,-5.8684e-19
0.68643,-1.7518e-19
0.6876,4.0398e-19
0.68877,1.7078e-19
0.68994,-2.8903e-19
0.6911,-8.6723e-19
0.69227,-1.7076e-18
0.69344,-1.9109e-18
0.69461,-1.7078e-18
0.69577,-1.7632e-18
0.69694,-1.0589e-18
0.69811,-7.0348e-19
0.69928,-4.5029e-19
0.70044,-1.1387e-18
0.70161,-1.6914e-18
0.70278,-1.9132e-18
0.70395,-1.0807e-18
0.70511,-1.4509e-18
0.70628,-1.0773e-18
0.70745,-1.8816e-18
0.70862,-1.21e-18
0.70978,-4.7422e-19
0.71095,-6.046e-19
0.71212,-4.2638e-19
0.71329,3.2026e-19
0.71445,5.254e-19
0.71562,1.2542e-18
0.71679,4.8352e-19
0.71795,-4.8663e-20
0.71912,2.2575e-19
0.72029,8.8005e-19
0.72146,3.9141e-19
0.72262,-3.2582e-19
0.72379,-3.7139e-19
0.72496,-3.6319e-19
0.72613,-6.4792e-19
0.72729,-2.1025e-19
0.72846,-4.7201e-19
0.72963,7.3362e-20
0.7308,-2.7851e-19
0.73196,-1.4739e-19
0.73313,-6.5307e-19
0.7343,-8.807e-19
0.73547,-6.8689e-20
0.73663,-6.9592e-19
0.7378,-3.7775e-19
0.73897,-1.179e-18
0.74014,-1.7431e-18
0.7413,-1.4558e-18
0.74247,-2.274e-18
0.74364,-1.7117e-18
0.74481,-2.4861e-18
0.74597,-2.1915e-18
0.74714,-1.7906e-18
0.74831,-1.336e-18
0.74947,-1.4644e-18
0.75064,-1.8891e-18
0.75181,-1.3241e-18
0.75298,-1.8235e-18
0.75414,-2.3628e-18
0.75531,-2.2619e-18
0.75648,-2.335e-18
0.75765,-2.8205e-18
0.75881,-1.9981e-18
0.75998,-2.5189e-18
0.76115,-1.8144e-18
0.76232,-1.4437e-18
0.76348,-2.1672e-18
0.76465,-2.1109e-18
0.76582,-2.4945e-18
0.76699,-2.7079e-18
0.76815,-3.3549e-18
0.76932,-3.2364e-18
0.77049,-2.6653e-18
0.77166,-3.0077e-18
0.77282,-3.4012e-18
0.77399,-3.2214e-18
0.77516,-3.3723e-18
0.77633,-3.8515e-18
0.77749,-3.5284e-18
0.77866,-3.7396e-18
0.77983,-3.612e-18
0.78099,-4.1894e-18
0.78216,-3.9308e-18
0.78333,-3.9849e-18
0.7845,-4.6667e-18
0.78566,-5.5086e-18
0.78683,-5.5041e-18
0.788,-4.8771e-18
0.78917,-5.1377e-18
0.79033,-4.3453e-18
0.7915,-5.14e-18
0.79267,-5.6111e-18
0.79384,-6.4198e-18
0.795,-6.4581e-18
0.79617,-6.3585e-18
0.79734,-6.1231e-18
0.79851,-5.2782e-18
0.79967,-4.7956e-18
0.80084,-4.3099e-18
0.80201,-3.8473e-18
0.80318,-3.4091e-18
0.80434,-3.9885e-18
0.80551,-4.0682e-18
0.80668,-3.637e-18
0.80784,-2.9445e-18
0.80901,-2.7476e-18
0.81018,-2.6527e-18
0.81135,-2.2255e-18
0.81251,-1.8694e-18
0.81368,-2.3662e-18
0.81485,-2.0408e-18
0.81602,-1.8094e-18
0.81718,-2.4188e-18
0.81835,-2.0295e-18
0.81952,-1.1915e-18
0.82069,-2.0367e-18
0.82185,-1.3432e-18
0.82302,-7.0447e-19
0.82419,-1.1047e-18
0.82536,-2.7129e-19
0.82652,-7.5438e-19
0.82769,-1.1596e-18
0.82886,-4.587e-19
0.83003,-9.2794e-19
0.83119,-1.199e-19
0.83236,-2.8454e-19
0.83353,-1.2428e-19
0.8347,-7.9949e-19
0.83586,-1.0944e-18
0.83703,-1.8776e-18
0.8382,-1.5441e-18
0.83936,-1.8676e-18
0.84053,-1.9603e-18
0.8417,-1.9736e-18
0.84287,-2.0752e-18
0.84403,-1.702e-18
0.8452,-2.1814e-18
0.84637,-2.0317e-18
0.84754,-1.3811e-18
0.8487,-2.0763e-18
0.84987,-2.159e-18
0.85104,-2.8276e-18
0.85221,-3.2676e-18
0.85337,-3.7626e-18
0.85454,-3.0411e-18
0.85571,-3.4234e-18
0.85688,-4.1127e-18
0.85804,-4.4747e-18
0.85921,-4.2023e-18
0.86038,-4.9201e-18
0.86155,-4.5325e-18
0.86271,-4.122e-18
0.86388,-3.3732e-18
0.86505,-3.7862e-18
0.86622,-3.9163e-18
0.86738,-4.1033e-18
0.86855,-4.6561e-18
0.86972,-3.987e-18
0.87088,-3.5737e-18
0.87205,-4.4149e-18
0.87322,-3.6999e-18
0.87439,-3.205e-18
0.87555,-2.4908e-18
0.87672,-3.1528e-18
0.87789,-2.4449e-18
0.87906,-2.873e-18
0.88022,-2.9179e-18
0.88139,-2.8783e-18
0.88256,-2.6115e-18
0.88373,-3.2457e-18
0.88489,-4.045e-18
0.88606,-4.6322e-18
0.88723,-4.4007e-18
0.8884,-4.8343e-18
0.88956,-4.7562e-18
0.89073,-4.2396e-18
0.8919,-3.4746e-18
0.89307,-3.2053e-18
0.89423,-3.8468e-18
0.8954,-3.9562e-18
0.89657,-4.7165e-18
0.89774,-5.0227e-18
0.8989,-4.9835e-18
0.90007,-5.0124e-18
0.90124,-4.3617e-18
0.9024,-4.6491e-18
0.90357,-5.0928e-18
0.90474,-5.5785e-18
0.90591,-4.7833e-18
0.90707,-4.6897e-18
0.90824,-5.2173e-18
0.90941,-5.6269e-18
0.91058,-6.0927e-18
0.91174,-5.4766e-18
0.91291,-6.3148e-18
0.91408,-6.0495e-18
0.91525,-5.5351e-18
0.91641,-4.7312e-18
0.91758,-5.4814e-18
0.91875,-5.0112e-18
0.91992,-5.5408e-18
0.92108,-5.9585e-18
0.92225,-6.4126e-18
0.92342,-6.1585e-18
0.92459,-6.3685e-18
0.92575,-6.0482e-18
0.92692,-5.9575e-18
0.92809,-6.1228e-18
0.92926,-6.5711e-18
0.93042,-6.3277e-18
0.93159,-5.9985e-18
0.93276,-5.4108e-18
0.93392,-5.2863e-18
0.93509,-5.2114e-18
0.93626,-4.8898e-18
0.93743,-5.1391e-18
0.93859,-5.7287e-18
0.93976,-6.3182e-18
0.94093,-6.7084e-18
0.9421,-6.1641e-18
0.94326,-5.7977e-18
0.94443,-6.5651e-18
0.9456,-6.7221e-18
0.94677,-6.2566e-18
0.94793,-6.8964e-18
0.9491,-6.6241e-18
0.95027,-6.3737e-18
0.95144,-6.5495e-18
0.9526,-6.3182e-18
0.95377,-6.2803e-18
0.95494,-6.3669e-18
0.95611,-6.3562e-18
0.95727,-5.9795e-18
0.95844,-5.6258e-18
0.95961,-5.4766e-18
0.96078,-5.1056e-18
0.96194,-4.2597e-18
0.96311,-4.7417e-18
0.96428,-5.294e-18
0.96544,-4.9768e-18
0.96661,-4.7246e-18
0.96778,-4.5662e-18
0.96895,-5.3538e-18
0.97011,-4.8193e-18
0.97128,-5.6109e-18
0.97245,-5.9459e-18
0.97362,-6.0569e-18
0.97478,-6.7436e-18
0.97595,-6.8392e-18
0.97712,-6.7306e-18
0.97829,-5.9798e-18
0.97945,-5.8238e-18
0.98062,-5.5337e-18
0.98179,-5.3018e-18
0.98296,-5.1595e-18
0.98412,-5.3751e-18
0.98529,-5.8566e-18
0.98646,-6.4417e-18
0.98763,-7.0041e-18
0.98879,-7.027e-18
0.98996,-6.8034e-18
0.99113,-6.5786e-18
0.9923,-6.7306e-18
0.99346,-7.4661e-18
0.99463,-7.0834e-18
0.9958,-7.2974e-18
0.99696,-7.9369e-18
0.99813,-8.1268e-18
0.9993,-7.8381e-18
1.0005,-8.3174e-18
1.0016,-8.1437e-18
1.0028,-8.6962e-18
1.004,-9.396e-18
1.0051,-9.2314e-18
1.0063,-8.5771e-18
1.0075,-8.371e-18
1.0086,-8.8232e-18
1.0098,-8.8151e-18
1.011,-8.3808e-18
1.0121,-7.6502e-18
1.0133,-8.2915e-18
1.0145,-7.6229e-18
1.0156,-7.4309e-18
1.0168,-7.7257e-18
1.018,-7.571e-18
1.0191,-7.7015e-18
1.0203,-7.6591e-18
1.0215,-8.1881e-18
1.0226,-7.6725e-18
1.0238,-7.0295e-18
1.025,-6.2737e-18
1.0261,-7.0504e-18
1.0273,-7.6192e-18
1.0285,-7.7318e-18
1.0297,-7.9283e-18
1.0308,-8.1706e-18
1.032,-8.2803e-18
1.0332,-8.3253e-18
1.0343,-8.4105e-18
1.0355,-8.8932e-18
1.0367,-8.1245e-18
1.0378,-7.5385e-18
1.039,-7.2604e-18
1.0402,-7.3615e-18
1.0413,-7.6075e-18
1.0425,-7.5991e-18
1.0437,-8.049e-18
1.0448,-8.6124e-18
1.046,-8.7685e-18
1.0472,-9.3101e-18
1.0483,-9.363e-18
1.0495,-9.7546e-18
1.0507,-9.5989e-18
1.0518,-8.8917e-18
1.053,-8.836e-18
1.0542,-8.1249e-18
1.0553,-7.2904e-18
1.0565,-7.7537e-18
1.0577,-7.9463e-18
1.0588,-7.8878e-18
1.06,-8.0957e-18
1.0612,-8.3996e-18
1.0623,-8.5747e-18
1.0635,-8.6256e-18
1.0647,-8.3164e-18
1.0658,-8.8297e-18
1.067,-8.1399e-18
1.0682,-7.3201e-18
1.0693,-6.8143e-18
1.0705,-6.2694e-18
1.0717,-5.9538e-18
1.0728,-6.0027e-18
1.074,-6.1355e-18
1.0752,-6.1746e-18
1.0763,-6.5088e-18
1.0775,-5.7142e-18
1.0787,-4.9902e-18
1.0799,-5.1363e-18
1.081,-4.9438e-18
1.0822,-5.4844e-18
1.0834,-6.3348e-18
1.0845,-7.1768e-18
1.0857,-7.4285e-18
1.0869,-8.209e-18
1.088,-8.7559e-18
1.0892,-8.4326e-18
1.0904,-8.1052e-18
1.0915,-8.8787e-18
1.0927,-8.2925e-18
1.0939,-7.9259e-18
1.095,-8.1174e-18
1.0962,-7.9593e-18
1.0974,-7.394e-18
1.0985,-7.559e-18
1.0997,-7.3099e-18
1.1009,-6.9181e-18
1.102,-6.5292e-18
1.1032,-6.5416e-18
1.1044,-6.5458e-18
1.1055,-6.9555e-18
1.1067,-7.6059e-18
1.1079,-7.0211e-18
1.109,-7.1833e-18
1.1102,-7.7315e-18
1.1114,-8.3861e-18
1.1125,-8.6546e-18
1.1137,-8.9035e-18
1.1149,-9.3566e-18
1.116,-9.6139e-18
1.1172,-8.934e-18
1.1184,-8.3464e-18
1.1195,-7.9014e-18
1.1207,-8.3126e-18
1.1219,-9.1155e-18
1.123,-8.5978e-18
1.1242,-8.0661e-18
1.1254,-7.6688e-18
1.1265,-8.3541e-18
1.1277,-8.6981e-18
1.1289,-8.8911e-18
1.13,-9.0001e-18
1.1312,-9.3106e-18
1.1324,-9.677e-18
1.1336,-9.2712e-18
1.1347,-9.5453e-18
1.1359,-9.8753e-18
1.1371,-9.9452e-18
1.1382,-9.7549e-18
1.1394,-1.0197e-17
1.1406,-9.889e-18
1.1417,-9.6091e-18
1.1429,-9.9727e-18
1.1441,-9.8887e-18
1.1452,-1.0056e-17
1.1464,-1.0207e-17
1.1476,-9.5583e-18
1.1487,-9.7148e-18
1.1499,-8.9258e-18
1.1511,-9.3901e-18
1.1522,-9.4572e-18
1.1534,-9.1493e-18
1.1546,-8.7464e-18
1.1557,-8.7798e-18
1.1569,-8.5447e-18
1.1581,-8.0131e-18
1.1592,-7.9346e-18
1.1604,-7.8282e-18
1.1616,-8.2478e-18
1.1627,-8.0743e-18
1.1639,-7.4307e-18
1.1651,-6.6864e-18
1.1662,-7.1563e-18
1.1674,-6.3057e-18
1.1686,-6.4063e-18
1.1697,-6.1936e-18
1.1709,-5.606e-18
1.1721,-6.1375e-18
1.1732,-5.5163e-18
1.1744,-5.2476e-18
1.1756,-5.7623e-18
1.1767,-5.2362e-18
1.1779,-5.2641e-18
1.1791,-4.5534e-18
1.1802,-4.9618e-18
1.1814,-5.3701e-18
1.1826,-5.4372e-18
1.1837,-6.0302e-18
1.1849,-5.4034e-18
1.1861,-5.3362e-18
1.1873,-5.4368e-18
1.1884,-5.6829e-18
1.1896,-5.3023e-18
1.1908,-5.817e-18
1.1919,-5.056e-18
1.1931,-4.3844e-18
1.1943,-3.5226e-18
1.1954,-3.4666e-18
1.1966,-3.9701e-18
1.1978,-3.3768e-18
1.1989,-3.9027e-18
1.2001,-3.8019e-18
1.2013,-4.3054e-18
1.2024,-4.9992e-18
1.2036,-5.055e-18
1.2048,-5.0214e-18
1.2059,-5.592e-18
1.2071,-4.775e-18
1.2083,-4.1929e-18
1.2094,-4.1817e-18
1.2106,-5.0209e-18
1.2118,-4.8306e-18
1.2129,-4.159e-18
1.2141,-3.5994e-18
1.2153,-3.991e-18
1.2164,-3.9909e-18
1.2176,-4.7965e-18
1.2188,-4.0914e-18
1.2199,-4.0242e-18
1.2211,-4.5948e-18
1.2223,-4.0463e-18
1.2234,-4.6058e-18
1.2246,-5.3443e-18
1.2258,-5.2099e-18
1.2269,-5.4001e-18
1.2281,-6.0714e-18
1.2293,-6.1833e-18
1.2304,-5.4222e-18
1.2316,-5.2318e-18
1.2328,-5.2206e-18
1.2339,-5.4219e-18
1.2351,-5.0413e-18
1.2363,-5.7239e-18
1.2375,-4.974e-18
1.2386,-5.041e-18
1.2398,-4.3919e-18
1.241,-4.0001e-18
1.2421,-4.0448e-18
1.2433,-4.3244e-18
1.2445,-4.1789e-18
1.2456,-4.0669e-18
1.2468,-3.3282e-18
1.248,-3.6638e-18
1.2491,-3.3392e-18
1.2503,-3.5405e-18
1.2515,-3.0256e-18
1.2526,-2.6898e-18
1.2538,-2.2645e-18
1.255,-2.9806e-18
1.2561,-3.0253e-18
1.2573,-3.0923e-18
1.2585,-3.5846e-18
1.2596,-4.3455e-18
1.2608,-4.905e-18
1.262,-4.0767e-18
1.2631,-4.6138e-18
1.2643,-4.7928e-18
1.2655,-5.0613e-18
1.2666,-4.9045e-18
1.2678,-5.2401e-18
1.269,-4.7924e-18
1.2701,-5.3742e-18
1.2713,-6.1351e-18
1.2725,-5.7322e-18
1.2736,-5.6873e-18
1.2748,-4.9934e-18
1.276,-5.0381e-18
1.2771,-4.3217e-18
1.2783,-3.9635e-18
1.2795,-4.053e-18
1.2806,-4.5005e-18
1.2818,-4.7914e-18
1.283,-5.127e-18
1.2841,-4.5898e-18
1.2853,-4.9478e-18
1.2865,-5.8206e-18
1.2876,-5.7533e-18
1.2888,-5.7756e-18
1.29,-6.2008e-18
1.2912,-5.4621e-18
1.2923,-5.6634e-18
1.2935,-5.7305e-18
1.2947,-6.2004e-18
1.2958,-6.4241e-18
1.297,-6.5136e-18
1.2982,-5.9763e-18
1.2993,-6.7372e-18
1.3005,-6.2895e-18
1.3017,-6.267e-18
1.3028,-6.155e-18
1.304,-6.9383e-18
1.3052,-6.5801e-18
1.3063,-7.0052e-18
1.3075,-6.5799e-18
1.3087,-6.7812e-18
1.3098,-6.9826e-18
1.311,-7.4077e-18
1.3122,-6.6243e-18
1.3133,-6.557e-18
1.3145,-5.7288e-18
1.3157,-6.4449e-18
1.3168,-7.2506e-18
1.318,-7.1834e-18
1.3192,-6.7132e-18
1.3203,-6.1536e-18
1.3215,-5.4373e-18
1.3227,-5.7729e-18
1.3238,-5.9071e-18
1.325,-5.2356e-18
1.3262,-5.5041e-18
1.3273,-5.6159e-18
1.3285,-5.101e-18
1.3297,-4.4966e-18
1.3308,-3.7803e-18
1.332,-4.0264e-18
1.3332,-3.1534e-18
1.3343,-3.4443e-18
1.3355,-3.7351e-18
1.3367,-3.086e-18
1.3378,-3.6902e-18
1.339,-3.9363e-18
1.3402,-3.6452e-18
1.3413,-3.2647e-18
1.3425,-3.3317e-18
1.3437,-2.593e-18
1.3449,-2.9734e-18
1.346,-2.9062e-18
1.3472,-3.2866e-18
1.3484,-3.3089e-18
1.3495,-3.9578e-18
1.3507,-3.443e-18
1.3519,-3.8681e-18
1.353,-2.9951e-18
1.3542,-2.8831e-18
1.3554,-3.5321e-18
1.3565,-3.6439e-18
1.3577,-3.0843e-18
1.3589,-3.5095e-18
1.36,-3.1289e-18
1.3612,-3.0169e-18
1.3624,-2.6811e-18
1.3635,-3.2405e-18
1.3647,-3.6657e-18
1.3659,-3.3746e-18
1.367,-3.3969e-18
1.3682,-3.0611e-18
1.3694,-3.2624e-18
1.3705,-2.658e-18
1.3717,-2.9489e-18
1.3729,-2.2997e-18
1.374,-1.9191e-18
1.3752,-1.7176e-18
1.3764,-1.2923e-18
1.3775,-1.225e-18
1.3787,-4.4156e-19
1.3799,-1.9526e-19
1.381,-6.2042e-19
1.3822,-2.3984e-19
1.3834,-1.726e-19
1.3845,-5.9776e-19
1.3857,-4.8576e-19
1.3869,-8.214e-19
1.388,-1.1123e-18
1.3892,-1.1793e-18
1.3904,-1.694e-18
1.3915,-1.4477e-18
1.3927,-1.0671e-18
1.3939,-5.0749e-19
1.3951,3.2073e-19
1.3962,8.3561e-19
1.3974,8.5809e-19
1.3986,1.2834e-18
1.3997,7.2398e-19
1.4009,1.5522e-18
1.4021,1.2166e-18
1.4032,2.1343e-18
1.4044,2.2911e-18
1.4056,2.1345e-18
1.4067,2.8284e-18
1.4079,2.1347e-18
1.4091,1.5305e-18
1.4102,2.3587e-18
1.4114,2.5155e-18
1.4126,3.2094e-18
1.4137,3.5452e-18
1.4149,3.881e-18
1.4161,3.7692e-18
1.4172,4.1946e-18
1.4184,3.4113e-18
1.4196,3.1204e-18
1.4207,3.5905e-18
1.4219,3.7473e-18
1.4231,3.725e-18
1.4242,4.1504e-18
1.4254,3.3671e-18
1.4266,4.061e-18
1.4277,4.934e-18
1.4289,5.0908e-18
1.4301,5.7847e-18
1.4312,5.5386e-18
1.4324,5.6059e-18
1.4336,6.1655e-18
1.4347,5.6508e-18
1.4359,4.9571e-18
1.4371,5.7853e-18
1.4382,5.3154e-18
1.4394,5.7855e-18
1.4406,4.8231e-18
1.4417,5.1142e-18
1.4429,4.3309e-18
1.4441,3.7267e-18
1.4452,4.4654e-18
1.4464,4.6669e-18
1.4476,4.6894e-18
1.4488,4.9805e-18
1.4499,5.2715e-18
1.4511,4.9359e-18
1.4523,5.2269e-18
1.4534,5.3389e-18
1.4546,4.9138e-18
1.4558,4.9363e-18
1.4569,5.5854e-18
1.4581,5.2498e-18
1.4593,4.6456e-18
1.4604,5.0262e-18
1.4616,5.0486e-18
1.4628,4.4444e-18
1.4639,3.8402e-18
1.4651,4.1313e-18
1.4663,3.6166e-18
1.4674,2.9228e-18
1.4686,2.7662e-18
1.4698,2.2515e-18
1.4709,1.5578e-18
1.4721,9.5358e-19
1.4733,1.4237e-18
1.4744,1.3566e-18
1.4756,1.4686e-18
1.4768,1.4016e-18
1.4779,1.6031e-18
1.4791,2.1628e-18
1.4803,2.1852e-18
1.4814,2.2077e-18
1.4826,2.0511e-18
1.4838,1.8946e-18
1.4849,1.3799e-18
1.4861,1.2233e-18
1.4873,9.7718e-19
1.4884,4.6249e-19
1.4896,-1.4173e-19
1.4908,-3.8784e-19
1.4919,-9.6783e-20
1.4931,3.7333e-19
1.4943,6.6439e-19
1.4954,1.5821e-18
1.4966,2.3208e-18
1.4978,2.7014e-18
1.4989,3.3506e-18
1.5001,3.9998e-18
1.5013,4.5594e-18
1.5025,4.2238e-18
1.5036,4.5148e-18
1.5048,4.9849e-18
1.506,4.8284e-18
1.5071,4.3137e-18
1.5083,4.1571e-18
1.5095,4.8958e-18
1.5106,5.4554e-18
1.5118,5.1198e-18
1.513,5.3213e-18
1.5141,5.4333e-18
1.5153,5.9034e-18
1.5165,6.0154e-18
1.5176,6.0379e-18
1.5188,5.7918e-18
1.52,5.9933e-18
1.5211,6.1949e-18
1.5223,6.5755e-18
1.5235,7.4932e-18
1.5246,7.5157e-18
1.5258,7.5382e-18
1.527,7.3816e-18
1.5281,6.6878e-18
1.5293,6.7998e-18
1.5305,6.8223e-18
1.5316,7.2924e-18
1.5328,6.6882e-18
1.534,6.3526e-18
1.5351,5.8379e-18
1.5363,4.8755e-18
1.5375,4.2713e-18
1.5386,3.5776e-18
1.5398,3.2419e-18
1.541,3.2644e-18
1.5421,4.0926e-18
1.5433,4.9209e-18
1.5445,4.9433e-18
1.5456,5.682e-18
1.5468,5.794e-18
1.548,6.2642e-18
1.5491,6.5552e-18
1.5503,6.1301e-18
1.5515,6.2421e-18
1.5527,6.9808e-18
1.5538,7.1823e-18
1.555,7.5629e-18
1.5562,8.3016e-18
1.5573,9.2193e-18
1.5585,8.8837e-18
1.5597,8.9062e-18
1.5608,8.9286e-18
1.562,9.6673e-18
1.5632,8.4364e-18
1.5643,9.5332e-18
1.5655,1.063e-17
1.5667,1.0653e-17
1.5678,1.1212e-17
1.569,1.1593e-17
1.5702,1.1973e-17
1.5713,1.1459e-17
1.5725,1.166e-17
1.5737,1.1504e-17
1.5748,1.1526e-17
1.576,1.119e-17
1.5772,1.0497e-17
1.5783,1.0161e-17
1.5795,1.09e-17
1.5807,1.1817e-17
1.5818,1.2556e-17
1.583,1.24e-17
1.5842,1.2243e-17
1.5853,1.2265e-17
1.5865,1.2646e-17
1.5877,1.3385e-17
1.5888,1.3586e-17
1.59,1.3609e-17
1.5912,1.3631e-17
1.5923,1.4012e-17
1.5935,1.4213e-17
1.5947,1.3878e-17
1.5958,1.3363e-17
1.597,1.2311e-17
1.5982,1.305e-17
1.5993,1.1998e-17
1.6005,1.1304e-17
1.6017,1.2401e-17
1.6028,1.1886e-17
1.604,1.173e-17
1.6052,1.2289e-17
1.6064,1.1954e-17
1.6075,1.2334e-17
1.6087,1.3431e-17
1.6099,1.417e-17
1.611,1.4909e-17
1.6122,1.5647e-17
1.6134,1.6207e-17
1.6145,1.5692e-17
1.6157,1.5715e-17
1.6169,1.5558e-17
1.618,1.576e-17
1.6192,1.6856e-17
1.6204,1.6521e-17
1.6215,1.5827e-17
1.6227,1.585e-17
1.6239,1.5335e-17
1.625,1.5357e-17
1.6262,1.4843e-17
1.6274,1.4328e-17
1.6285,1.4171e-17
1.6297,1.3836e-17
1.6309,1.4395e-17
1.632,1.4239e-17
1.6332,1.4619e-17
1.6344,1.3568e-17
1.6355,1.3411e-17
1.6367,1.3613e-17
1.6379,1.3456e-17
1.639,1.4016e-17
1.6402,1.3501e-17
1.6414,1.3344e-17
1.6425,1.2292e-17
1.6437,1.2136e-17
1.6449,1.2516e-17
1.646,1.3255e-17
1.6472,1.3457e-17
1.6484,1.3658e-17
1.6495,1.386e-17
1.6507,1.424e-17
1.6519,1.4442e-17
1.653,1.5897e-17
1.6542,1.4487e-17
1.6554,1.5942e-17
1.6565,1.668e-17
1.6577,1.7419e-17
1.6589,1.8158e-17
1.6601,1.818e-17
1.6612,1.7845e-17
1.6624,1.9658e-17
1.6636,1.9501e-17
1.6647,1.8628e-17
1.6659,1.9009e-17
1.6671,1.8673e-17
1.6682,1.798e-17
1.6694,1.6032e-17
1.6706,1.6055e-17
1.6717,1.5898e-17
1.6729,1.7532e-17
1.6741,1.8629e-17
1.6752,1.901e-17
1.6764,1.8316e-17
1.6776,1.798e-17
1.6787,1.8719e-17
1.6799,1.91e-17
1.6811,1.8764e-17
1.6822,1.8786e-17
1.6834,1.9167e-17
1.6846,1.8831e-17
1.6857,1.8496e-17
1.6869,1.9234e-17
1.6881,1.9973e-17
1.6892,1.9996e-17
1.6904,2.0376e-17
1.6916,2.0757e-17
1.6927,2.0779e-17
1.6939,2.116e-17
1.6951,2.154e-17
1.6962,2.0847e-17
1.6974,2.1585e-17
1.6986,2.2682e-17
1.6997,2.3421e-17
1.7009,2.3801e-17
1.7021,2.454e-17
1.7032,2.4563e-17
1.7044,2.5301e-17
1.7056,2.5682e-17
1.7067,2.4988e-17
1.7079,2.4294e-17
1.7091,2.2884e-17
1.7102,2.4339e-17
1.7114,2.4004e-17
1.7126,2.4384e-17
1.7138,2.3691e-17
1.7149,2.3355e-17
1.7161,2.4452e-17
1.7173,2.4474e-17
1.7184,2.5213e-17
1.7196,2.5235e-17
1.7208,2.5974e-17
1.7219,2.6355e-17
1.7231,2.6377e-17
1.7243,2.64e-17
1.7254,2.6422e-17
1.7266,2.5728e-17
1.7278,2.5393e-17
1.7289,2.5057e-17
1.7301,2.4721e-17
1.7313,2.5102e-17
1.7324,2.5124e-17
1.7336,2.5505e-17
1.7348,2.5886e-17
1.7359,2.6266e-17
1.7371,2.5931e-17
1.7383,2.7027e-17
1.7394,2.7766e-17
1.7406,2.7789e-17
1.7418,2.9243e-17
1.7429,2.8908e-17
1.7441,2.893e-17
1.7453,3.0027e-17
1.7464,2.9691e-17
1.7476,2.9356e-17
1.7488,3.0453e-17
1.7499,3.0833e-17
1.7511,3.0498e-17
1.7523,3.0878e-17
1.7534,3.1975e-17
1.7546,3.2356e-17
1.7558,3.3094e-17
1.7569,3.3833e-17
1.7581,3.3855e-17
1.7593,3.3878e-17
1.7604,3.4975e-17
1.7616,3.5355e-17
1.7628,3.5378e-17
1.764,3.5042e-17
1.7651,3.6139e-17
1.7663,3.5803e-17
1.7675,3.6721e-17
1.7686,3.549e-17
1.7698,3.5155e-17
1.771,3.5714e-17
1.7721,3.5199e-17
1.7733,3.5401e-17
1.7745,3.5961e-17
1.7756,3.5804e-17
1.7768,3.5289e-17
1.778,3.4775e-17
1.7791,3.4618e-17
1.7803,3.4641e-17
1.7815,3.4842e-17
1.7826,3.5402e-17
1.7838,3.632e-17
1.785,3.7058e-17
1.7861,3.726e-17
1.7873,3.7461e-17
1.7885,3.8737e-17
1.7896,3.8939e-17
1.7908,3.8782e-17
1.792,3.9342e-17
1.7931,3.8827e-17
1.7943,3.9924e-17
1.7955,4.0125e-17
1.7966,4.1401e-17
1.7978,4.1424e-17
1.799,4.1267e-17
1.8001,4.1827e-17
1.8013,4.2028e-17
1.8025,4.3304e-17
1.8036,4.3864e-17
1.8048,4.4244e-17
1.806,4.4267e-17
1.8071,4.4827e-17
1.8083,4.467e-17
1.8095,4.4692e-17
1.8106,4.4715e-17
1.8118,4.5095e-17
1.813,4.5118e-17
1.8141,4.6215e-17
1.8153,4.6416e-17
1.8165,4.626e-17
1.8177,4.5745e-17
1.8188,4.4693e-17
1.82,4.5074e-17
1.8212,4.5812e-17
1.8223,4.6372e-17
1.8235,4.6753e-17
1.8247,4.8029e-17
1.8258,4.8051e-17
1.827,4.8253e-17
1.8282,4.7201e-17
1.8293,4.7223e-17
1.8305,4.8499e-17
1.8317,4.9238e-17
1.8328,4.9797e-17
1.834,5.0357e-17
1.8352,5.0738e-17
1.8363,5.1118e-17
1.8375,5.1857e-17
1.8387,5.1163e-17
1.8398,5.2081e-17
1.841,5.1029e-17
1.8422,5.1589e-17
1.8433,5.2327e-17
1.8445,5.1992e-17
1.8457,5.2551e-17
1.8468,5.2395e-17
1.848,5.2954e-17
1.8492,5.3872e-17
1.8503,5.3716e-17
1.8515,5.3559e-17
1.8527,5.394e-17
1.8538,5.3962e-17
1.855,5.3626e-17
1.8562,5.3112e-17
1.8573,5.2597e-17
1.8585,5.2082e-17
1.8597,5.121e-17
1.8608,5.0337e-17
1.862,5.0717e-17
1.8632,5.1993e-17
1.8643,5.2374e-17
1.8655,5.2217e-17
1.8667,5.2061e-17
1.8678,5.1188e-17
1.869,5.1747e-17
1.8702,5.1949e-17
1.8714,5.1434e-17
1.8725,5.1815e-17
1.8737,5.1479e-17
1.8749,5.1323e-17
1.876,5.1166e-17
1.8772,5.1368e-17
1.8784,5.1748e-17
1.8795,5.1413e-17
1.8807,5.1435e-17
1.8819,5.1458e-17
1.883,5.1838e-17
1.8842,5.1861e-17
1.8854,5.1704e-17
1.8865,5.2264e-17
1.8877,5.3181e-17
1.8889,5.3383e-17
1.89,5.4301e-17
1.8912,5.307e-17
1.8924,5.3629e-17
1.8935,5.3473e-17
1.8947,5.3137e-17
1.8959,5.2802e-17
1.897,5.3003e-17
1.8982,5.2488e-17
1.8994,5.3048e-17
1.9005,5.325e-17
1.9017,5.2377e-17
1.9029,5.2041e-17
1.904,5.1885e-17
1.9052,5.137e-17
1.9064,5.175e-17
1.9075,5.1057e-17
1.9087,5.09e-17
1.9099,5.146e-17
1.911,5.0945e-17
1.9122,5.1684e-17
1.9134,5.1348e-17
1.9145,5.1012e-17
1.9157,5.1214e-17
1.9169,5.1057e-17
1.918,5.2154e-17
1.9192,5.1819e-17
1.9204,5.2378e-17
1.9216,5.2848e-17
1.9227,5.296e-17
1.9239,5.2714e-17
1.9251,0.00087508
1.9262,0.0018855
1.9274,0.002339
1.9286,0.0029011
1.9297,0.00399
1.9309,0.0053748
1.9321,0.0070637
1.9332,0.0091159
1.9344,0.011198
1.9356,0.013163
1.9367,0.015258
1.9379,0.01755
1.9391,0.019925
1.9402,0.022458
1.9414,0.025243
1.9426,0.028115
1.9437,0.030905
1.9449,0.03365
1.9461,0.036432
1.9472,0.039299
1.9484,0.042351
1.9496,0.04567
1.9507,0.049199
1.9519,0.052825
1.9531,0.056439
1.9542,0.059952
1.9554,0.063381
1.9566,0.066862
1.9577,0.070514
1.9589,0.07434
1.9601,0.07828
1.9612,0.082267
1.9624,0.08626
1.9636,0.090264
1.9647,0.094336
1.9659,0.098515
1.9671,0.1028
1.9682,0.10716
1.9694,0.11158
1.9706,0.11606
1.9717,0.1206
1.9729,0.12522
1.9741,0.12988
1.9753,0.13456
1.9764,0.13926
1.9776,0.14402
1.9788,0.1489
1.9799,0.15393
1.9811,0.15904
1.9823,0.16419
1.9834,0.16933
1.9846,0.17449
1.9858,0.17969
1.9869,0.18497
1.9881,0.19037
1.9893,0.19587
1.9904,0.20142
1.9916,0.20697
1.9928,0.21254
1.9939,0.21819
1.9951,0.22395
1.9963,0.22984
1.9974,0.23582
1.9986,0.24185
1.9998,0.24791
2.0009,0.25401
2.0021,0.26015
2.0033,0.26635
2.0044,0.27262
2.0056,0.27898
2.0068,0.28542
2.0079,0.29193
2.0091,0.2985
2.0103,0.30515
2.0114,0.31187
2.0126,0.31866
2.0138,0.32552
2.0149,0.33243
2.0161,0.33939
2.0173,0.3464
2.0184,0.35344
2.0196,0.36053
2.0208,0.36769
2.0219,0.37491
2.0231,0.38221
2.0243,0.38958
2.0254,0.39701
2.0266,0.40449
2.0278,0.41202
2.029,0.41958
2.0301,0.42717
2.0313,0.4348
2.0325,0.44247
2.0336,0.45018
2.0348,0.45793
2.036,0.46571
2.0371,0.47352
2.0383,0.48137
2.0395,0.48926
2.0406,0.49721
2.0418,0.50521
2.043,0.51325
2.0441,0.52131
2.0453,0.52937
2.0465,0.53744
2.0476,0.54554
2.0488,0.55369
2.05,0.56188
2.0511,0.57011
2.0523,0.57836
2.0535,0.58661
2.0546,0.59486
2.0558,0.60313
2.057,0.61141
2.0581,0.61972
2.0593,0.62805
2.0605,0.63638
2.0616,0.64471
2.0628,0.65303
2.064,0.66136
2.0651,0.66971
2.0663,0.6781
2.0675,0.68651
2.0686,0.69494
2.0698,0.70338
2.071,0.71184
2.0721,0.7203
2.0733,0.72876
2.0745,0.73721
2.0756,0.74565
2.0768,0.75408
2.078,0.76251
2.0792,0.77094
2.0803,0.77937
2.0815,0.78781
2.0827,0.79624
2.0838,0.80466
2.085,0.81307
2.0862,0.82148
2.0873,0.82989
2.0885,0.83829
2.0897,0.84668
2.0908,0.85506
2.092,0.86341
2.0932,0.87174
2.0943,0.88006
2.0955,0.88836
2.0967,0.89667
2.0978,0.90496
2.099,0.91323
2.1002,0.92148
2.1013,0.92969
2.1025,0.93788
2.1037,0.94606
2.1048,0.95421
2.106,0.96235
2.1072,0.97046
2.1083,0.97853
2.1095,0.98655
2.1107,0.99453
2.1118,1.0025
2.113,1.0104
2.1142,1.0183
2.1153,1.0261
2.1165,1.0339
2.1177,1.0417
2.1188,1.0493
2.12,1.0569
2.1212,1.0645
2.1223,1.072
2.1235,1.0794
2.1247,1.0867
2.1258,1.0939
2.127,1.101
2.1282,1.108
2.1293,1.115
2.1305,1.1219
2.1317,1.1288
2.1329,1.1355
2.134,1.1422
2.1352,1.1487
2.1364,1.1552
2.1375,1.1617
2.1387,1.1681
2.1399,1.1745
2.141,1.1809
2.1422,1.1872
2.1434,1.1935
2.1445,1.1997
2.1457,1.2059
2.1469,1.212
2.148,1.2182
2.1492,1.2243
2.1504,1.2304
2.1515,1.2363
2.1527,1.2423
2.1539,1.2481
2.155,1.254
2.1562,1.2599
2.1574,1.2657
2.1585,1.2715
2.1597,1.2773
2.1609,1.2831
2.162,1.2888
2.1632,1.2945
2.1644,1.3002
2.1655,1.3059
2.1667,1.3115
2.1679,1.3171
2.169,1.3226
2.1702,1.3282
2.1714,1.3337
2.1725,1.3392
2.1737,1.3447
2.1749,1.3501
2.176,1.3556
2.1772,1.361
2.1784,1.3664
2.1795,1.3718
2.1807,1.3771
2.1819,1.3824
2.183,1.3877
2.1842,1.393
2.1854,1.3983
2.1866,1.4035
2.1877,1.4087
2.1889,1.414
2.1901,1.4191
2.1912,1.4243
2.1924,1.4294
2.1936,1.4346
2.1947,1.4397
2.1959,1.4448
2.1971,1.4499
2.1982,1.4549
2.1994,1.46
2.2006,1.465
2.2017,1.4701
2.2029,1.4751
2.2041,1.4801
2.2052,1.485
2.2064,1.49
2.2076,1.495
2.2087,1.4999
2.2099,1.5048
2.2111,1.5097
2.2122,1.5145
2.2134,1.5194
2.2146,1.5242
2.2157,1.5291
2.2169,1.5339
2.2181,1.5387
2.2192,1.5435
2.2204,1.5483
2.2216,1.5531
2.2227,1.5579
2.2239,1.5626
2.2251,1.5674
2.2262,1.5721
2.2274,1.5767
2.2286,1.5814
2.2297,1.5861
2.2309,1.5907
2.2321,1.5954
2.2332,1.6
2.2344,1.6047
2.2356,1.6093
2.2367,1.6139
2.2379,1.6185
2.2391,1.6231
2.2403,1.6277
2.2414,1.6323
2.2426,1.6368
2.2438,1.6414
2.2449,1.6459
2.2461,1.6504
2.2473,1.6549
2.2484,1.6594
2.2496,1.6639
2.2508,1.6684
2.2519,1.6729
2.2531,1.6773
2.2543,1.6818
2.2554,1.6862
2.2566,1.6906
2.2578,1.6951
2.2589,1.6995
2.2601,1.7039
2.2613,1.7083
2.2624,1.7126
2.2636,1.717
2.2648,1.7214
2.2659,1.7257
2.2671,1.7301
2.2683,1.7344
2.2694,1.7387
2.2706,1.7431
2.2718,1.7474
2.2729,1.7517
2.2741,1.756
2.2753,1.7603
2.2764,1.7645
2.2776,1.7688
2.2788,1.7731
2.2799,1.7773
2.2811,1.7816
2.2823,1.7858
2.2834,1.79
2.2846,1.7942
2.2858,1.7984
2.2869,1.8026
2.2881,1.8068
2.2893,1.811
2.2905,1.8151
2.2916,1.8193
2.2928,1.8235
2.294,1.8276
2.2951,1.8318
2.2963,1.8359
2.2975,1.8401
2.2986,1.8442
2.2998,1.8483
2.301,1.8524
2.3021,1.8565
2.3033,1.8606
2.3045,1.8647
2.3056,1.8688
2.3068,1.8729
2.308,1.8769
2.3091,1.881
2.3103,1.885
2.3115,1.8891
2.3126,1.8931
2.3138,1.8972
2.315,1.9012
2.3161,1.9052
2.3173,1.9092
2.3185,1.9132
2.3196,1.9172
2.3208,1.9212
2.322,1.9252
2.3231,1.9292
2.3243,1.9331
2.3255,1.9371
2.3266,1.9411
2.3278,1.945
2.329,1.949
2.3301,1.9529
2.3313,1.9569
2.3325,1.9608
2.3336,1.9647
2.3348,1.9686
2.336,1.9725
2.3371,1.9764
2.3383,1.9803
2.3395,1.9842
2.3406,1.9881
2.3418,1.992
2.343,1.9959
2.3442,1.9998
2.3453,2.0036
2.3465,2.0075
2.3477,2.0113
2.3488,2.0152
2.35,2.019
2.3512,2.0229
2.3523,2.0267
2.3535,2.0305
2.3547,2.0344
2.3558,2.0382
2.357,2.042
2.3582,2.0458
2.3593,2.0496
2.3605,2.0534
2.3617,2.0571
2.3628,2.0609
2.364,2.0647
2.3652,2.0685
2.3663,2.0723
2.3675,2.076
2.3687,2.0798
2.3698,2.0836
2.371,2.0873
2.3722,2.0911
2.3733,2.0948
2.3745,2.0986
2.3757,2.1023
2.3768,2.106
2.378,2.1097
2.3792,2.1134
2.3803,2.1171
2.3815,2.1208
2.3827,2.1245
2.3838,2.1282
2.385,2.1319
2.3862,2.1356
2.3873,2.1393
2.3885,2.1429
2.3897,2.1466
2.3908,2.1503
2.392,2.154
2.3932,2.1576
2.3943,2.1613
2.3955,2.1649
2.3967,2.1686
2.3979,2.1722
2.399,2.1759
2.4002,2.1795
2.4014,2.1831
2.4025,2.1867
2.4037,2.1904
2.4049,2.194
2.406,2.1976
2.4072,2.2012
2.4084,2.2048
2.4095,2.2084
2.4107,2.212
2.4119,2.2156
2.413,2.2192
2.4142,2.2228
2.4154,2.2263
2.4165,2.2299
2.4177,2.2335
2.4189,2.237
2.42,2.2406
2.4212,2.2442
2.4224,2.2477
2.4235,2.2513
2.4247,2.2548
2.4259,2.2584
2.427,2.2619
2.4282,2.2654
2.4294,2.269
2.4305,2.2725
2.4317,2.276
2.4329,2.2796
2.434,2.2831
2.4352,2.2866
2.4364,2.2901
2.4375,2.2936
2.4387,2.2971
2.4399,2.3006
2.441,2.3041
2.4422,2.3076
2.4434,2.311
2.4445,2.3145
2.4457,2.318
2.4469,2.3215
2.4481,2.325
2.4492,2.3284
2.4504,2.3319
2.4516,2.3354
2.4527,2.3388
2.4539,2.3422
2.4551,2.3457
2.4562,2.3491
2.4574,2.3526
2.4586,2.356
2.4597,2.3595
2.4609,2.3629
2.4621,2.3663
2.4632,2.3698
2.4644,2.3732
2.4656,2.3766
2.4667,2.38
2.4679,2.3835
2.4691,2.3869
2.4702,2.3903
2.4714,2.3937
2.4726,2.3971
2.4737,2.4005
2.4749,2.4039
2.4761,2.4073
2.4772,2.4106
2.4784,2.414
2.4796,2.4174
2.4807,2.4208
2.4819,2.4242
2.4831,2.4275
2.4842,2.4309
2.4854,2.4343
2.4866,2.4376
2.4877,2.441
2.4889,2.4443
2.4901,2.4477
2.4912,2.451
2.4924,2.4544
2.4936,2.4577
2.4947,2.4611
2.4959,2.4644
2.4971,2.4678
2.4982,2.4711
2.4994,2.4744
2.5006,2.4778
2.5018,2.4811
2.5029,2.4844
2.5041,2.4877
2.5053,2.4911
2.5064,2.4944
2.5076,2.4977
2.5088,2.501
2.5099,2.5043
2.5111,2.5076
2.5123,2.5109
2.5134,2.5142
2.5146,2.5175
2.5158,2.5207
2.5169,2.524
2.5181,2.5273
2.5193,2.5306
2.5204,2.5339
2.5216,2.5372
2.5228,2.5404
2.5239,2.5437
2.5251,2.547
2.5263,2.5502
2.5274,2.5535
2.5286,2.5568
2.5298,2.56
2.5309,2.5633
2.5321,2.5665
2.5333,2.5698
2.5344,2.573
2.5356,2.5763
2.5368,2.5795
2.5379,2.5828
2.5391,2.586
2.5403,2.5892
2.5414,2.5925
2.5426,2.5957
2.5438,2.5989
2.5449,2.6021
2.5461,2.6053
2.5473,2.6086
2.5484,2.6118
2.5496,2.615
2.5508,2.6182
2.5519,2.6214
2.5531,2.6246
2.5543,2.6278
2.5555,2.631
2.5566,2.6342
2.5578,2.6374
2.559,2.6406
2.5601,2.6438
2.5613,2.647
2.5625,2.6502
2.5636,2.6534
2.5648,2.6566
2.566,2.6597
2.5671,2.6629
2.5683,2.6661
2.5695,2.6693
2.5706,2.6724
2.5718,2.6756
2.573,2.6788
2.5741,2.6819
2.5753,2.6851
2.5765,2.6883
2.5776,2.6914
2.5788,2.6946
2.58,2.6977
2.5811,2.7009
2.5823,2.704
2.5835,2.7071
2.5846,2.7103
2.5858,2.7134
2.587,2.7166
2.5881,2.7197
2.5893,2.7229
2.5905,2.726
2.5916,2.7291
2.5928,2.7323
2.594,2.7354
2.5951,2.7385
2.5963,2.7416
2.5975,2.7448
2.5986,2.7479
2.5998,2.751
2.601,2.7541
2.6021,2.7572
2.6033,2.7603
2.6045,2.7634
2.6057,2.7665
2.6068,2.7696
2.608,2.7727
2.6092,2.7758
2.6103,2.7789
2.6115,2.782
2.6127,2.7851
2.6138,2.7882
2.615,2.7913
2.6162,2.7944
2.6173,2.7974
2.6185,2.8005
2.6197,2.8036
2.6208,2.8067
2.622,2.8098
2.6232,2.8128
2.6243,2.8159
2.6255,2.819
2.6267,2.822
2.6278,2.8251
2.629,2.8282
2.6302,2.8312
2.6313,2.8343
2.6325,2.8374
2.6337,2.8404
2.6348,2.8435
2.636,2.8465
2.6372,2.8496
2.6383,2.8526
2.6395,2.8557
2.6407,2.8587
2.6418,2.8617
2.643,2.8648
2.6442,2.8678
2.6453,2.8709
2.6465,2.8739
2.6477,2.8769
2.6488,2.88
2.65,2.883
2.6512,2.886
2.6523,2.889
2.6535,2.8921
2.6547,2.8951
2.6558,2.8981
2.657,2.9011
2.6582,2.9042
2.6594,2.9072
2.6605,2.9102
2.6617,2.9132
2.6629,2.9162
2.664,2.9192
2.6652,2.9222
2.6664,2.9252
2.6675,2.9282
2.6687,2.9312
2.6699,2.9342
2.671,2.9372
2.6722,2.9402
2.6734,2.9432
2.6745,2.9462
2.6757,2.9492
2.6769,2.9522
2.678,2.9552
2.6792,2.9581
2.6804,2.9611
2.6815,2.9641
2.6827,2.9671
2.6839,2.9701
2.685,2.9731
2.6862,2.976
2.6874,2.979
2.6885,2.982
2.6897,2.985
2.6909,2.9879
2.692,2.9909
2.6932,2.9939
2.6944,2.9968
2.6955,2.9998
2.6967,3.0027
2.6979,3.0057
2.699,3.0087
2.7002,3.0116
2.7014,3.0146
2.7025,3.0175
2.7037,3.0205
2.7049,3.0234
2.706,3.0264
2.7072,3.0293
2.7084,3.0322
2.7095,3.0352
2.7107,3.0381
2.7119,3.0411
2.7131,3.044
2.7142,3.0469
2.7154,3.0499
2.7166,3.0528
2.7177,3.0557
2.7189,3.0587
2.7201,3.0616
2.7212,3.0645
2.7224,3.0675
2.7236,3.0704
2.7247,3.0733
2.7259,3.0762
2.7271,3.0791
2.7282,3.0821
2.7294,3.085
2.7306,3.0879
2.7317,3.0908
2.7329,3.0937
2.7341,3.0966
2.7352,3.0995
2.7364,3.1024
2.7376,3.1053
2.7387,3.1082
2.7399,3.1111
2.7411,3.114
2.7422,3.1169
2.7434,3.1198
2.7446,3.1227
2.7457,3.1256
2.7469,3.1285
2.7481,3.1314
2.7492,3.1343
2.7504,3.1372
2.7516,3.1401
2.7527,3.143
2.7539,3.1459
2.7551,3.1488
2.7562,3.1516
2.7574,3.1545
2.7586,3.1574
2.7597,3.1603
2.7609,3.1632
2.7621,3.166
2.7633,3.1689
2.7644,3.1718
2.7656,3.1747
2.7668,3.1775
2.7679,3.1804
2.7691,3.1833
2.7703,3.1861
2.7714,3.189
2.7726,3.1918
2.7738,3.1947
2.7749,3.1976
2.7761,3.2004
2.7773,3.2033
2.7784,3.2061
2.7796,3.209
2.7808,3.2118
2.7819,3.2147
2.7831,3.2176
2.7843,3.2204
2.7854,3.2233
2.7866,3.2261
2.7878,3.229
2.7889,3.2318
2.7901,3.2347
2.7913,3.2375
2.7924,3.2403
2.7936,3.2432
2.7948,3.246
2.7959,3.2488
2.7971,3.2517
2.7983,3.2545
2.7994,3.2574
2.8006,3.2602
2.8018,3.263
2.8029,3.2658
2.8041,3.2687
2.8053,3.2715
2.8064,3.2743
2.8076,3.2771
2.8088,3.28
2.8099,3.2828
2.8111,3.2856
2.8123,3.2884
2.8134,3.2912
2.8146,3.294
2.8158,3.2969
2.817,3.2997
2.8181,3.3025
2.8193,3.3053
2.8205,3.3081
2.8216,3.3109
2.8228,3.3137
2.824,3.3166
2.8251,3.3194
2.8263,3.3222
2.8275,3.325
2.8286,3.3278
2.8298,3.3306
2.831,3.3334
2.8321,3.3362
2.8333,3.3389
2.8345,3.3417
2.8356,3.3445
2.8368,3.3473
2.838,3.3501
2.8391,3.3529
2.8403,3.3557
2.8415,3.3585
2.8426,3.3613
2.8438,3.3641
2.845,3.3668
2.8461,3.3696
2.8473,3.3724
2.8485,3.3752
2.8496,3.378
2.8508,3.3808
2.852,3.3835
2.8531,3.3863
2.8543,3.3891
2.8555,3.3919
2.8566,3.3947
2.8578,3.3974
2.859,3.4002
2.8601,3.403
2.8613,3.4057
2.8625,3.4085
2.8636,3.4113
2.8648,3.414
2.866,3.4168
2.8671,3.4196
2.8683,3.4223
2.8695,3.4251
2.8707,3.4278
2.8718,3.4306
2.873,3.4334
2.8742,3.4361
2.8753,3.4389
2.8765,3.4416
2.8777,3.4444
2.8788,3.4471
2.88,3.4499
2.8812,3.4527
2.8823,3.4554
2.8835,3.4582
2.8847,3.4609
2.8858,3.4637
2.887,3.4664
2.8882,3.4691
2.8893,3.4719
2.8905,3.4746
2.8917,3.4774
2.8928,3.4801
2.894,3.4829
2.8952,3.4856
2.8963,3.4883
2.8975,3.4911
2.8987,3.4938
2.8998,3.4965
2.901,3.4993
2.9022,3.502
2.9033,3.5047
2.9045,3.5074
2.9057,3.5102
2.9068,3.5129
2.908,3.5156
2.9092,3.5184
2.9103,3.5211
2.9115,3.5238
2.9127,3.5265
2.9138,3.5293
2.915,3.532
2.9162,3.5347
2.9173,3.5374
2.9185,3.5401
2.9197,3.5428
2.9208,3.5456
2.922,3.5483
2.9232,3.551
2.9244,3.5537
2.9255,3.5564
2.9267,3.5591
2.9279,3.5618
2.929,3.5645
2.9302,3.5672
2.9314,3.57
2.9325,3.5727
2.9337,3.5754
2.9349,3.5781
2.936,3.5808
2.9372,3.5835
2.9384,3.5862
2.9395,3.5889
2.9407,3.5916
2.9419,3.5943
2.943,3.597
2.9442,3.5997
2.9454,3.6024
2.9465,3.6051
2.9477,3.6078
2.9489,3.6105
2.95,3.6131
2.9512,3.6158
2.9524,3.6185
2.9535,3.6212
2.9547,3.6239
2.9559,3.6266
2.957,3.6293
2.9582,3.632
2.9594,3.6346
2.9605,3.6373
2.9617,3.64
2.9629,3.6427
2.964,3.6454
2.9652,3.648
2.9664,3.6507
2.9675,3.6534
2.9687,3.6561
2.9699,3.6588
2.971,3.6614
2.9722,3.6641
2.9734,3.6668
2.9746,3.6695
2.9757,3.6721
2.9769,3.6748
2.9781,3.6775
2.9792,3.6801
2.9804,3.6828
2.9816,3.6855
2.9827,3.6882
2.9839,3.6908
2.9851,3.6935
2.9862,3.6961
2.9874,3.6988
2.9886,3.7015
2.9897,3.7041
2.9909,3.7068
2.9921,3.7095
2.9932,3.7121
2.9944,3.7148
2.9956,3.7174
2.9967,3.7201
2.9979,3.7227
2.9991,3.7254
3.0002,3.728
3.0014,3.7307
3.0026,3.7333
3.0037,3.736
3.0049,3.7386
3.0061,3.7413
3.0072,3.7439
3.0084,3.7466
3.0096,3.7492
3.0107,3.7519
3.0119,3.7545
3.0131,3.7572
3.0142,3.7598
3.0154,3.7625
3.0166,3.7651
3.0177,3.7677
3.0189,3.7704
3.0201,3.773
3.0212,3.7757
3.0224,3.7783
3.0236,3.7809
3.0247,3.7836
3.0259,3.7862
3.0271,3.7888
3.0283,3.7915
3.0294,3.7941
3.0306,3.7967
3.0318,3.7994
3.0329,3.802
3.0341,3.8046
3.0353,3.8072
3.0364,3.8099
3.0376,3.8125
3.0388,3.8151
3.0399,3.8178
3.0411,3.8204
3.0423,3.823
3.0434,3.8256
3.0446,3.8283
3.0458,3.8309
3.0469,3.8335
3.0481,3.8361
3.0493,3.8387
3.0504,3.8414
3.0516,3.844
3.0528,3.8466
3.0539,3.8492
3.0551,3.8518
3.0563,3.8544
3.0574,3.8571
3.0586,3.8597
3.0598,3.8623
3.0609,3.8649
3.0621,3.8675
3.0633,3.8701
3.0644,3.8727
3.0656,3.8753
3.0668,3.8779
3.0679,3.8805
3.0691,3.8831
3.0703,3.8858
3.0714,3.8884
3.0726,3.891
3.0738,3.8936
3.0749,3.8962
3.0761,3.8988
3.0773,3.9014
3.0784,3.904
3.0796,3.9066
3.0808,3.9092
3.082,3.9118
3.0831,3.9144
3.0843,3.917
3.0855,3.9196
3.0866,3.9222
3.0878,3.9248
3.089,3.9274
3.0901,3.9299
3.0913,3.9325
3.0925,3.9351
3.0936,3.9377
3.0948,3.9403
3.096,3.9429
3.0971,3.9455
3.0983,3.9481
3.0995,3.9507
3.1006,3.9532
3.1018,3.9558
3.103,3.9584
3.1041,3.961
3.1053,3.9636
3.1065,3.9662
3.1076,3.9688
3.1088,3.9713
3.11,3.9739
3.1111,3.9765
3.1123,3.9791
3.1135,3.9817
3.1146,3.9842
3.1158,3.9868
3.117,3.9894
3.1181,3.992
3.1193,3.9945
3.1205,3.9971
3.1216,3.9997
3.1228,4.0023
3.124,4.0048
3.1251,4.0074
3.1263,4.01
3.1275,4.0125
3.1286,4.0151
3.1298,4.0177
3.131,4.0202
3.1322,4.0228
3.1333,4.0254
3.1345,4.0279
3.1357,4.0305
3.1368,4.0331
3.138,4.0356
3.1392,4.0382
3.1403,4.0408
3.1415,4.0433
3.1427,4.0459
3.1438,4.0485
3.145,4.051
3.1462,4.0536
3.1473,4.0561
3.1485,4.0587
3.1497,4.0613
3.1508,4.0638
3.152,4.0664
3.1532,4.0689
3.1543,4.0715
3.1555,4.074
3.1567,4.0766
3.1578,4.0791
3.159,4.0817
3.1602,4.0842
3.1613,4.0868
3.1625,4.0893
3.1637,4.0919
3.1648,4.0944
3.166,4.097
3.1672,4.0995
3.1683,4.1021
3.1695,4.1046
3.1707,4.1072
3.1718,4.1097
3.173,4.1123
3.1742,4.1148
3.1753,4.1174
3.1765,4.1199
3.1777,4.1225
3.1788,4.125
3.18,4.1276
3.1812,4.1301
3.1823,4.1326
3.1835,4.1352
3.1847,4.1377
3.1859,4.1402
3.187,4.1428
3.1882,4.1453
3.1894,4.1479
3.1905,4.1504
3.1917,4.1529
3.1929,4.1555
3.194,4.158
3.1952,4.1605
3.1964,4.1631
3.1975,4.1656
3.1987,4.1681
3.1999,4.1706
3.201,4.1732
3.2022,4.1757
3.2034,4.1782
3.2045,4.1808
3.2057,4.1833
3.2069,4.1858
3.208,4.1883
3.2092,4.1909
3.2104,4.1934
3.2115,4.1959
3.2127,4.1984
3.2139,4.201
3.215,4.2035
3.2162,4.206
3.2174,4.2085
3.2185,4.2111
3.2197,4.2136
3.2209,4.2161
3.222,4.2186
3.2232,4.2211
3.2244,4.2236
3.2255,4.2262
3.2267,4.2287
3.2279,4.2312
3.229,4.2337
3.2302,4.2362
3.2314,4.2387
3.2325,4.2413
3.2337,4.2438
3.2349,4.2463
3.236,4.2488
3.2372,4.2513
3.2384,4.2538
3.2396,4.2563
3.2407,4.2589
3.2419,4.2614
3.2431,4.2639
3.2442,4.2664
3.2454,4.2689
3.2466,4.2714
3.2477,4.2739
3.2489,4.2764
3.2501,4.2789
3.2512,4.2814
3.2524,4.2839
3.2536,4.2864
3.2547,4.2889
3.2559,4.2914
3.2571,4.2939
3.2582,4.2964
3.2594,4.2989
3.2606,4.3014
3.2617,4.3039
3.2629,4.3064
3.2641,4.3089
3.2652,4.3114
3.2664,4.3139
3.2676,4.3164
3.2687,4.3189
3.2699,4.3214
3.2711,4.3239
3.2722,4.3264
3.2734,4.3289
3.2746,4.3314
3.2757,4.3339
3.2769,4.3364
3.2781,4.3389
3.2792,4.3414
3.2804,4.3439
3.2816,4.3464
3.2827,4.3489
3.2839,4.3514
3.2851,4.3538
3.2862,4.3563
3.2874,4.3588
3.2886,4.3613
3.2898,4.3638
3.2909,4.3663
3.2921,4.3688
3.2933,4.3712
3.2944,4.3737
3.2956,4.3762
3.2968,4.3787
3.2979,4.3812
3.2991,4.3837
3.3003,4.3861
3.3014,4.3886
3.3026,4.3911
3.3038,4.3936
3.3049,4.3961
3.3061,4.3986
3.3073,4.401
3.3084,4.4035
3.3096,4.406
3.3108,4.4085
3.3119,4.4109
3.3131,4.4134
3.3143,4.4159
3.3154,4.4184
3.3166,4.4208
3.3178,4.4233
3.3189,4.4258
3.3201,4.4283
3.3213,4.4307
3.3224,4.4332
3.3236,4.4357
3.3248,4.4382
3.3259,4.4406
3.3271,4.4431
3.3283,4.4456
3.3294,4.448
3.3306,4.4505
3.3318,4.453
3.3329,4.4555
3.3341,4.4579
3.3353,4.4604
3.3364,4.4629
3.3376,4.4653
3.3388,4.4678
3.3399,4.4703
3.3411,4.4727
3.3423,4.4752
3.3435,4.4777
3.3446,4.4801
3.3458,4.4826
3.347,4.485
3.3481,4.4875
3.3493,4.49
3.3505,4.4924
3.3516,4.4949
3.3528,4.4973
3.354,4.4998
3.3551,4.5023
3.3563,4.5047
3.3575,4.5072
3.3586,4.5096
3.3598,4.5121
3.361,4.5145
3.3621,4.517
3.3633,4.5195
3.3645,4.5219
3.3656,4.5244
3.3668,4.5268
3.368,4.5293
3.3691,4.5317
3.3703,4.5342
3.3715,4.5367
3.3726,4.5391
3.3738,4.5416
3.375,4.544
3.3761,4.5465
3.3773,4.5489
3.3785,4.5514
3.3796,4.5538
3.3808,4.5562
3.382,4.5587
3.3831,4.5611
3.3843,4.5636
3.3855,4.566
3.3866,4.5685
3.3878,4.5709
3.389,4.5734
3.3901,4.5758
3.3913,4.5783
3.3925,4.5807
3.3936,4.5831
3.3948,4.5856
3.396,4.588
3.3972,4.5905
3.3983,4.5929
3.3995,4.5954
3.4007,4.5978
3.4018,4.6002
3.403,4.6027
3.4042,4.6051
3.4053,4.6076
3.4065,4.61
3.4077,4.6124
3.4088,4.6149
3.41,4.6173
3.4112,4.6197
3.4123,4.6222
3.4135,4.6246
3.4147,4.6271
3.4158,4.6295
3.417,4.6319
3.4182,4.6344
3.4193,4.6368
3.4205,4.6392
3.4217,4.6417
3.4228,4.6441
3.424,4.6465
3.4252,4.649
3.4263,4.6514
3.4275,4.6538
3.4287,4.6562
3.4298,4.6587
3.431,4.6611
3.4322,4.6635
3.4333,4.666
3.4345,4.6684
3.4357,4.6708
3.4368,4.6733
3.438,4.6757
3.4392,4.6781
3.4403,4.6805
3.4415,4.683
3.4427,4.6854
3.4438,4.6878
3.445,4.6902
3.4462,4.6927
3.4473,4.6951
3.4485,4.6975
3.4497,4.6999
3.4509,4.7023
3.452,4.7048
3.4532,4.7072
3.4544,4.7096
3.4555,4.712
3.4567,4.7145
3.4579,4.7169
3.459,4.7193
3.4602,4.7217
3.4614,4.7241
3.4625,4.7266
3.4637,4.729
3.4649,4.7314
3.466,4.7338
3.4672,4.7362
3.4684,4.7386
3.4695,4.7411
3.4707,4.7435
3.4719,4.7459
3.473,4.7483
3.4742,4.7507
3.4754,4.7531
3.4765,4.7555
3.4777,4.758
3.4789,4.7604
3.48,4.7628
3.4812,4.7652
3.4824,4.7676
3.4835,4.77
3.4847,4.7724
3.4859,4.7748
3.487,4.7772
3.4882,4.7796
3.4894,4.7821
3.4905,4.7845
3.4917,4.7869
3.4929,4.7893
3.494,4.7917
3.4952,4.7941
3.4964,4.7965
3.4975,4.7989
3.4987,4.8013
3.4999,4.8037
3.5011,4.8061
3.5022,4.8085
3.5034,4.8109
3.5046,4.8133
3.5057,4.8157
3.5069,4.8181
3.5081,4.8205
3.5092,4.8229
3.5104,4.8253
3.5116,4.8277
3.5127,4.8301
3.5139,4.8325
3.5151,4.8349
3.5162,4.8373
3.5174,4.8397
3.5186,4.8421
3.5197,4.8445
3.5209,4.8469
3.5221,4.8493
3.5232,4.8517
3.5244,4.8541
3.5256,4.8565
3.5267,4.8589
3.5279,4.8613
3.5291,4.8637
3.5302,4.8661
3.5314,4.8685
3.5326,4.8709
3.5337,4.8733
3.5349,4.8757
3.5361,4.8781
3.5372,4.8805
3.5384,4.8829
3.5396,4.8853
3.5407,4.8876
3.5419,4.89
3.5431,4.8924
3.5442,4.8948
3.5454,4.8972
3.5466,4.8996
3.5477,4.902
3.5489,4.9044
3.5501,4.9068
3.5512,4.9092
3.5524,4.9115
3.5536,4.9139
3.5548,4.9163
3.5559,4.9187
3.5571,4.9211
3.5583,4.9235
3.5594,4.9259
3.5606,4.9283
3.5618,4.9306
3.5629,4.933
3.5641,4.9354
3.5653,4.9378
3.5664,4.9402
3.5676,4.9426
3.5688,4.945
3.5699,4.9473
3.5711,4.9497
3.5723,4.9521
3.5734,4.9545
3.5746,4.9569
3.5758,4.9592
3.5769,4.9616
3.5781,4.964
3.5793,4.9664
3.5804,4.9688
3.5816,4.9711
3.5828,4.9735
3.5839,4.9759
3.5851,4.9783
3.5863,4.9806
3.5874,4.983
3.5886,4.9854
3.5898,4.9878
3.5909,4.9901
3.5921,4.9925
3.5933,4.9949
3.5944,4.9973
3.5956,4.9996
3.5968,5.002
3.5979,5.0044
3.5991,5.0068
3.6003,5.0091
3.6014,5.0115
3.6026,5.0139
3.6038,5.0163
3.6049,5.0186
3.6061,5.021
3.6073,5.0234
3.6085,5.0257
3.6096,5.0281
3.6108,5.0305
3.612,5.0328
3.6131,5.0352
3.6143,5.0376
3.6155,5.04
3.6166,5.0423
3.6178,5.0447
3.619,5.0471
3.6201,5.0494
3.6213,5.0518
3.6225,5.0542
3.6236,5.0565
3.6248,5.0589
3.626,5.0613
3.6271,5.0636
3.6283,5.066
3.6295,5.0684
3.6306,5.0707
3.6318,5.0731
3.633,5.0755
3.6341,5.0778
3.6353,5.0802
3.6365,5.0825
3.6376,5.0849
3.6388,5.0873
3.64,5.0896
3.6411,5.092
3.6423,5.0943
3.6435,5.0967
3.6446,5.0991
3.6458,5.1014
3.647,5.1038
3.6481,5.1062
3.6493,5.1085
3.6505,5.1109
3.6516,5.1132
3.6528,5.1156
3.654,5.1179
3.6551,5.1203
3.6563,5.1227
3.6575,5.125
3.6587,5.1274
3.6598,5.1297
3.661,5.1321
3.6622,5.1345
3.6633,5.1368
3.6645,5.1392
3.6657,5.1415
3.6668,5.1439
3.668,5.1462
3.6692,5.1486
3.6703,5.1509
3.6715,5.1533
3.6727,5.1556
3.6738,5.158
3.675,5.1603
3.6762,5.1627
3.6773,5.165
3.6785,5.1674
3.6797,5.1697
3.6808,5.1721
3.682,5.1744
3.6832,5.1768
3.6843,5.1791
3.6855,5.1815
3.6867,5.1838
3.6878,5.1862
3.689,5.1885
3.6902,5.1909
3.6913,5.1932
3.6925,5.1956
3.6937,5.1979
3.6948,5.2003
3.696,5.2026
3.6972,5.205
3.6983,5.2073
3.6995,5.2096
3.7007,5.212
3.7018,5.2143
3.703,5.2167
3.7042,5.219
3.7053,5.2214
3.7065,5.2237
3.7077,5.226
3.7088,5.2284
3.71,5.2307
3.7112,5.2331
3.7124,5.2354
3.7135,5.2378
3.7147,5.2401
3.7159,5.2424
3.717,5.2448
3.7182,5.2471
3.7194,5.2495
3.7205,5.2518
3.7217,5.2542
3.7229,5.2565
3.724,5.2588
3.7252,5.2612
3.7264,5.2635
3.7275,5.2659
3.7287,5.2682
3.7299,5.2705
3.731,5.2729
3.7322,5.2752
3.7334,5.2775
3.7345,5.2799
3.7357,5.2822
3.7369,5.2845
3.738,5.2869
3.7392,5.2892
3.7404,5.2915
3.7415,5.2939
3.7427,5.2962
3.7439,5.2985
3.745,5.3009
3.7462,5.3032
3.7474,5.3055
3.7485,5.3079
3.7497,5.3102
3.7509,5.3126
3.752,5.3149
3.7532,5.3172
3.7544,5.3196
3.7555,5.3219
3.7567,5.3242
3.7579,5.3265
3.759,5.3289
3.7602,5.3312
3.7614,5.3335
3.7625,5.3359
3.7637,5.3382
3.7649,5.3405
3.7661,5.3428
3.7672,5.3452
3.7684,5.3475
3.7696,5.3498
3.7707,5.3522
3.7719,5.3545
3.7731,5.3568
3.7742,5.3591
3.7754,5.3615
3.7766,5.3638
3.7777,5.3661
3.7789,5.3684
3.7801,5.3708
3.7812,5.3731
3.7824,5.3754
3.7836,5.3777
3.7847,5.3801
3.7859,5.3824
3.7871,5.3847
3.7882,5.387
3.7894,5.3894
3.7906,5.3917
3.7917,5.394
3.7929,5.3963
3.7941,5.3986
3.7952,5.401
3.7964,5.4033
3.7976,5.4056
3.7987,5.4079
3.7999,5.4102
3.8011,5.4126
3.8022,5.4149
3.8034,5.4172
3.8046,5.4195
3.8057,5.4218
3.8069,5.4242
3.8081,5.4265
3.8092,5.4288
3.8104,5.4311
3.8116,5.4334
3.8127,5.4357
3.8139,5.4381
3.8151,5.4404
3.8163,5.4427
3.8174,5.445
3.8186,5.4473
3.8198,5.4496
3.8209,5.452
3.8221,5.4543
3.8233,5.4566
3.8244,5.4589
3.8256,5.4612
3.8268,5.4635
3.8279,5.4659
3.8291,5.4682
3.8303,5.4705
3.8314,5.4728
3.8326,5.4751
3.8338,5.4774
3.8349,5.4797
3.8361,5.482
3.8373,5.4843
3.8384,5.4867
3.8396,5.489
3.8408,5.4913
3.8419,5.4936
3.8431,5.4959
3.8443,5.4982
3.8454,5.5005
3.8466,5.5028
3.8478,5.5051
3.8489,5.5075
3.8501,5.5098
3.8513,5.5121
3.8524,5.5144
3.8536,5.5167
3.8548,5.519
3.8559,5.5213
3.8571,5.5236
3.8583,5.5259
3.8594,5.5282
3.8606,5.5305
3.8618,5.5328
3.8629,5.5352
3.8641,5.5375
3.8653,5.5398
3.8664,5.5421
3.8676,5.5444
3.8688,5.5467
3.87,5.549
3.8711,5.5513
3.8723,5.5536
3.8735,5.5559
3.8746,5.5582
3.8758,5.5605
3.877,5.5628
3.8781,5.5651
3.8793,5.5674
3.8805,5.5697
3.8816,5.572
3.8828,5.5743
3.884,5.5766
3.8851,5.5789
3.8863,5.5812
3.8875,5.5835
3.8886,5.5858
3.8898,5.5881
3.891,5.5904
3.8921,5.5927
3.8933,5.595
3.8945,5.5973
3.8956,5.5996
3.8968,5.6019
3.898,5.6042
3.8991,5.6065
3.9003,5.6088
3.9015,5.6111
3.9026,5.6134
3.9038,5.6157
3.905,5.618
3.9061,5.6203
3.9073,5.6226
3.9085,5.6249
3.9096,5.6272
3.9108,5.6295
3.912,5.6318
3.9131,5.6341
3.9143,5.6364
3.9155,5.6386
3.9166,5.6409
3.9178,5.6432
3.919,5.6455
3.9201,5.6478
3.9213,5.6501
3.9225,5.6524
3.9237,5.6547
3.9248,5.657
3.926,5.6593
3.9272,5.6616
3.9283,5.6639
3.9295,5.6662
3.9307,5.6685
3.9318,5.6707
3.933,5.673
3.9342,5.6753
3.9353,5.6776
3.9365,5.6799
3.9377,5.6822
3.9388,5.6845
3.94,5.6868
3.9412,5.6891
3.9423,5.6914
3.9435,5.6937
3.9447,5.6959
3.9458,5.6982
3.947,5.7005
3.9482,5.7028
3.9493,5.7051
3.9505,5.7074
3.9517,5.7097
3.9528,5.712
3.954,5.7142
3.9552,5.7165
3.9563,5.7188
3.9575,5.7211
3.9587,5.7234
3.9598,5.7257
3.961,5.728
3.9622,5.7302
3.9633,5.7325
3.9645,5.7348
3.9657,5.7371
3.9668,5.7394
3.968,5.7417
3.9692,5.7439
3.9703,5.7462
3.9715,5.7485
3.9727,5.7508
3.9739,5.7531
3.975,5.7554
3.9762,5.7576
3.9774,5.7599
3.9785,5.7622
3.9797,5.7645
3.9809,5.7668
3.982,5.769
3.9832,5.7713
3.9844,5.7736
3.9855,5.7759
3.9867,5.7782
3.9879,5.7804
3.989,5.7827
3.9902,5.785
3.9914,5.7873
3.9925,5.7896
3.9937,5.7918
3.9949,5.7941
3.996,5.7964
3.9972,5.7987
3.9984,5.801
3.9995,5.8032
4.0007,5.8055
4.0019,5.8078
4.003,5.8101
4.0042,5.8123
4.0054,5.8146
4.0065,5.8169
4.0077,5.8192
4.0089,5.8215
4.01,5.8237
4.0112,5.826
4.0124,5.8283
4.0135,5.8306
4.0147,5.8328
4.0159,5.8351
4.017,5.8374
4.0182,5.8397
4.0194,5.8419
4.0205,5.8442
4.0217,5.8465
4.0229,5.8488
4.024,5.851
4.0252,5.8533
4.0264,5.8556
4.0276,5.8578
4.0287,5.8601
4.0299,5.8624
4.0311,5.8647
4.0322,5.8669
4.0334,5.8692
4.0346,5.8715
4.0357,5.8737
4.0369,5.876
4.0381,5.8783
4.0392,5.8806
4.0404,5.8828
4.0416,5.8851
4.0427,5.8874
4.0439,5.8896
4.0451,5.8919
4.0462,5.8942
4.0474,5.8965
4.0486,5.8987
4.0497,5.901
4.0509,5.9033
4.0521,5.9055
4.0532,5.9078
4.0544,5.9101
4.0556,5.9123
4.0567,5.9146
4.0579,5.9169
4.0591,5.9191
4.0602,5.9214
4.0614,5.9237
4.0626,5.9259
4.0637,5.9282
4.0649,5.9305
4.0661,5.9327
4.0672,5.935
4.0684,5.9372
4.0696,5.9395
4.0707,5.9418
4.0719,5.944
4.0731,5.9463
4.0742,5.9486
4.0754,5.9508
4.0766,5.9531
4.0777,5.9554
4.0789,5.9576
4.0801,5.9599
4.0813,5.9622
4.0824,5.9644
4.0836,5.9667
4.0848,5.9689
4.0859,5.9712
4.0871,5.9735
4.0883,5.9757
4.0894,5.978
4.0906,5.9802
4.0918,5.9825
4.0929,5.9848
4.0941,5.987
4.0953,5.9893
4.0964,5.9915
4.0976,5.9938
4.0988,5.9961
4.0999,5.9983
4.1011,6.0006
4.1023,6.0028
4.1034,6.0051
4.1046,6.0074
4.1058,6.0096
4.1069,6.0119
4.1081,6.0141
4.1093,6.0164
4.1104,6.0187
4.1116,6.0209
4.1128,6.0232
4.1139,6.0254
4.1151,6.0277
4.1163,6.0299
4.1174,6.0322
4.1186,6.0345
4.1198,6.0367
4.1209,6.039
4.1221,6.0412
4.1233,6.0435
4.1244,6.0457
4.1256,6.048
4.1268,6.0502
4.1279,6.0525
4.1291,6.0548
4.1303,6.057
4.1314,6.0593
4.1326,6.0615
4.1338,6.0638
4.135,6.066
4.1361,6.0683
4.1373,6.0705
4.1385,6.0728
4.1396,6.075
4.1408,6.0773
4.142,6.0796
4.1431,6.0818
4.1443,6.0841
4.1455,6.0863
4.1466,6.0886
4.1478,6.0908
4.149,6.0931
4.1501,6.0953
4.1513,6.0976
4.1525,6.0998
4.1536,6.1021
4.1548,6.1043
4.156,6.1066
4.1571,6.1088
4.1583,6.1111
4.1595,6.1133
4.1606,6.1156
4.1618,6.1178
4.163,6.1201
4.1641,6.1223
4.1653,6.1246
4.1665,6.1268
4.1676,6.129
4.1688,6.1313
4.17,6.1335
4.1711,6.1358
4.1723,6.138
4.1735,6.1403
4.1746,6.1425
4.1758,6.1448
4.177,6.147
4.1781,6.1493
4.1793,6.1515
4.1805,6.1538
4.1816,6.156
4.1828,6.1582
4.184,6.1605
4.1852,6.1627
4.1863,6.165
4.1875,6.1672
4.1887,6.1695
4.1898,6.1717
4.191,6.174
4.1922,6.1762
4.1933,6.1784
4.1945,6.1807
4.1957,6.1829
4.1968,6.1852
4.198,6.1874
4.1992,6.1897
4.2003,6.1919
4.2015,6.1942
4.2027,6.1964
4.2038,6.1986
4.205,6.2009
4.2062,6.2031
4.2073,6.2054
4.2085,6.2076
4.2097,6.2099
4.2108,6.2121
4.212,6.2143
4.2132,6.2166
4.2143,6.2188
4.2155,6.2211
4.2167,6.2233
4.2178,6.2255
4.219,6.2278
4.2202,6.23
4.2213,6.2323
4.2225,6.2345
4.2237,6.2367
4.2248,6.239
4.226,6.2412
4.2272,6.2435
4.2283,6.2457
4.2295,6.2479
4.2307,6.2502
4.2318,6.2524
4.233,6.2547
4.2342,6.2569
4.2353,6.2591
4.2365,6.2614
4.2377,6.2636
4.2389,6.2658
4.24,6.2681
4.2412,6.2703
4.2424,6.2726
4.2435,6.2748
4.2447,6.277
4.2459,6.2793
4.247,6.2815
4.2482,6.2837
4.2494,6.286
4.2505,6.2882
4.2517,6.2904
4.2529,6.2927
4.254,6.2949
4.2552,6.2971
4.2564,6.2994
4.2575,6.3016
4.2587,6.3038
4.2599,6.3061
4.261,6.3083
4.2622,6.3105
4.2634,6.3128
4.2645,6.315
4.2657,6.3172
4.2669,6.3195
4.268,6.3217
4.2692,6.3239
4.2704,6.3262
4.2715,6.3284
4.2727,6.3306
4.2739,6.3329
4.275,6.3351
4.2762,6.3373
4.2774,6.3396
4.2785,6.3418
4.2797,6.344
4.2809,6.3462
4.282,6.3485
4.2832,6.3507
4.2844,6.3529
4.2855,6.3552
4.2867,6.3574
4.2879,6.3596
4.289,6.3619
4.2902,6.3641
4.2914,6.3663
4.2926,6.3685
4.2937,6.3708
4.2949,6.373
4.2961,6.3752
4.2972,6.3775
4.2984,6.3797
4.2996,6.3819
4.3007,6.3841
4.3019,6.3864
4.3031,6.3886
4.3042,6.3908
4.3054,6.3931
4.3066,6.3953
4.3077,6.3975
4.3089,6.3997
4.3101,6.402
4.3112,6.4042
4.3124,6.4064
4.3136,6.4086
4.3147,6.4109
4.3159,6.4131
4.3171,6.4153
4.3182,6.4175
4.3194,6.4198
4.3206,6.422
4.3217,6.4242
4.3229,6.4264
4.3241,6.4287
4.3252,6.4309
4.3264,6.4331
4.3276,6.4353
4.3287,6.4376
4.3299,6.4398
4.3311,6.442
4.3322,6.4442
4.3334,6.4465
4.3346,6.4487
4.3357,6.4509
4.3369,6.4531
4.3381,6.4554
4.3392,6.4576
4.3404,6.4598
4.3416,6.462
4.3428,6.4643
4.3439,6.4665
4.3451,6.4687
4.3463,6.4709
4.3474,6.4731
4.3486,6.4754
4.3498,6.4776
4.3509,6.4798
4.3521,6.482
4.3533,6.4842
4.3544,6.4865
4.3556,6.4887
4.3568,6.4909
4.3579,6.4931
4.3591,6.4953
4.3603,6.4976
4.3614,6.4998
4.3626,6.502
4.3638,6.5042
4.3649,6.5064
4.3661,6.5086
4.3673,6.5109
4.3684,6.5131
4.3696,6.5153
4.3708,6.5175
4.3719,6.5197
4.3731,6.522
4.3743,6.5242
4.3754,6.5264
4.3766,6.5286
4.3778,6.5308
4.3789,6.533
4.3801,6.5353
4.3813,6.5375
4.3824,6.5397
4.3836,6.5419
4.3848,6.5441
4.3859,6.5463
4.3871,6.5486
4.3883,6.5508
4.3894,6.553
4.3906,6.5552
4.3918,6.5574
4.3929,6.5596
4.3941,6.5618
4.3953,6.5641
4.3965,6.5663
4.3976,6.5685
4.3988,6.5707
4.4,6.5729
4.4011,6.5751
4.4023,6.5774
4.4035,6.5796
4.4046,6.5818
4.4058,6.584
4.407,6.5862
4.4081,6.5884
4.4093,6.5906
4.4105,6.5928
4.4116,6.5951
4.4128,6.5973
4.414,6.5995
4.4151,6.6017
4.4163,6.6039
4.4175,6.6061
4.4186,6.6083
4.4198,6.6105
4.421,6.6128
4.4221,6.615
4.4233,6.6172
4.4245,6.6194
4.4256,6.6216
4.4268,6.6238
4.428,6.626
4.4291,6.6282
4.4303,6.6304
4.4315,6.6327
4.4326,6.6349
4.4338,6.6371
4.435,6.6393
4.4361,6.6415
4.4373,6.6437
4.4385,6.6459
4.4396,6.6481
4.4408,6.6503
4.442,6.6525
4.4431,6.6548
4.4443,6.657
4.4455,6.6592
4.4466,6.6614
4.4478,6.6636
4.449,6.6658
4.4502,6.668
4.4513,6.6702
4.4525,6.6724
4.4537,6.6746
4.4548,6.6768
4.456,6.679
4.4572,6.6812
4.4583,6.6834
4.4595,6.6857
4.4607,6.6879
4.4618,6.6901
4.463,6.6923
4.4642,6.6945
4.4653,6.6967
4.4665,6.6989
4.4677,6.7011
4.4688,6.7033
4.47,6.7055
4.4712,6.7077
4.4723,6.7099
4.4735,6.7121
4.4747,6.7143
4.4758,6.7165
4.477,6.7187
4.4782,6.7209
4.4793,6.7231
4.4805,6.7253
4.4817,6.7275
4.4828,6.7297
4.484,6.7319
4.4852,6.7341
4.4863,6.7364
4.4875,6.7386
4.4887,6.7408
4.4898,6.743
4.491,6.7452
4.4922,6.7474
4.4933,6.7496
4.4945,6.7518
4.4957,6.754
4.4968,6.7562
4.498,6.7584
4.4992,6.7606
4.5004,6.7628
4.5015,6.765
4.5027,6.7672
4.5039,6.7694
4.505,6.7716
4.5062,6.7738
4.5074,6.776
4.5085,6.7782
4.5097,6.7804
4.5109,6.7826
4.512,6.7848
4.5132,6.787
4.5144,6.7892
4.5155,6.7914
4.5167,6.7936
4.5179,6.7958
4.519,6.798
4.5202,6.8002
4.5214,6.8024
4.5225,6.8046
4.5237,6.8068
4.5249,6.809
4.526,6.8112
4.5272,6.8134
4.5284,6.8156
4.5295,6.8178
4.5307,6.82
4.5319,6.8222
4.533,6.8244
4.5342,6.8266
4.5354,6.8288
4.5365,6.831
4.5377,6.8332
4.5389,6.8354
4.54,6.8376
4.5412,6.8398
4.5424,6.842
4.5435,6.8442
4.5447,6.8463
4.5459,6.8485
4.547,6.8507
4.5482,6.8529
4.5494,6.8551
4.5505,6.8573
4.5517,6.8595
4.5529,6.8617
4.5541,6.8639
4.5552,6.8661
4.5564,6.8683
4.5576,6.8705
4.5587,6.8727
4.5599,6.8749
4.5611,6.8771
4.5622,6.8793
4.5634,6.8815
4.5646,6.8837
4.5657,6.8859
4.5669,6.888
4.5681,6.8902
4.5692,6.8924
4.5704,6.8946
4.5716,6.8968
4.5727,6.899
4.5739,6.9012
4.5751,6.9034
4.5762,6.9056
4.5774,6.9078
4.5786,6.91
4.5797,6.9122
4.5809,6.9144
4.5821,6.9165
4.5832,6.9187
4.5844,6.9209
4.5856,6.9231
4.5867,6.9253
4.5879,6.9275
4.5891,6.9297
4.5902,6.9319
4.5914,6.9341
4.5926,6.9363
4.5937,6.9385
4.5949,6.9407
4.5961,6.9428
4.5972,6.945
4.5984,6.9472
4.5996,6.9494
4.6007,6.9516
4.6019,6.9538
4.6031,6.956
4.6042,6.9582
4.6054,6.9604
4.6066,6.9626
4.6078,6.9647
4.6089,6.9669
4.6101,6.9691
4.6113,6.9713
4.6124,6.9735
4.6136,6.9757
4.6148,6.9779
4.6159,6.9801
4.6171,6.9823
4.6183,6.9844
4.6194,6.9866
4.6206,6.9888
4.6218,6.991
4.6229,6.9932
4.6241,6.9954
4.6253,6.9976
4.6264,6.9998
4.6276,7.002
4.6288,7.0041
4.6299,7.0063
4.6311,7.0085
4.6323,7.0107
4.6334,7.0129
4.6346,7.0151
4.6358,7.0173
4.6369,7.0194
4.6381,7.0216
4.6393,7.0238
4.6404,7.026
4.6416,7.0282
4.6428,7.0304
4.6439,7.0325
4.6451,7.0347
4.6463,7.0369
4.6474,7.0391
4.6486,7.0413
4.6498,7.0435
4.6509,7.0457
4.6521,7.0478
4.6533,7.05
4.6544,7.0522
4.6556,7.0544
4.6568,7.0566
4.658,7.0588
4.6591,7.0609
4.6603,7.0631
4.6615,7.0653
4.6626,7.0675
4.6638,7.0697
4.665,7.0719
4.6661,7.074
4.6673,7.0762
4.6685,7.0784
4.6696,7.0806
4.6708,7.0828
4.672,7.0849
4.6731,7.0871
4.6743,7.0893
4.6755,7.0915
4.6766,7.0937
4.6778,7.0959
4.679,7.098
4.6801,7.1002
4.6813,7.1024
4.6825,7.1046
4.6836,7.1068
4.6848,7.1089
4.686,7.1111
4.6871,7.1133
4.6883,7.1155
4.6895,7.1177
4.6906,7.1198
4.6918,7.122
4.693,7.1242
4.6941,7.1264
4.6953,7.1286
4.6965,7.1307
4.6976,7.1329
4.6988,7.1351
4.7,7.1373
4.7011,7.1395
4.7023,7.1416
4.7035,7.1438
4.7046,7.146
4.7058,7.1482
4.707,7.1504
4.7081,7.1525
4.7093,7.1547
4.7105,7.1569
4.7117,7.1591
4.7128,7.1613
4.714,7.1634
4.7152,7.1656
4.7163,7.1678
4.7175,7.17
4.7187,7.1721
4.7198,7.1743
4.721,7.1765
4.7222,7.1787
4.7233,7.1809
4.7245,7.183
4.7257,7.1852
4.7268,7.1874
4.728,7.1896
4.7292,7.1917
4.7303,7.1939
4.7315,7.1961
4.7327,7.1983
4.7338,7.2004
4.735,7.2026
4.7362,7.2048
4.7373,7.207
4.7385,7.2091
4.7397,7.2113
4.7408,7.2135
4.742,7.2157
4.7432,7.2178
4.7443,7.22
4.7455,7.2222
4.7467,7.2244
4.7478,7.2265
4.749,7.2287
4.7502,7.2309
4.7513,7.2331
4.7525,7.2352
4.7537,7.2374
4.7548,7.2396
4.756,7.2418
4.7572,7.2439
4.7583,7.2461
4.7595,7.2483
4.7607,7.2504
4.7618,7.2526
4.763,7.2548
4.7642,7.257
4.7654,7.2591
4.7665,7.2613
4.7677,7.2635
4.7689,7.2656
4.77,7.2678
4.7712,7.27
4.7724,7.2722
4.7735,7.2743
4.7747,7.2765
4.7759,7.2787
4.777,7.2809
4.7782,7.283
4.7794,7.2852
4.7805,7.2874
4.7817,7.2895
4.7829,7.2917
4.784,7.2939
4.7852,7.2961
4.7864,7.2982
4.7875,7.3004
4.7887,7.3026
4.7899,7.3047
4.791,7.3069
4.7922,7.3091
4.7934,7.3112
4.7945,7.3134
4.7957,7.3156
4.7969,7.3178
4.798,7.3199
4.7992,7.3221
4.8004,7.3243
4.8015,7.3264
4.8027,7.3286
4.8039,7.3308
4.805,7.3329
4.8062,7.3351
4.8074,7.3373
4.8085,7.3395
4.8097,7.3416
4.8109,7.3438
4.812,7.346
4.8132,7.3481
4.8144,7.3503
4.8155,7.3525
4.8167,7.3546
4.8179,7.3568
4.8191,7.359
4.8202,7.3611
4.8214,7.3633
4.8226,7.3655
4.8237,7.3676
4.8249,7.3698
4.8261,7.372
4.8272,7.3741
4.8284,7.3763
4.8296,7.3785
4.8307,7.3806
4.8319,7.3828
4.8331,7.385
4.8342,7.3871
4.8354,7.3893
4.8366,7.3915
4.8377,7.3936
4.8389,7.3958
4.8401,7.398
4.8412,7.4001
4.8424,7.4023
4.8436,7.4045
4.8447,7.4066
4.8459,7.4088
4.8471,7.411
4.8482,7.4131
4.8494,7.4153
4.8506,7.4174
4.8517,7.4196
4.8529,7.4218
4.8541,7.4239
4.8552,7.4261
4.8564,7.4283
4.8576,7.4304
4.8587,7.4326
4.8599,7.4347
4.8611,7.4369
4.8622,7.4391
4.8634,7.4412
4.8646,7.4434
4.8657,7.4456
4.8669,7.4477
4.8681,7.4499
4.8693,7.4521
4.8704,7.4542
4.8716,7.4564
4.8728,7.4585
4.8739,7.4607
4.8751,7.4629
4.8763,7.465
4.8774,7.4672
4.8786,7.4694
4.8798,7.4715
4.8809,7.4737
4.8821,7.4758
4.8833,7.478
4.8844,7.4802
4.8856,7.4823
4.8868,7.4845
4.8879,7.4867
4.8891,7.4888
4.8903,7.491
4.8914,7.4931
4.8926,7.4953
4.8938,7.4975
4.8949,7.4996
4.8961,7.5018
4.8973,7.5039
4.8984,7.5061
4.8996,7.5083
4.9008,7.5104
4.9019,7.5126
4.9031,7.5147
4.9043,7.5169
4.9054,7.5191
4.9066,7.5212
4.9078,7.5234
4.9089,7.5255
4.9101,7.5277
4.9113,7.5299
4.9124,7.532
4.9136,7.5342
4.9148,7.5363
4.9159,7.5385
4.9171,7.5407
4.9183,7.5428
4.9194,7.545
4.9206,7.5471
4.9218,7.5493
4.923,7.5515
4.9241,7.5536
4.9253,7.5558
4.9265,7.5579
4.9276,7.5601
4.9288,7.5622
4.93,7.5644
4.9311,7.5666
4.9323,7.5687
4.9335,7.5709
4.9346,7.573
4.9358,7.5752
4.937,7.5773
4.9381,7.5795
4.9393,7.5816
4.9405,7.5838
4.9416,7.586
4.9428,7.5881
4.944,7.5903
4.9451,7.5924
4.9463,7.5946
4.9475,7.5967
4.9486,7.5989
4.9498,7.6011
4.951,7.6032
4.9521,7.6054
4.9533,7.6075
4.9545,7.6097
4.9556,7.6118
4.9568,7.614
4.958,7.6161
4.9591,7.6183
4.9603,7.6204
4.9615,7.6226
4.9626,7.6248
4.9638,7.6269
4.965,7.6291
4.9661,7.6312
4.9673,7.6334
4.9685,7.6355
4.9696,7.6377
4.9708,7.6398
4.972,7.642
4.9731,7.6441
4.9743,7.6463
4.9755,7.6485
4.9767,7.6506
4.9778,7.6528
4.979,7.6549
4.9802,7.6571
4.9813,7.6592
4.9825,7.6614
4.9837,7.6635
4.9848,7.6657
4.986,7.6678
4.9872,7.67
4.9883,7.6721
4.9895,7.6743
4.9907,7.6764
4.9918,7.6786
4.993,7.6807
4.9942,7.6829
4.9953,7.6851
4.9965,7.6872
4.9977,7.6894
4.9988,7.6915
5,7.6937
