0,0
0.0011674,0
0.0023348,0
0.0035022,0
0.0046696,0
0.005837,0
0.0070044,0
0.0081718,0
0.0093392,0
0.010507,0
0.011674,0
0.012841,0
0.014009,0
0.015176,0
0.016344,0
0.017511,0
0.018678,0
0.019846,0
0.021013,0
0.022181,0
0.023348,0
0.024516,0
0.025683,0
0.02685,0
0.028018,0
0.029185,0
0.030353,0
0.03152,0
0.032687,0
0.033855,0
0.035022,0
0.03619,0
0.037357,0
0.038524,0
0.039692,0
0.040859,0
0.042027,0
0.043194,0
0.044361,0
0.045529,0
0.046696,0
0.047864,0
0.049031,0
0.050198,0
0.051366,0
0.052533,0
0.053701,0
0.054868,0
0.056035,0
0.057203,0
0.05837,0
0.059538,0
0.060705,0
0.061873,0
0.06304,0
0.064207,0
0.065375,0
0.066542,0
0.06771,0
0.068877,0
0.070044,0
0.071212,0
0.072379,0
0.073547,-0
0.074714,0
0.075881,-0
0.077049,-0
0.078216,0
0.079384,-0
0.080551,-0
0.081718,0
0.082886,-0
0.084053,0
0.085221,0
0.086388,-0
0.087555,0
0.088723,0
0.08989,-0
0.091058,-0
0.092225,0
0.093392,-0
0.09456,-0
0.095727,0
0.096895,0
0.098062,-0
0.09923,0
0.1004,0
0.10156,-0
0.10273,-0
0.1039,0
0.10507,-0
0.10623,-0
0.1074,0
0.10857,0
0.10974,-0
0.1109,-0
0.11207,0
0.11324,-0
0.11441,-0
0.11557,0
0.11674,0
0.11791,-0
0.11908,-0
0.12024,0
0.12141,0
0.12258,-0
0.12375,-0
0.12491,0
0.12608,0
0.12725,-0
0.12841,0
0.12958,0
0.13075,-0
0.13192,-0
0.13308,0
0.13425,0
0.13542,-0
0.13659,-0
0.13775,0
0.13892,0
0.14009,-0
0.14126,-0
0.14242,0
0.14359,0
0.14476,-0
0.14593,-0
0.14709,0
0.14826,0
0.14943,-0
0.1506,-0
0.15176,0
0.15293,0
0.1541,-0
0.15527,-0
0.15643,0
0.1576,0
0.15877,-0
0.15993,0
0.1611,0
0.16227,-0
0.16344,-0
0.1646,0
0.16577,0
0.16694,-0
0.16811,-0
0.16927,0
0.17044,0
0.17161,-0
0.17278,-0
0.17394,0
0.17511,0
0.17628,-0
0.17745,-0
0.17861,0
0.17978,0
0.18095,-0
0.18212,-0
0.18328,0
0.18445,0
0.18562,-0
0.18678,-0
0.18795,0
0.18912,0
0.19029,0
0.19145,-0
0.19262,-0
0.19379,0
0.19496,0
0.19612,-0
0.19729,-0
0.19846,0
0.19963,0
0.20079,-0
0.20196,-0
0.20313,0
0.2043,0
0.20546,-0
0.20663,-0
0.2078,0
0.20897,0
0.21013,-0
0.2113,-0
0.21247,0
0.21364,0
0.2148,-0
0.21597,-0
0.21714,0
0.2183,0
0.21947,-0
0.22064,-0
0.22181,0
0.22297,0
0.22414,-0
0.22531,-0
0.22648,0
0.22764,0
0.22881,-0
0.22998,-0
0.23115,0
0.23231,0
0.23348,-0
0.23465,-0
0.23582,-0
0.23698,0
0.23815,0
0.23932,-0
0.24049,-0
0.24165,0
0.24282,0
0.24399,-0
0.24516,-0
0.24632,0
0.24749,0
0.24866,-0
0.24982,-0
0.25099,0
0.25216,0
0.25333,-0
0.25449,-0
0.25566,0
0.25683,0
0.258,-0
0.25916,-0
0.26033,0
0.2615,0
0.26267,0
0.26383,-0
0.265,-0
0.26617,0
0.26734,0
0.2685,-0
0.26967,-0
0.27084,0
0.27201,0
0.27317,-0
0.27434,-0
0.27551,0
0.27668,0
0.27784,-0
0.27901,-0
0.28018,0
0.28134,0
0.28251,-0
0.28368,-0
0.28485,0
0.28601,0
0.28718,0
0.28835,-0
0.28952,-0
0.29068,0
0.29185,0
0.29302,-0
0.29419,-0
0.29535,0
0.29652,0
0.29769,-0
0.29886,-0
0.30002,0
0.30119,0
0.30236,-0
0.30353,-0
0.30469,-0
0.30586,0
0.30703,0
0.3082,-0
0.30936,-0
0.31053,0
0.3117,0
0.31286,-0
0.31403,-0
0.3152,0
0.31637,0
0.31753,-0
0.3187,-0
0.31987,0
0.32104,0
0.3222,0
0.32337,-0
0.32454,-0
0.32571,-0
0.32687,0
0.32804,0
0.32921,0
0.33038,0
0.33154,-0
0.33271,-0
0.33388,-0
0.33505,0
0.33621,0
0.33738,0
0.33855,-0
0.33972,-0
0.34088,-0
0.34205,-0
0.34322,0
0.34438,0
0.34555,0
0.34672,-0
0.34789,-0
0.34905,-0
0.35022,0
0.35139,0
0.35256,0
0.35372,0
0.35489,-0
0.35606,-0
0.35723,-0
0.35839,0
0.35956,0
0.36073,0
0.3619,-0
0.36306,-0
0.36423,-0
0.3654,-0
0.36657,0
0.36773,0
0.3689,0
0.37007,-0
0.37124,-0
0.3724,-0
0.37357,0
0.37474,0
0.3759,0
0.37707,-0
0.37824,-0
0.37941,-0
0.38057,0
0.38174,0
0.38291,0
0.38408,-0
0.38524,-0
0.38641,-0
0.38758,-0
0.38875,0
0.38991,0
0.39108,0
0.39225,-0
0.39342,-0
0.39458,-0
0.39575,0
0.39692,0
0.39809,0
0.39925,0
0.40042,-0
0.40159,-0
0.40276,-0
0.40392,0
0.40509,0
0.40626,0
0.40742,-0
0.40859,-0
0.40976,-0
0.41093,-0
0.41209,0
0.41326,0
0.41443,0
0.4156,-0
0.41676,-0
0.41793,-0
0.4191,-0
0.42027,0
0.42143,0
0.4226,0
0.42377,-0
0.42494,-0
0.4261,-0
0.42727,-0
0.42844,0
0.42961,0
0.43077,0
0.43194,-0
0.43311,-0
0.43428,-0
0.43544,-0
0.43661,0
0.43778,0
0.43894,0
0.44011,-0
0.44128,-0
0.44245,-0
0.44361,0
0.44478,0
0.44595,0
0.44712,-0
0.44828,-0
0.44945,-0
0.45062,-0
0.45179,0
0.45295,0
0.45412,0
0.45529,-0
0.45646,-0
0.45762,-0
0.45879,0
0.45996,0
0.46113,0
0.46229,-0
0.46346,-0
0.46463,-0
0.4658,0
0.46696,0
0.46813,0
0.4693,0
0.47046,-0
0.47163,-0
0.4728,-0
0.47397,0
0.47513,0
0.4763,0
0.47747,0
0.47864,-0
0.4798,-0
0.48097,-0
0.48214,0
0.48331,0
0.48447,0
0.48564,0
0.48681,-0
0.48798,-0
0.48914,-0
0.49031,-0
0.49148,0
0.49265,0
0.49381,0
0.49498,-0
0.49615,-0
0.49731,-0
0.49848,-0
0.49965,0
0.50082,0
0.50198,0
0.50315,-0
0.50432,-0
0.50549,-1.3174e-38
0.50665,-0
0.50782,0
0.50899,2.0493e-38
0.51016,1.6137e-38
0.51132,-0
0.51249,-2.2181e-38
0.51366,-2.6165e-38
0.51483,-0
0.51599,1.5671e-38
0.51716,2.4759e-38
0.51833,0
0.5195,-1.5202e-38
0.52066,-1.2268e-38
0.52183,2.8834e-38
0.523,6.8404e-38
0.52417,3.5267e-38
0.52533,-9.9051e-38
0.5265,-2.4847e-37
0.52767,-2.3162e-37
0.52883,7.9485e-38
0.53,5.6729e-37
0.53117,8.2301e-37
0.53234,3.9439e-37
0.5335,-7.54e-37
0.53467,-1.9263e-36
0.53584,-1.9477e-36
0.53701,-6.4578e-38
0.53817,3.0426e-36
0.53934,5.0882e-36
0.54051,3.496e-36
0.54168,-2.2723e-36
0.54284,-9.0917e-36
0.54401,-1.1184e-35
0.54518,-4.161e-36
0.54635,1.0191e-35
0.54751,2.2499e-35
0.54868,2.0713e-35
0.54985,-2.2867e-37
0.55102,-3.0603e-35
0.55218,-4.7945e-35
0.55335,-3.1398e-35
0.55452,1.9179e-35
0.55569,7.4417e-35
0.55685,8.8981e-35
0.55802,3.4476e-35
0.55919,-6.9591e-35
0.56035,-1.5452e-34
0.56152,-1.429e-34
0.56269,-1.086e-35
0.56386,1.7374e-34
0.56502,2.78e-34
0.56619,1.9359e-34
0.56736,-6.6788e-35
0.56853,-3.4573e-34
0.56969,-4.304e-34
0.57086,-2.1029e-34
0.57203,2.1128e-34
0.5732,5.557e-34
0.57436,5.5782e-34
0.57553,1.76e-34
0.5767,-3.4988e-34
0.57787,-6.6497e-34
0.57903,-5.7527e-34
0.5802,-1.9798e-34
0.58137,1.6757e-34
0.58254,3.4911e-34
0.5837,4.787e-34
0.58487,7.9062e-34
0.58604,1.163e-33
0.58721,9.085e-34
0.58837,-7.1799e-34
0.58954,-3.4489e-33
0.59071,-5.3258e-33
0.59187,-3.5399e-33
0.59304,3.0853e-33
0.59421,1.1597e-32
0.59538,1.5069e-32
0.59654,6.9237e-33
0.59771,-1.2421e-32
0.59888,-3.1809e-32
0.60005,-3.3744e-32
0.60121,-7.1231e-33
0.60238,3.9288e-32
0.60355,7.4747e-32
0.60472,6.3231e-32
0.60588,-7.2497e-33
0.60705,-1.0319e-31
0.60822,-1.5449e-31
0.60939,-9.9036e-32
0.61055,6.0941e-32
0.61172,2.3461e-31
0.61289,2.8412e-31
0.61406,1.2195e-31
0.61522,-1.9765e-31
0.61639,-4.7219e-31
0.61756,-4.6533e-31
0.61873,-8.8346e-32
0.61989,4.7933e-31
0.62106,8.4957e-31
0.62223,6.7277e-31
0.62339,-7.2081e-32
0.62456,-9.6754e-31
0.62573,-1.3674e-30
0.6269,-8.4301e-31
0.62806,4.3045e-31
0.62923,1.6702e-30
0.6304,1.9552e-30
0.63157,8.9822e-31
0.63273,-9.6689e-31
0.6339,-2.44e-30
0.63507,-2.454e-30
0.63624,-8.691e-31
0.6374,1.3598e-30
0.63857,2.8328e-30
0.63974,2.704e-30
0.64091,1.228e-30
0.64207,-6.0538e-31
0.64324,-1.9983e-30
0.64441,-2.906e-30
0.64558,-3.5826e-30
0.64674,-3.5324e-30
0.64791,-1.2079e-30
0.64908,4.5252e-30
0.65025,1.1874e-29
0.65141,1.511e-29
0.65258,7.5308e-30
0.65375,-1.2072e-29
0.65491,-3.4098e-29
0.65608,-4.0254e-29
0.65725,-1.5522e-29
0.65842,3.5995e-29
0.65958,8.4239e-29
0.66075,8.6404e-29
0.66192,1.8155e-29
0.66309,-9.6491e-29
0.66425,-1.8356e-28
0.66542,-1.5969e-28
0.66659,2.1079e-30
0.66776,2.2704e-28
0.66892,3.5975e-28
0.67009,2.6008e-28
0.67126,-7.823e-29
0.67243,-4.7487e-28
0.67359,-6.4205e-28
0.67476,-3.7556e-28
0.67593,2.589e-28
0.6771,8.9353e-28
0.67826,1.0518e-27
0.67943,4.8117e-28
0.6806,-5.9504e-28
0.68177,-1.5216e-27
0.68293,-1.5917e-27
0.6841,-5.557e-28
0.68527,1.0977e-27
0.68643,2.3427e-27
0.6876,2.2462e-27
0.68877,6.3971e-28
0.68994,-1.6492e-27
0.6911,-3.2304e-27
0.69227,-3.0195e-27
0.69344,-9.6905e-28
0.69461,1.8518e-27
0.69577,3.8969e-27
0.69694,4.0567e-27
0.69811,2.2216e-27
0.69928,-8.1625e-28
0.70044,-3.892e-27
0.70161,-5.9056e-27
0.70278,-5.8993e-27
0.70395,-3.0713e-27
0.70511,2.7282e-27
0.70628,9.9691e-27
0.70745,1.4816e-26
0.70862,1.2304e-26
0.70978,-2.22e-28
0.71095,-1.9139e-26
0.71212,-3.3559e-26
0.71329,-3.0165e-26
0.71445,-2.894e-27
0.71562,3.8463e-26
0.71679,6.865e-26
0.71795,6.02e-26
0.71912,4.1739e-27
0.72029,-7.5466e-26
0.72146,-1.2796e-25
0.72262,-1.0511e-25
0.72379,1.1488e-27
0.72496,1.3943e-25
0.72613,2.1891e-25
0.72729,1.6524e-25
0.72846,-1.975e-26
0.72963,-2.387e-25
0.7308,-3.451e-25
0.73196,-2.3741e-25
0.73313,5.7415e-26
0.7343,3.7502e-25
0.73547,5.0182e-25
0.73663,3.1575e-25
0.7378,-1.1209e-25
0.73897,-5.3477e-25
0.74014,-6.7232e-25
0.7413,-3.9738e-25
0.74247,1.6126e-25
0.74364,6.7831e-25
0.74481,8.2869e-25
0.74597,4.9675e-25
0.74714,-1.4334e-25
0.74831,-7.3223e-25
0.74947,-9.4427e-25
0.75064,-6.7245e-25
0.75181,-6.3966e-26
0.75298,5.9299e-25
0.75414,1.0262e-24
0.75531,1.0688e-24
0.75648,6.6143e-25
0.75765,-1.5432e-25
0.75881,-1.1775e-24
0.75998,-1.9706e-24
0.76115,-1.93e-24
0.76232,-6.2771e-25
0.76348,1.6925e-24
0.76465,3.8627e-24
0.76582,4.2034e-24
0.76699,1.6268e-24
0.76815,-3.1789e-24
0.76932,-7.481e-24
0.77049,-7.8069e-24
0.77166,-2.4089e-24
0.77282,6.6793e-24
0.77399,1.3838e-23
0.77516,1.2979e-23
0.77633,2.1207e-24
0.77749,-1.3733e-23
0.77866,-2.4211e-23
0.77983,-1.9848e-23
0.78099,4.7738e-25
0.78216,2.6287e-23
0.78333,4.0116e-23
0.7845,2.8593e-23
0.78566,-6.639e-24
0.78683,-4.6335e-23
0.788,-6.3299e-23
0.78917,-4.0033e-23
0.79033,1.6644e-23
0.7915,7.5123e-23
0.79267,9.5845e-23
0.79384,5.6889e-23
0.795,-2.7886e-23
0.79617,-1.1177e-22
0.79734,-1.4048e-22
0.79851,-8.6025e-23
0.79967,3.176e-23
0.80084,1.512e-22
0.80201,2.0108e-22
0.80318,1.4166e-22
0.80434,-9.3513e-24
0.80551,-1.8117e-22
0.80668,-2.8302e-22
0.80784,-2.4908e-22
0.80901,-7.3723e-23
0.81018,1.7851e-22
0.81135,3.927e-22
0.81251,4.4763e-22
0.81368,2.722e-22
0.81485,-1.0452e-22
0.81602,-5.3484e-22
0.81718,-7.9034e-22
0.81835,-6.633e-22
0.81952,-1.0017e-22
0.82069,7.0458e-22
0.82185,1.3361e-21
0.82302,1.3437e-21
0.82419,5.2111e-22
0.82536,-8.7325e-22
0.82652,-2.1309e-21
0.82769,-2.4154e-21
0.82886,-1.2723e-21
0.83003,9.6375e-22
0.83119,3.17e-21
0.83236,3.9572e-21
0.83353,2.4967e-21
0.8347,-8.1756e-22
0.83586,-4.347e-21
0.83703,-5.9787e-21
0.8382,-4.3514e-21
0.83936,1.6179e-22
0.84053,5.3809e-21
0.8417,8.3482e-21
0.84287,6.9808e-21
0.84403,1.4222e-21
0.8452,-5.753e-21
0.84637,-1.0725e-20
0.84754,-1.0456e-20
0.8487,-4.4645e-21
0.84987,4.6734e-21
0.85104,1.2455e-20
0.85221,1.4668e-20
0.85337,9.5641e-21
0.85454,-1.088e-21
0.85571,-1.2583e-20
0.85688,-1.9271e-20
0.85804,-1.7164e-20
0.85921,-6.0483e-21
0.86038,9.8959e-21
0.86155,2.3426e-20
0.86271,2.7236e-20
0.86388,1.7583e-20
0.86505,-3.052e-21
0.86622,-2.5851e-20
0.86738,-3.8971e-20
0.86855,-3.3443e-20
0.86972,-8.8561e-21
0.87088,2.4641e-20
0.87205,5.0044e-20
0.87322,5.1963e-20
0.87439,2.5826e-20
0.87555,-1.7657e-20
0.87672,-5.6512e-20
0.87789,-6.8896e-20
0.87906,-4.5709e-20
0.88022,3.1495e-21
0.88139,5.298e-20
0.88256,7.7385e-20
0.88373,6.3243e-20
0.88489,1.8323e-20
0.88606,-3.3679e-20
0.88723,-6.7304e-20
0.8884,-6.9364e-20
0.88956,-4.3304e-20
0.89073,-5.1628e-21
0.8919,2.8111e-20
0.89307,4.9177e-20
0.89423,6.0468e-20
0.8954,6.2794e-20
0.89657,4.9717e-20
0.89774,1.2494e-20
0.8989,-5.01e-20
0.90007,-1.2158e-19
0.90124,-1.635e-19
0.9024,-1.3348e-19
0.90357,-1.4642e-20
0.90474,1.5721e-19
0.90591,2.972e-19
0.90707,3.13e-19
0.90824,1.578e-19
0.90941,-1.2061e-19
0.91058,-3.9461e-19
0.91174,-5.1653e-19
0.91291,-4.0529e-19
0.91408,-6.2699e-20
0.91525,3.9715e-19
0.91641,7.8208e-19
0.91758,8.2642e-19
0.91875,4.303e-19
0.91992,-2.5792e-19
0.92108,-1.0328e-18
0.92225,-1.5938e-18
0.92342,-1.2205e-18
0.92459,-1.7176e-18
0.92575,-2.3397e-18
0.92692,-1.621e-18
0.92809,-1.9583e-18
0.92926,-1.9064e-18
0.93042,-2.5293e-18
0.93159,-3.0758e-18
0.93276,-3.663e-18
0.93392,-4.4428e-18
0.93509,-4.1147e-18
0.93626,-4.3424e-18
0.93743,-4.9286e-18
0.93859,-5.1092e-18
0.93976,-4.7577e-18
0.94093,-4.5592e-18
0.9421,-5.3854e-18
0.94326,-5.8922e-18
0.94443,-5.4019e-18
0.9456,-5.6449e-18
0.94677,-6.4766e-18
0.94793,-7.0675e-18
0.9491,-6.7482e-18
0.95027,-5.9456e-18
0.95144,-5.9092e-18
0.9526,-5.3102e-18
0.95377,-5.815e-18
0.95494,-5.7411e-18
0.95611,-6.0121e-18
0.95727,-5.9144e-18
0.95844,-5.3325e-18
0.95961,-5.4203e-18
0.96078,-5.3342e-18
0.96194,-5.0051e-18
0.96311,-5.1326e-18
0.96428,-4.9768e-18
0.96544,-5.6674e-18
0.96661,-5.026e-18
0.96778,-5.8485e-18
0.96895,-6.2577e-18
0.97011,-5.4469e-18
0.97128,-4.6703e-18
0.97245,-4.8979e-18
0.97362,-4.2709e-18
0.97478,-4.9835e-18
0.97595,-5.5276e-18
0.97712,-4.8974e-18
0.97829,-4.6437e-18
0.97945,-4.3747e-18
0.98062,-5.0921e-18
0.98179,-5.0435e-18
0.98296,-4.2831e-18
0.98412,-3.5847e-18
0.98529,-3.5918e-18
0.98646,-3.7109e-18
0.98763,-3.1898e-18
0.98879,-4.0167e-18
0.98996,-3.4309e-18
0.99113,-3.4409e-18
0.9923,-4.1385e-18
0.99346,-4.6622e-18
0.99463,-4.0771e-18
0.9958,-4.7965e-18
0.99696,-4.8847e-18
0.99813,-4.1306e-18
0.9993,-3.3402e-18
1.0005,-3.0828e-18
1.0016,-3.4797e-18
1.0028,-3.8465e-18
1.004,-4.0449e-18
1.0051,-3.7662e-18
1.0063,-3.7742e-18
1.0075,-3.1762e-18
1.0086,-3.387e-18
1.0098,-3.7547e-18
1.011,-4.3638e-18
1.0121,-4.9042e-18
1.0133,-4.606e-18
1.0145,-5.2355e-18
1.0156,-4.9999e-18
1.0168,-5.6752e-18
1.018,-5.7679e-18
1.0191,-6.4459e-18
1.0203,-5.731e-18
1.0215,-4.9309e-18
1.0226,-5.5262e-18
1.0238,-4.7829e-18
1.025,-4.1257e-18
1.0261,-4.8971e-18
1.0273,-5.4782e-18
1.0285,-6.0209e-18
1.0297,-6.1401e-18
1.0308,-6.6025e-18
1.032,-6.8972e-18
1.0332,-6.7092e-18
1.0343,-7.263e-18
1.0355,-7.7348e-18
1.0367,-8.06e-18
1.0378,-7.888e-18
1.039,-8.5223e-18
1.0402,-7.7684e-18
1.0413,-8.52e-18
1.0425,-8.6992e-18
1.0437,-8.4001e-18
1.0448,-7.7431e-18
1.046,-7.5935e-18
1.0472,-6.9615e-18
1.0483,-7.7438e-18
1.0495,-7.0842e-18
1.0507,-7.0471e-18
1.0518,-6.5165e-18
1.053,-6.1292e-18
1.0542,-6.9189e-18
1.0553,-6.657e-18
1.0565,-7.1461e-18
1.0577,-7.0918e-18
1.0588,-7.3134e-18
1.06,-7.1713e-18
1.0612,-6.7347e-18
1.0623,-6.4924e-18
1.0635,-5.9992e-18
1.0647,-6.3876e-18
1.0658,-6.4931e-18
1.067,-6.6316e-18
1.0682,-6.8764e-18
1.0693,-7.3843e-18
1.0705,-6.64e-18
1.0717,-6.9014e-18
1.0728,-6.7582e-18
1.074,-7.2098e-18
1.0752,-7.6175e-18
1.0763,-7.9803e-18
1.0775,-7.5366e-18
1.0787,-6.725e-18
1.0799,-6.2016e-18
1.081,-6.9592e-18
1.0822,-7.774e-18
1.0834,-8.0462e-18
1.0845,-7.7886e-18
1.0857,-7.9283e-18
1.0869,-8.3054e-18
1.088,-7.5836e-18
1.0892,-8.1095e-18
1.0904,-8.1848e-18
1.0915,-8.5803e-18
1.0927,-8.0575e-18
1.0939,-8.1868e-18
1.095,-8.7742e-18
1.0962,-9.4153e-18
1.0974,-9.0168e-18
1.0985,-9.868e-18
1.0997,-1.0249e-17
1.1009,-1.0595e-17
1.102,-9.7761e-18
1.1032,-1.0345e-17
1.1044,-1.0468e-17
1.1055,-1.0073e-17
1.1067,-9.853e-18
1.1079,-1.0304e-17
1.109,-1.0539e-17
1.1102,-1.0049e-17
1.1114,-1.0685e-17
1.1125,-1.0543e-17
1.1137,-1.0138e-17
1.1149,-1.0719e-17
1.116,-1.027e-17
1.1172,-9.9121e-18
1.1184,-1.0635e-17
1.1195,-9.8845e-18
1.1207,-9.4633e-18
1.1219,-9.1794e-18
1.123,-9.962e-18
1.1242,-9.8811e-18
1.1254,-1.064e-17
1.1265,-9.9305e-18
1.1277,-9.4135e-18
1.1289,-8.6903e-18
1.13,-8.6128e-18
1.1312,-8.4026e-18
1.1324,-9.1535e-18
1.1336,-9.0197e-18
1.1347,-9.2201e-18
1.1359,-9.3573e-18
1.1371,-9.4591e-18
1.1382,-9.2451e-18
1.1394,-9.7447e-18
1.1406,-9.2955e-18
1.1417,-9.6654e-18
1.1429,-1.0487e-17
1.1441,-1.0948e-17
1.1452,-1.1477e-17
1.1464,-1.0691e-17
1.1476,-1.1539e-17
1.1487,-1.2162e-17
1.1499,-1.2182e-17
1.1511,-1.2219e-17
1.1522,-1.2905e-17
1.1534,-1.2787e-17
1.1546,-1.3034e-17
1.1557,-1.2313e-17
1.1569,-1.2963e-17
1.1581,-1.3261e-17
1.1592,-1.3017e-17
1.1604,-1.3433e-17
1.1616,-1.3481e-17
1.1627,-1.3274e-17
1.1639,-1.2693e-17
1.1651,-1.1846e-17
1.1662,-1.1039e-17
1.1674,-1.1287e-17
1.1686,-1.1543e-17
1.1697,-1.2281e-17
1.1709,-1.2182e-17
1.1721,-1.2638e-17
1.1732,-1.3077e-17
1.1744,-1.234e-17
1.1756,-1.3157e-17
1.1767,-1.3817e-17
1.1779,-1.3906e-17
1.1791,-1.392e-17
1.1802,-1.3386e-17
1.1814,-1.295e-17
1.1826,-1.3584e-17
1.1837,-1.3554e-17
1.1849,-1.3807e-17
1.1861,-1.3115e-17
1.1873,-1.3309e-17
1.1884,-1.4158e-17
1.1896,-1.3724e-17
1.1908,-1.4322e-17
1.1919,-1.3594e-17
1.1931,-1.3527e-17
1.1943,-1.3559e-17
1.1954,-1.341e-17
1.1966,-1.3026e-17
1.1978,-1.2678e-17
1.1989,-1.3176e-17
1.2001,-1.2806e-17
1.2013,-1.2782e-17
1.2024,-1.2395e-17
1.2036,-1.2778e-17
1.2048,-1.3109e-17
1.2059,-1.3589e-17
1.2071,-1.423e-17
1.2083,-1.3514e-17
1.2094,-1.3995e-17
1.2106,-1.3311e-17
1.2118,-1.2828e-17
1.2129,-1.2516e-17
1.2141,-1.3046e-17
1.2153,-1.2922e-17
1.2164,-1.2662e-17
1.2176,-1.2728e-17
1.2188,-1.2102e-17
1.2199,-1.2617e-17
1.2211,-1.2974e-17
1.2223,-1.3127e-17
1.2234,-1.3151e-17
1.2246,-1.2484e-17
1.2258,-1.2976e-17
1.2269,-1.2745e-17
1.2281,-1.2721e-17
1.2293,-1.3004e-17
1.2304,-1.3542e-17
1.2316,-1.3242e-17
1.2328,-1.2579e-17
1.2339,-1.2815e-17
1.2351,-1.2227e-17
1.2363,-1.3011e-17
1.2375,-1.3498e-17
1.2386,-1.3988e-17
1.2398,-1.3657e-17
1.241,-1.3042e-17
1.2421,-1.3271e-17
1.2433,-1.3422e-17
1.2445,-1.3108e-17
1.2456,-1.3217e-17
1.2468,-1.2768e-17
1.248,-1.2922e-17
1.2491,-1.3507e-17
1.2503,-1.3525e-17
1.2515,-1.2948e-17
1.2526,-1.3615e-17
1.2538,-1.405e-17
1.255,-1.4715e-17
1.2561,-1.4731e-17
1.2573,-1.4864e-17
1.2585,-1.5359e-17
1.2596,-1.6082e-17
1.2608,-1.6237e-17
1.262,-1.6662e-17
1.2631,-1.7025e-17
1.2643,-1.6553e-17
1.2655,-1.7244e-17
1.2666,-1.8045e-17
1.2678,-1.8739e-17
1.269,-1.9447e-17
1.2701,-2.0147e-17
1.2713,-2.0899e-17
1.2725,-2.1333e-17
1.2736,-2.1517e-17
1.2748,-2.0927e-17
1.276,-2.0344e-17
1.2771,-2.0229e-17
1.2783,-1.9905e-17
1.2795,-1.9827e-17
1.2806,-1.8979e-17
1.2818,-1.8516e-17
1.283,-1.8538e-17
1.2841,-1.8508e-17
1.2853,-1.8176e-17
1.2865,-1.7834e-17
1.2876,-1.7402e-17
1.2888,-1.7989e-17
1.29,-1.8008e-17
1.2912,-1.8535e-17
1.2923,-1.8226e-17
1.2935,-1.8219e-17
1.2947,-1.8004e-17
1.2958,-1.7499e-17
1.297,-1.6792e-17
1.2982,-1.6922e-17
1.2993,-1.7291e-17
1.3005,-1.7792e-17
1.3017,-1.7588e-17
1.3028,-1.7354e-17
1.304,-1.8105e-17
1.3052,-1.8466e-17
1.3063,-1.7692e-17
1.3075,-1.7688e-17
1.3087,-1.8092e-17
1.3098,-1.8199e-17
1.311,-1.7899e-17
1.3122,-1.8369e-17
1.3133,-1.7826e-17
1.3145,-1.7253e-17
1.3157,-1.7408e-17
1.3168,-1.7089e-17
1.318,-1.6576e-17
1.3192,-1.6638e-17
1.3203,-1.6672e-17
1.3215,-1.621e-17
1.3227,-1.558e-17
1.3238,-1.5143e-17
1.325,-1.449e-17
1.3262,-1.457e-17
1.3273,-1.5113e-17
1.3285,-1.4759e-17
1.3297,-1.4821e-17
1.3308,-1.5475e-17
1.332,-1.619e-17
1.3332,-1.5393e-17
1.3343,-1.5298e-17
1.3355,-1.5398e-17
1.3367,-1.4929e-17
1.3378,-1.5518e-17
1.339,-1.4954e-17
1.3402,-1.4982e-17
1.3413,-1.5298e-17
1.3425,-1.5071e-17
1.3437,-1.5006e-17
1.3449,-1.517e-17
1.346,-1.4777e-17
1.3472,-1.4566e-17
1.3484,-1.4911e-17
1.3495,-1.5457e-17
1.3507,-1.5657e-17
1.3519,-1.6103e-17
1.353,-1.6877e-17
1.3542,-1.6624e-17
1.3554,-1.6777e-17
1.3565,-1.6682e-17
1.3577,-1.6891e-17
1.3589,-1.6352e-17
1.36,-1.5754e-17
1.3612,-1.6207e-17
1.3624,-1.6955e-17
1.3635,-1.6972e-17
1.3647,-1.6792e-17
1.3659,-1.6351e-17
1.367,-1.6818e-17
1.3682,-1.6109e-17
1.3694,-1.6618e-17
1.3705,-1.6092e-17
1.3717,-1.6887e-17
1.3729,-1.6908e-17
1.374,-1.6496e-17
1.3752,-1.6264e-17
1.3764,-1.5412e-17
1.3775,-1.626e-17
1.3787,-1.6956e-17
1.3799,-1.7789e-17
1.381,-1.8359e-17
1.3822,-1.8149e-17
1.3834,-1.8029e-17
1.3845,-1.8466e-17
1.3857,-1.821e-17
1.3869,-1.8253e-17
1.388,-1.7559e-17
1.3892,-1.7978e-17
1.3904,-1.8278e-17
1.3915,-1.7594e-17
1.3927,-1.7643e-17
1.3939,-1.7119e-17
1.3951,-1.6278e-17
1.3962,-1.6505e-17
1.3974,-1.7334e-17
1.3986,-1.7082e-17
1.3997,-1.7226e-17
1.4009,-1.8041e-17
1.4021,-1.7623e-17
1.4032,-1.7932e-17
1.4044,-1.823e-17
1.4056,-1.88e-17
1.4067,-1.8842e-17
1.4079,-1.87e-17
1.4091,-1.9523e-17
1.4102,-2.0021e-17
1.4114,-1.9786e-17
1.4126,-1.9532e-17
1.4137,-1.8685e-17
1.4149,-1.9018e-17
1.4161,-1.9706e-17
1.4172,-1.9522e-17
1.4184,-2.0197e-17
1.4196,-1.9882e-17
1.4207,-2.0669e-17
1.4219,-1.9987e-17
1.4231,-1.9869e-17
1.4242,-2.0548e-17
1.4254,-2.033e-17
1.4266,-2.0638e-17
1.4277,-2.0604e-17
1.4289,-2.0082e-17
1.4301,-2.0049e-17
1.4312,-1.9943e-17
1.4324,-1.9344e-17
1.4336,-1.8999e-17
1.4347,-1.963e-17
1.4359,-1.9396e-17
1.4371,-1.8841e-17
1.4382,-1.9031e-17
1.4394,-1.8515e-17
1.4406,-1.7844e-17
1.4417,-1.8547e-17
1.4429,-1.8822e-17
1.4441,-1.9286e-17
1.4452,-1.853e-17
1.4464,-1.9003e-17
1.4476,-1.96e-17
1.4488,-1.996e-17
1.4499,-1.9997e-17
1.4511,-1.9578e-17
1.4523,-1.9686e-17
1.4534,-1.9519e-17
1.4546,-1.9289e-17
1.4558,-1.9806e-17
1.4569,-1.9755e-17
1.4581,-1.9436e-17
1.4593,-1.9103e-17
1.4604,-1.8613e-17
1.4616,-1.913e-17
1.4628,-1.8777e-17
1.4639,-1.9356e-17
1.4651,-1.8843e-17
1.4663,-1.8319e-17
1.4674,-1.8288e-17
1.4686,-1.9095e-17
1.4698,-1.9059e-17
1.4709,-1.8803e-17
1.4721,-1.9137e-17
1.4733,-1.9091e-17
1.4744,-1.9281e-17
1.4756,-1.9888e-17
1.4768,-2.0617e-17
1.4779,-2.0897e-17
1.4791,-2.0692e-17
1.4803,-2.0637e-17
1.4814,-2.0134e-17
1.4826,-1.9838e-17
1.4838,-1.95e-17
1.4849,-1.872e-17
1.4861,-1.9257e-17
1.4873,-1.9408e-17
1.4884,-1.9359e-17
1.4896,-1.8676e-17
1.4908,-1.8406e-17
1.4919,-1.8642e-17
1.4931,-1.8163e-17
1.4943,-1.8534e-17
1.4954,-1.9283e-17
1.4966,-1.8523e-17
1.4978,-1.8128e-17
1.4989,-1.8489e-17
1.5001,-1.925e-17
1.5013,-1.8615e-17
1.5025,-1.8971e-17
1.5036,-1.8232e-17
1.5048,-1.7849e-17
1.506,-1.7305e-17
1.5071,-1.8145e-17
1.5083,-1.8995e-17
1.5095,-1.9607e-17
1.5106,-1.9349e-17
1.5118,-1.8828e-17
1.513,-1.8652e-17
1.5141,-1.8889e-17
1.5153,-1.8801e-17
1.5165,-1.9196e-17
1.5176,-1.9579e-17
1.5188,-1.9869e-17
1.52,-1.9766e-17
1.5211,-2.0151e-17
1.5223,-1.9896e-17
1.5235,-1.969e-17
1.5246,-2.0508e-17
1.5258,-2.1297e-17
1.527,-2.0921e-17
1.5281,-2.074e-17
1.5293,-2.1465e-17
1.5305,-2.091e-17
1.5316,-2.008e-17
1.5328,-1.9819e-17
1.534,-1.8997e-17
1.5351,-1.946e-17
1.5363,-1.8694e-17
1.5375,-1.8704e-17
1.5386,-1.7958e-17
1.5398,-1.7525e-17
1.541,-1.806e-17
1.5421,-1.8195e-17
1.5433,-1.7965e-17
1.5445,-1.794e-17
1.5456,-1.8161e-17
1.5468,-1.7765e-17
1.548,-1.7191e-17
1.5491,-1.6969e-17
1.5503,-1.713e-17
1.5515,-1.6483e-17
1.5527,-1.6641e-17
1.5538,-1.6881e-17
1.555,-1.6918e-17
1.5562,-1.6153e-17
1.5573,-1.5629e-17
1.5585,-1.5104e-17
1.5597,-1.4791e-17
1.5608,-1.4712e-17
1.562,-1.461e-17
1.5632,-1.5168e-17
1.5643,-1.4763e-17
1.5655,-1.5306e-17
1.5667,-1.5587e-17
1.5678,-1.5575e-17
1.569,-1.5152e-17
1.5702,-1.4954e-17
1.5713,-1.4784e-17
1.5725,-1.5014e-17
1.5737,-1.5826e-17
1.5748,-1.6666e-17
1.576,-1.7276e-17
1.5772,-1.6954e-17
1.5783,-1.6789e-17
1.5795,-1.6167e-17
1.5807,-1.6481e-17
1.5818,-1.6546e-17
1.583,-1.681e-17
1.5842,-1.5961e-17
1.5853,-1.559e-17
1.5865,-1.4738e-17
1.5877,-1.5086e-17
1.5888,-1.5172e-17
1.59,-1.4941e-17
1.5912,-1.4944e-17
1.5923,-1.4105e-17
1.5935,-1.4626e-17
1.5947,-1.4383e-17
1.5958,-1.4251e-17
1.597,-1.4125e-17
1.5982,-1.3687e-17
1.5993,-1.2969e-17
1.6005,-1.3067e-17
1.6017,-1.3394e-17
1.6028,-1.3443e-17
1.604,-1.4135e-17
1.6052,-1.4665e-17
1.6064,-1.4456e-17
1.6075,-1.4553e-17
1.6087,-1.5195e-17
1.6099,-1.525e-17
1.611,-1.4541e-17
1.6122,-1.4522e-17
1.6134,-1.4979e-17
1.6145,-1.4467e-17
1.6157,-1.3698e-17
1.6169,-1.4288e-17
1.618,-1.4994e-17
1.6192,-1.4245e-17
1.6204,-1.3932e-17
1.6215,-1.406e-17
1.6227,-1.4543e-17
1.6239,-1.506e-17
1.625,-1.5501e-17
1.6262,-1.63e-17
1.6274,-1.6611e-17
1.6285,-1.5966e-17
1.6297,-1.6314e-17
1.6309,-1.5545e-17
1.632,-1.6239e-17
1.6332,-1.5817e-17
1.6344,-1.5307e-17
1.6355,-1.5037e-17
1.6367,-1.4259e-17
1.6379,-1.4308e-17
1.639,-1.4688e-17
1.6402,-1.5249e-17
1.6414,-1.4602e-17
1.6425,-1.3787e-17
1.6437,-1.4147e-17
1.6449,-1.3765e-17
1.646,-1.3935e-17
1.6472,-1.4244e-17
1.6484,-1.447e-17
1.6495,-1.3856e-17
1.6507,-1.4113e-17
1.6519,-1.4005e-17
1.653,-1.3845e-17
1.6542,-1.3797e-17
1.6554,-1.3977e-17
1.6565,-1.4203e-17
1.6577,-1.3578e-17
1.6589,-1.4254e-17
1.6601,-1.3825e-17
1.6612,-1.3794e-17
1.6624,-1.2959e-17
1.6636,-1.2194e-17
1.6647,-1.1718e-17
1.6659,-1.2366e-17
1.6671,-1.1788e-17
1.6682,-1.1933e-17
1.6694,-1.2368e-17
1.6706,-1.2737e-17
1.6717,-1.3228e-17
1.6729,-1.3471e-17
1.6741,-1.2686e-17
1.6752,-1.2912e-17
1.6764,-1.2819e-17
1.6776,-1.2594e-17
1.6787,-1.3273e-17
1.6799,-1.3426e-17
1.6811,-1.387e-17
1.6822,-1.4422e-17
1.6834,-1.5227e-17
1.6846,-1.5979e-17
1.6857,-1.6809e-17
1.6869,-1.662e-17
1.6881,-1.6152e-17
1.6892,-1.6619e-17
1.6904,-1.6995e-17
1.6916,-1.7825e-17
1.6927,-1.861e-17
1.6939,-1.8428e-17
1.6951,-1.7808e-17
1.6962,-1.8375e-17
1.6974,-1.7555e-17
1.6986,-1.7612e-17
1.6997,-1.6932e-17
1.7009,-1.6794e-17
1.7021,-1.6672e-17
1.7032,-1.7402e-17
1.7044,-1.7023e-17
1.7056,-1.7204e-17
1.7067,-1.6887e-17
1.7079,-1.6105e-17
1.7091,-1.5284e-17
1.7102,-1.5605e-17
1.7114,-1.6385e-17
1.7126,-1.684e-17
1.7138,-1.7015e-17
1.7149,-1.7392e-17
1.7161,-1.8116e-17
1.7173,-1.7642e-17
1.7184,-1.8477e-17
1.7196,-1.8043e-17
1.7208,-1.8834e-17
1.7219,-1.8556e-17
1.7231,-1.9274e-17
1.7243,-1.922e-17
1.7254,-1.8466e-17
1.7266,-1.8149e-17
1.7278,-1.8207e-17
1.7289,-1.8942e-17
1.7301,-1.9481e-17
1.7313,-1.9001e-17
1.7324,-1.9618e-17
1.7336,-2.0018e-17
1.7348,-1.9242e-17
1.7359,-1.8841e-17
1.7371,-1.9682e-17
1.7383,-1.9376e-17
1.7394,-2.0223e-17
1.7406,-2.0308e-17
1.7418,-2.0646e-17
1.7429,-2.0765e-17
1.7441,-2.0554e-17
1.7453,-2.0579e-17
1.7464,-2.1095e-17
1.7476,-2.0549e-17
1.7488,-2.0036e-17
1.7499,-1.9713e-17
1.7511,-1.9368e-17
1.7523,-1.8978e-17
1.7534,-1.9333e-17
1.7546,-1.9094e-17
1.7558,-1.9012e-17
1.7569,-1.8543e-17
1.7581,-1.8579e-17
1.7593,-1.8642e-17
1.7604,-1.8862e-17
1.7616,-1.887e-17
1.7628,-1.9336e-17
1.764,-1.9668e-17
1.7651,-1.9642e-17
1.7663,-1.8799e-17
1.7675,-1.8728e-17
1.7686,-1.8288e-17
1.7698,-1.8843e-17
1.771,-1.8929e-17
1.7721,-1.8959e-17
1.7733,-1.8776e-17
1.7745,-1.8146e-17
1.7756,-1.7929e-17
1.7768,-1.7556e-17
1.778,-1.6993e-17
1.7791,-1.6172e-17
1.7803,-1.5878e-17
1.7815,-1.5594e-17
1.7826,-1.5848e-17
1.7838,-1.543e-17
1.785,-1.499e-17
1.7861,-1.5702e-17
1.7873,-1.543e-17
1.7885,-1.5057e-17
1.7896,-1.5154e-17
1.7908,-1.5698e-17
1.792,-1.5012e-17
1.7931,-1.5747e-17
1.7943,-1.6079e-17
1.7955,-1.5661e-17
1.7966,-1.5545e-17
1.7978,-1.6235e-17
1.799,-1.5728e-17
1.8001,-1.6452e-17
1.8013,-1.656e-17
1.8025,-1.7082e-17
1.8036,-1.7559e-17
1.8048,-1.7332e-17
1.806,-1.7999e-17
1.8071,-1.7929e-17
1.8083,-1.7656e-17
1.8095,-1.8436e-17
1.8106,-1.804e-17
1.8118,-1.7992e-17
1.813,-1.7854e-17
1.8141,-1.7895e-17
1.8153,-1.7734e-17
1.8165,-1.8469e-17
1.8177,-1.8342e-17
1.8188,-1.8283e-17
1.82,-1.8492e-17
1.8212,-1.8891e-17
1.8223,-1.8249e-17
1.8235,-1.8111e-17
1.8247,-1.8678e-17
1.8258,-1.8462e-17
1.827,-1.8581e-17
1.8282,-1.8879e-17
1.8293,-1.8148e-17
1.8305,-1.8032e-17
1.8317,-1.8499e-17
1.8328,-1.901e-17
1.834,-1.9073e-17
1.8352,-1.983e-17
1.8363,-1.9379e-17
1.8375,-1.8558e-17
1.8387,-1.9304e-17
1.8398,-1.9894e-17
1.841,-1.9722e-17
1.8422,-1.9125e-17
1.8433,-1.8394e-17
1.8445,-1.8457e-17
1.8457,-1.9103e-17
1.8468,-1.9323e-17
1.848,-1.9554e-17
1.8492,-1.9539e-17
1.8503,-2.0039e-17
1.8515,-2.0572e-17
1.8527,-1.9785e-17
1.8538,-1.9468e-17
1.855,-1.8871e-17
1.8562,-1.8453e-17
1.8573,-1.8103e-17
1.8585,-1.736e-17
1.8597,-1.7267e-17
1.8608,-1.6905e-17
1.862,-1.6991e-17
1.8632,-1.6696e-17
1.8643,-1.7297e-17
1.8655,-1.6733e-17
1.8667,-1.7021e-17
1.8678,-1.7062e-17
1.869,-1.708e-17
1.8702,-1.7367e-17
1.8714,-1.6647e-17
1.8725,-1.6106e-17
1.8737,-1.5588e-17
1.8749,-1.5025e-17
1.876,-1.4349e-17
1.8772,-1.4211e-17
1.8784,-1.4476e-17
1.8795,-1.454e-17
1.8807,-1.523e-17
1.8819,-1.4443e-17
1.883,-1.4058e-17
1.8842,-1.4771e-17
1.8854,-1.4968e-17
1.8865,-1.4763e-17
1.8877,-1.4603e-17
1.8889,-1.4509e-17
1.89,-1.4797e-17
1.8912,-1.5554e-17
1.8924,-1.5192e-17
1.8935,-1.5815e-17
1.8947,-1.5766e-17
1.8959,-1.5136e-17
1.897,-1.5087e-17
1.8982,-1.5017e-17
1.8994,-1.452e-17
1.9005,-1.5143e-17
1.9017,-1.514e-17
1.9029,-1.527e-17
1.904,-1.5915e-17
1.9052,-1.6024e-17
1.9064,-1.5371e-17
1.9075,-1.5009e-17
1.9087,-1.5565e-17
1.9099,-1.4979e-17
1.911,-1.5109e-17
1.9122,-1.5441e-17
1.9134,-1.4766e-17
1.9145,-1.4673e-17
1.9157,-1.5273e-17
1.9169,-1.4397e-17
1.918,-1.361e-17
1.9192,-1.3494e-17
1.9204,-1.2976e-17
1.9216,-1.2144e-17
1.9227,-1.2386e-17
1.9239,-1.2002e-17
1.9251,-1.1416e-17
1.9262,-1.1591e-17
1.9274,-1.1364e-17
1.9286,-1.0689e-17
1.9297,-1.1356e-17
1.9309,-1.189e-17
1.9321,-1.2401e-17
1.9332,-1.1681e-17
1.9344,-1.1095e-17
1.9356,-1.0867e-17
1.9367,-1.0528e-17
1.9379,-1.0726e-17
1.9391,-1.1147e-17
1.9402,-1.1479e-17
1.9414,-1.208e-17
1.9426,-1.2277e-17
1.9437,-1.2341e-17
1.9449,-1.2919e-17
1.9461,-1.2647e-17
1.9472,-1.2106e-17
1.9484,-1.1609e-17
1.9496,-1.1315e-17
1.9507,-1.1154e-17
1.9519,-1.1016e-17
1.9531,-1.1818e-17
1.9542,-1.1949e-17
1.9554,-1.1676e-17
1.9566,-1.1538e-17
1.9577,-1.1467e-17
1.9589,-1.0568e-17
1.9601,-9.8708e-18
1.9612,-9.8223e-18
1.9624,-1.0221e-17
1.9636,-9.5015e-18
1.9647,-9.6991e-18
1.9659,-9.5163e-18
1.9671,-1.0139e-17
1.9682,-9.3521e-18
1.9694,-9.4827e-18
1.9706,-9.1432e-18
1.9717,-8.5799e-18
1.9729,-8.4194e-18
1.9741,-9.1766e-18
1.9753,-9.3743e-18
1.9764,-9.281e-18
1.9776,-9.6354e-18
1.9788,-9.4078e-18
1.9799,-1.012e-17
1.9811,-1.0676e-17
1.9823,-1.065e-17
1.9834,-1.1452e-17
1.9846,-1.1672e-17
1.9858,-1.1623e-17
1.9869,-1.1373e-17
1.9881,-1.0698e-17
1.9893,-1.1097e-17
1.9904,-1.0735e-17
1.9916,-1.1403e-17
1.9928,-1.216e-17
1.9939,-1.2604e-17
1.9951,-1.2914e-17
1.9963,-1.3447e-17
1.9974,-1.3533e-17
1.9986,-1.3574e-17
1.9998,-1.2944e-17
2.0009,-1.2537e-17
2.0021,-1.1772e-17
2.0033,-1.0828e-17
2.0044,-1.0601e-17
2.0056,-1.0731e-17
2.0068,-1.122e-17
2.0079,-1.1037e-17
2.0091,-1.1839e-17
2.0103,-1.1746e-17
2.0114,-1.1071e-17
2.0126,-1.0575e-17
2.0138,-1.1018e-17
2.0149,-1.1283e-17
2.0161,-1.1593e-17
2.0173,-1.0828e-17
2.0184,-1.0914e-17
2.0196,-1.0194e-17
2.0208,-1.028e-17
2.0219,-1.0858e-17
2.0231,-1.1302e-17
2.0243,-1.2014e-17
2.0254,-1.2727e-17
2.0266,-1.1917e-17
2.0278,-1.1466e-17
2.029,-1.0656e-17
2.0301,-1.0294e-17
2.0313,-9.7534e-18
2.0325,-8.9439e-18
2.0336,-8.4477e-18
2.0348,-8.0858e-18
2.036,-8.4402e-18
2.0371,-8.0783e-18
2.0383,-7.806e-18
2.0395,-8.3394e-18
2.0406,-7.4403e-18
2.0418,-7.5709e-18
2.043,-8.2386e-18
2.0441,-8.19e-18
2.0453,-8.6787e-18
2.0465,-9.033e-18
2.0476,-9.0293e-18
2.0488,-8.8912e-18
2.05,-8.3503e-18
2.0511,-7.4512e-18
2.0523,-8.3428e-18
2.0535,-8.6523e-18
2.0546,-8.8276e-18
2.0558,-9.6296e-18
2.057,-9.3573e-18
2.0581,-8.4583e-18
2.0593,-7.7383e-18
2.0605,-7.5555e-18
2.0616,-6.6564e-18
2.0628,-6.1155e-18
2.064,-6.1117e-18
2.0651,-6.1975e-18
2.0663,-5.6566e-18
2.0675,-5.6528e-18
2.0686,-5.2909e-18
2.0698,-5.4662e-18
2.071,-5.9996e-18
2.0721,-5.3244e-18
2.0733,-5.2759e-18
2.0745,-4.6007e-18
2.0756,-4.776e-18
2.0768,-5.4437e-18
2.078,-6.2904e-18
2.0792,-6.2419e-18
2.0803,-6.2829e-18
2.0815,-6.5925e-18
2.0827,-6.7678e-18
2.0838,-7.1221e-18
2.085,-6.2679e-18
2.0862,-5.8612e-18
2.0873,-6.3946e-18
2.0885,-5.6299e-18
2.0897,-5.1785e-18
2.0908,-4.7271e-18
2.092,-4.5443e-18
2.0932,-3.7795e-18
2.0943,-4.2234e-18
2.0955,-4.7568e-18
2.0967,-4.8426e-18
2.0978,-4.615e-18
2.099,-4.4322e-18
2.1002,-3.4436e-18
2.1013,-3.977e-18
2.1025,-3.9733e-18
2.1037,-4.3276e-18
2.1048,-4.5029e-18
2.106,-5.0363e-18
2.1072,-5.4802e-18
2.1083,-4.7154e-18
2.1095,-4.085e-18
2.1107,-3.4098e-18
2.1118,-3.1822e-18
2.113,-3.3127e-18
2.1142,-4.0699e-18
2.1153,-4.29e-18
2.1165,-3.9729e-18
2.1177,-4.5511e-18
2.1188,-4.413e-18
2.12,-4.9912e-18
2.1212,-5.1665e-18
2.1223,-5.8789e-18
2.1235,-5.8304e-18
2.1247,-6.2743e-18
2.1258,-5.7781e-18
2.127,-5.8191e-18
2.1282,-5.0544e-18
2.1293,-5.7221e-18
2.1305,-5.584e-18
2.1317,-5.8041e-18
2.1329,-6.2032e-18
2.134,-5.8861e-18
2.1352,-5.8823e-18
2.1364,-6.4605e-18
2.1375,-7.1282e-18
2.1387,-6.6768e-18
2.1399,-6.0911e-18
2.141,-5.774e-18
2.1422,-6.3074e-18
2.1434,-7.1094e-18
2.1445,-6.9713e-18
2.1457,-7.46e-18
2.1469,-7.9486e-18
2.148,-8.4373e-18
2.1492,-8.7469e-18
2.1504,-8.1612e-18
2.1515,-8.4708e-18
2.1527,-8.2432e-18
2.1539,-8.0156e-18
2.155,-8.7728e-18
2.1562,-9.351e-18
2.1574,-9.3025e-18
2.1585,-8.5377e-18
2.1597,-8.7578e-18
2.1609,-8.9778e-18
2.162,-8.2131e-18
2.1632,-9.0598e-18
2.1644,-8.116e-18
2.1655,-7.4408e-18
2.1667,-7.9295e-18
2.1679,-7.8809e-18
2.169,-7.2057e-18
2.1702,-7.0677e-18
2.1714,-7.4668e-18
2.1725,-7.9554e-18
2.1737,-7.1907e-18
2.1749,-7.3212e-18
2.176,-8.2575e-18
2.1772,-7.2242e-18
2.1784,-7.4442e-18
2.1795,-7.9329e-18
2.1807,-8.2425e-18
2.1819,-7.8358e-18
2.183,-7.6978e-18
2.1842,-7.8283e-18
2.1854,-7.9588e-18
2.1866,-7.3731e-18
2.1877,-7.5932e-18
2.1889,-7.4551e-18
2.1901,-6.959e-18
2.1912,-6.2838e-18
2.1924,-6.5934e-18
2.1936,-6.9925e-18
2.1947,-6.4963e-18
2.1959,-5.7316e-18
2.1971,-5.8621e-18
2.1982,-5.9031e-18
2.1994,-6.1231e-18
2.2006,-5.2689e-18
2.2017,-5.3099e-18
2.2029,-5.5299e-18
2.2041,-5.5709e-18
2.2052,-6.4177e-18
2.2064,-5.5634e-18
2.2076,-5.6044e-18
2.2087,-6.0931e-18
2.2099,-5.5074e-18
2.2111,-6.0855e-18
2.2122,-6.037e-18
2.2134,-5.2723e-18
2.2146,-4.0599e-18
2.2157,-4.1009e-18
2.2169,-3.4257e-18
2.2181,-2.3923e-18
2.2192,-1.8067e-18
2.2204,-1.4e-18
2.2216,-1.441e-18
2.2227,-1.482e-18
2.2239,-6.2775e-19
2.2251,-9.3734e-19
2.2262,-1.726e-19
2.2274,-4.8218e-19
2.2286,-4.3366e-19
2.2297,-2.7023e-20
2.2309,5.5867e-19
2.2321,1.1444e-18
2.2332,1.1034e-18
2.2344,1.7786e-18
2.2356,2.9014e-18
2.2367,3.3081e-18
2.2379,2.6404e-18
2.2391,3.3156e-18
2.2403,2.9165e-18
2.2414,2.4278e-18
2.2426,3.103e-18
2.2438,3.5097e-18
2.2449,3.7373e-18
2.2461,2.98e-18
2.2473,3.4762e-18
2.2484,3.4352e-18
2.2496,4.1104e-18
2.2508,4.0694e-18
2.2519,3.6703e-18
2.2531,3.5398e-18
2.2543,4.215e-18
2.2554,3.2787e-18
2.2566,4.312e-18
2.2578,3.9129e-18
2.2589,4.9462e-18
2.2601,5.0843e-18
2.2613,5.0433e-18
2.2624,5.629e-18
2.2636,6.6623e-18
2.2648,6.1737e-18
2.2659,6.5803e-18
2.2671,6.8079e-18
2.2683,6.8564e-18
2.2694,6.9049e-18
2.2706,7.3116e-18
2.2718,7.7182e-18
2.2729,7.9458e-18
2.2741,8.5315e-18
2.2753,8.7591e-18
2.2764,7.9123e-18
2.2776,7.6922e-18
2.2788,7.2931e-18
2.2799,7.5207e-18
2.2811,7.2111e-18
2.2823,6.633e-18
2.2834,6.9501e-18
2.2846,7.0881e-18
2.2858,6.5099e-18
2.2869,7.4537e-18
2.2881,7.3232e-18
2.2893,7.1032e-18
2.2905,6.6145e-18
2.2916,7.2002e-18
2.2928,7.6068e-18
2.294,6.6706e-18
2.2951,7.4353e-18
2.2963,7.6629e-18
2.2975,8.0695e-18
2.2986,7.7599e-18
2.2998,7.9875e-18
2.301,8.9313e-18
2.3021,9.517e-18
2.3033,9.9236e-18
2.3045,9.435e-18
2.3056,1.02e-17
2.3068,1.0248e-17
2.308,9.2225e-18
2.3091,9.45e-18
2.3103,9.3195e-18
2.3115,9.2785e-18
2.3126,1.0133e-17
2.3138,1.0987e-17
2.315,1.0498e-17
2.3161,1.0099e-17
2.3173,9.7002e-18
2.3185,9.3011e-18
2.3196,9.2601e-18
2.3208,9.8458e-18
2.322,1.0521e-17
2.3231,1.1286e-17
2.3243,1.1692e-17
2.3255,1.1383e-17
2.3266,1.1431e-17
2.3278,1.2375e-17
2.329,1.2066e-17
2.3301,1.1935e-17
2.3313,1.2342e-17
2.3325,1.2748e-17
2.3336,1.3334e-17
2.3348,1.3203e-17
2.336,1.2715e-17
2.3371,1.348e-17
2.3383,1.317e-17
2.3395,1.3756e-17
2.3406,1.4341e-17
2.3418,1.439e-17
2.343,1.4976e-17
2.3442,1.4487e-17
2.3453,1.5431e-17
2.3465,1.4763e-17
2.3477,1.5707e-17
2.3488,1.6113e-17
2.35,1.6878e-17
2.3512,1.5852e-17
2.3523,1.5901e-17
2.3535,1.5054e-17
2.3547,1.564e-17
2.3558,1.6405e-17
2.357,1.6811e-17
2.3582,1.686e-17
2.3593,1.7266e-17
2.3605,1.7315e-17
2.3617,1.7722e-17
2.3628,1.7412e-17
2.364,1.7102e-17
2.3652,1.7151e-17
2.3663,1.6662e-17
2.3675,1.6174e-17
2.3687,1.6759e-17
2.3698,1.6629e-17
2.371,1.7393e-17
2.3722,1.8158e-17
2.3733,1.8565e-17
2.3745,1.8255e-17
2.3757,1.7229e-17
2.3768,1.7457e-17
2.378,1.7147e-17
2.3792,1.6301e-17
2.3803,1.5991e-17
2.3815,1.5861e-17
2.3827,1.6446e-17
2.3838,1.6495e-17
2.385,1.6901e-17
2.3862,1.7308e-17
2.3873,1.6998e-17
2.3885,1.6331e-17
2.3897,1.6558e-17
2.3908,1.6965e-17
2.392,1.7193e-17
2.3932,1.8136e-17
2.3943,1.8364e-17
2.3955,1.9129e-17
2.3967,1.8461e-17
2.3979,1.8689e-17
2.399,1.9095e-17
2.4002,1.8786e-17
2.4014,1.9192e-17
2.4025,1.8525e-17
2.4037,1.9647e-17
2.4049,1.9517e-17
2.406,1.9924e-17
2.4072,1.9077e-17
2.4084,1.8588e-17
2.4095,1.8816e-17
2.4107,1.8327e-17
2.4119,1.9271e-17
2.413,1.9498e-17
2.4142,2.0442e-17
2.4154,2.1565e-17
2.4165,2.1793e-17
2.4177,2.1662e-17
2.4189,2.1711e-17
2.42,2.2117e-17
2.4212,2.2345e-17
2.4224,2.3826e-17
2.4235,2.3337e-17
2.4247,2.3386e-17
2.4259,2.3613e-17
2.427,2.4199e-17
2.4282,2.4248e-17
2.4294,2.5012e-17
2.4305,2.5598e-17
2.4317,2.493e-17
2.4329,2.5337e-17
2.434,2.4848e-17
2.4352,2.5076e-17
2.4364,2.4945e-17
2.4375,2.4636e-17
2.4387,2.5221e-17
2.4399,2.4375e-17
2.441,2.496e-17
2.4422,2.6262e-17
2.4434,2.5774e-17
2.4445,2.5285e-17
2.4457,2.5871e-17
2.4469,2.574e-17
2.4481,2.5252e-17
2.4492,2.5121e-17
2.4504,2.5707e-17
2.4516,2.5576e-17
2.4527,2.652e-17
2.4539,2.7285e-17
2.4551,2.8766e-17
2.4562,2.8814e-17
2.4574,2.8147e-17
2.4586,2.7658e-17
2.4597,2.8423e-17
2.4609,2.9545e-17
2.4621,2.8878e-17
2.4632,2.8926e-17
2.4644,2.8796e-17
2.4656,2.9023e-17
2.4667,2.943e-17
2.4679,2.9479e-17
2.4691,2.8811e-17
2.4702,2.9755e-17
2.4714,2.9266e-17
2.4726,2.9135e-17
2.4737,2.99e-17
2.4749,3.0844e-17
2.4761,3.0355e-17
2.4772,3.0941e-17
2.4784,3.1885e-17
2.4796,3.2471e-17
2.4807,3.2877e-17
2.4819,3.3821e-17
2.4831,3.3511e-17
2.4842,3.3381e-17
2.4854,3.4325e-17
2.4866,3.4194e-17
2.4877,3.478e-17
2.4889,3.447e-17
2.4901,3.3803e-17
2.4912,3.4567e-17
2.4924,3.4437e-17
2.4936,3.5022e-17
2.4947,3.525e-17
2.4959,3.5836e-17
2.4971,3.4989e-17
2.4982,3.5933e-17
2.4994,3.6339e-17
2.5006,3.6567e-17
2.5018,3.7332e-17
2.5029,3.8275e-17
2.5041,3.8861e-17
2.5053,3.8373e-17
2.5064,3.7884e-17
2.5076,3.8828e-17
2.5088,3.6907e-17
2.5099,3.6418e-17
2.5111,3.7004e-17
2.5123,3.6157e-17
2.5134,3.6384e-17
2.5146,3.6612e-17
2.5158,3.7556e-17
2.5169,3.85e-17
2.5181,3.7295e-17
2.5193,3.6806e-17
2.5204,3.7034e-17
2.5216,3.7619e-17
2.5228,3.7847e-17
2.5239,3.8791e-17
2.5251,3.7586e-17
2.5263,3.6739e-17
2.5274,3.6251e-17
2.5286,3.5046e-17
2.5298,3.5273e-17
2.5309,3.6933e-17
2.5321,3.7877e-17
2.5333,3.8463e-17
2.5344,3.8332e-17
2.5356,3.8202e-17
2.5368,3.7355e-17
2.5379,3.7941e-17
2.5391,3.8526e-17
2.5403,3.947e-17
2.5414,3.934e-17
2.5426,3.9925e-17
2.5438,3.9795e-17
2.5449,3.9664e-17
2.5461,4.025e-17
2.5473,4.0836e-17
2.5484,4.0705e-17
2.5496,4.1291e-17
2.5508,4.0444e-17
2.5519,4.103e-17
2.5531,4.0899e-17
2.5543,4.1485e-17
2.5555,4.2071e-17
2.5566,4.3014e-17
2.5578,4.2884e-17
2.559,4.3111e-17
2.5601,4.4055e-17
2.5613,4.4999e-17
2.5625,4.451e-17
2.5636,4.5454e-17
2.5648,4.5682e-17
2.566,4.5909e-17
2.5671,4.5421e-17
2.5683,4.4574e-17
2.5695,4.516e-17
2.5706,4.5387e-17
2.5718,4.5615e-17
2.573,4.5484e-17
2.5741,4.5712e-17
2.5753,4.5581e-17
2.5765,4.5809e-17
2.5776,4.532e-17
2.5788,4.5548e-17
2.58,4.6492e-17
2.5811,4.6719e-17
2.5823,4.6947e-17
2.5835,4.7174e-17
2.5846,4.8118e-17
2.5858,4.9062e-17
2.587,4.9648e-17
2.5881,4.9517e-17
2.5893,5.0819e-17
2.5905,5.1047e-17
2.5916,5.199e-17
2.5928,5.2218e-17
2.594,5.2446e-17
2.5951,5.3389e-17
2.5963,5.3259e-17
2.5975,5.3845e-17
2.5986,5.3356e-17
2.5998,5.43e-17
2.601,5.5244e-17
2.6021,5.6904e-17
2.6033,5.6415e-17
2.6045,5.5926e-17
2.6057,5.6512e-17
2.6068,5.7098e-17
2.608,5.9116e-17
2.6092,5.9701e-17
2.6103,5.9571e-17
2.6115,6.0873e-17
2.6127,6.0742e-17
2.6138,6.0254e-17
2.615,6.0481e-17
2.6162,6.0351e-17
2.6173,6.0936e-17
2.6185,6.1522e-17
2.6197,6.2108e-17
2.6208,6.1977e-17
2.622,6.1847e-17
2.6232,6.3149e-17
2.6243,6.2302e-17
2.6255,6.2888e-17
2.6267,6.2757e-17
2.6278,6.4417e-17
2.629,6.5003e-17
2.6302,6.4872e-17
2.6313,6.4742e-17
2.6325,6.5327e-17
2.6337,6.5913e-17
2.6348,6.5424e-17
2.636,6.422e-17
2.6372,6.4447e-17
2.6383,6.4317e-17
2.6395,6.347e-17
2.6407,6.3697e-17
2.6418,6.4283e-17
2.643,6.4869e-17
2.6442,6.5096e-17
2.6453,6.4608e-17
2.6465,6.4835e-17
2.6477,6.5421e-17
2.6488,6.5649e-17
2.65,6.6592e-17
2.6512,6.5746e-17
2.6523,6.7048e-17
2.6535,6.6022e-17
2.6547,6.7145e-17
2.6558,6.6835e-17
2.657,6.6705e-17
2.6582,6.7469e-17
2.6594,6.9308e-17
2.6605,7.0252e-17
2.6617,7.1196e-17
2.6629,7.1065e-17
2.664,7.0577e-17
2.6652,7.0804e-17
2.6664,7.139e-17
2.6675,7.108e-17
2.6687,7.1308e-17
2.6699,7.3147e-17
2.671,7.3017e-17
2.6722,7.3065e-17
2.6734,7.3651e-17
2.6745,7.3699e-17
2.6757,7.4822e-17
2.6769,7.4154e-17
2.678,7.4919e-17
2.6792,7.461e-17
2.6804,7.5016e-17
2.6815,7.399e-17
2.6827,7.4934e-17
2.6839,7.552e-17
2.685,7.521e-17
2.6862,7.4722e-17
2.6874,7.4949e-17
2.6885,7.5535e-17
2.6897,7.6479e-17
2.6909,7.6885e-17
2.692,7.6755e-17
2.6932,7.5729e-17
2.6944,7.5957e-17
2.6955,7.6721e-17
2.6967,7.8023e-17
2.6979,7.7177e-17
2.699,7.6688e-17
2.7002,7.6557e-17
2.7014,7.768e-17
2.7025,7.7371e-17
2.7037,7.7419e-17
2.7049,7.6931e-17
2.706,7.6263e-17
2.7072,7.5237e-17
2.7084,7.4748e-17
2.7095,7.4976e-17
2.7107,7.6099e-17
2.7119,7.6147e-17
2.7131,7.5659e-17
2.7142,7.6244e-17
2.7154,7.6472e-17
2.7166,7.6879e-17
2.7177,7.6032e-17
2.7189,7.6976e-17
2.7201,7.6487e-17
2.7212,7.7431e-17
2.7224,7.7121e-17
2.7236,7.6812e-17
2.7247,7.6323e-17
2.7259,7.6551e-17
2.7271,7.6778e-17
2.7282,7.7185e-17
2.7294,7.6159e-17
2.7306,7.5849e-17
2.7317,7.4824e-17
2.7329,7.5051e-17
2.7341,7.5637e-17
2.7352,7.5327e-17
2.7364,7.4301e-17
2.7376,7.5066e-17
2.7387,7.5473e-17
2.7399,7.5163e-17
2.7411,7.5391e-17
2.7422,7.5618e-17
2.7434,7.5309e-17
2.7446,7.4462e-17
2.7457,7.3973e-17
2.7469,7.3843e-17
2.7481,7.4071e-17
2.7492,7.394e-17
2.7504,7.3451e-17
2.7516,7.3321e-17
2.7527,7.2474e-17
2.7539,7.306e-17
2.7551,7.2929e-17
2.7562,7.3515e-17
2.7574,7.4101e-17
2.7586,7.3612e-17
2.7597,7.4377e-17
2.7609,7.4783e-17
2.7621,7.5369e-17
2.7633,7.5776e-17
2.7644,7.5108e-17
2.7656,7.5336e-17
2.7668,7.61e-17
2.7679,7.6149e-17
2.7691,7.6914e-17
2.7703,7.7678e-17
2.7714,7.8622e-17
2.7726,7.885e-17
2.7738,7.8361e-17
2.7749,7.8768e-17
2.7761,7.81e-17
2.7773,7.9044e-17
2.7784,7.9092e-17
2.7796,7.9141e-17
2.7808,8.0443e-17
2.7819,8.067e-17
2.7831,8.1256e-17
2.7843,8.1484e-17
2.7854,8.1711e-17
2.7866,8.1939e-17
2.7878,8.1808e-17
2.7889,8.2573e-17
2.7901,8.1726e-17
2.7913,8.1596e-17
2.7924,8.236e-17
2.7936,8.2409e-17
2.7948,8.2457e-17
2.7959,8.2506e-17
2.7971,8.3092e-17
2.7983,8.3498e-17
2.7994,8.2652e-17
2.8006,8.1984e-17
2.8018,8.2032e-17
2.8029,8.2081e-17
2.8041,8.1592e-17
2.8053,8.2536e-17
2.8064,8.2047e-17
2.8076,8.2454e-17
2.8088,8.2861e-17
2.8099,8.2551e-17
2.8111,8.1883e-17
2.8123,8.1842e-17
2.8134,8.1354e-17
2.8146,8.2208e-17
2.8158,8.2883e-17
2.817,8.2305e-17
2.8181,8.3159e-17
2.8193,8.3208e-17
2.8205,8.4152e-17
2.8216,8.4737e-17
2.8228,8.4517e-17
2.824,8.3492e-17
2.8251,8.3271e-17
2.8263,8.2962e-17
2.8275,8.2473e-17
2.8286,8.2611e-17
2.8298,8.2033e-17
2.831,8.244e-17
2.8321,8.2757e-17
2.8333,8.3432e-17
2.8345,8.3212e-17
2.8356,8.3261e-17
2.8368,8.3667e-17
2.838,8.4342e-17
2.8391,8.4839e-17
2.8403,8.4977e-17
2.8415,8.4757e-17
2.8426,8.4537e-17
2.8438,8.4854e-17
2.845,8.4365e-17
2.8461,8.3697e-17
2.8473,8.4014e-17
2.8485,8.4421e-17
2.8496,8.4828e-17
2.8508,8.5055e-17
2.852,8.5283e-17
2.8531,8.6316e-17
2.8543,8.717e-17
2.8555,8.7308e-17
2.8566,8.7357e-17
2.8578,8.848e-17
2.859,8.9603e-17
2.8601,8.9025e-17
2.8613,8.9431e-17
2.8625,9.0465e-17
2.8636,8.9797e-17
2.8648,9.0203e-17
2.866,9.0162e-17
2.8671,9.03e-17
2.8683,9.0976e-17
2.8695,9.1561e-17
2.8707,9.1789e-17
2.8718,9.2017e-17
2.873,9.2065e-17
2.8742,9.1487e-17
2.8753,9.0998e-17
2.8765,9.1942e-17
2.8777,9.1274e-17
2.8788,9.2308e-17
2.88,9.1909e-17
2.8812,9.1509e-17
2.8823,9.1648e-17
2.8835,9.1965e-17
2.8847,9.2103e-17
2.8858,9.1525e-17
2.887,9.22e-17
2.8882,9.2338e-17
2.8893,9.3013e-17
2.8905,9.2793e-17
2.8917,9.2215e-17
2.8928,9.1637e-17
2.894,9.1237e-17
2.8952,9.0391e-17
2.8963,9.0081e-17
2.8975,8.9324e-17
2.8987,8.8656e-17
2.8998,8.8168e-17
2.901,8.8395e-17
2.9022,8.8802e-17
2.9033,8.885e-17
2.9045,8.8899e-17
2.9057,8.8231e-17
2.9068,8.7563e-17
2.908,8.797e-17
2.9092,8.7302e-17
2.9103,8.753e-17
2.9115,8.6683e-17
2.9127,8.5478e-17
2.9138,8.6243e-17
2.915,8.6292e-17
2.9162,8.6698e-17
2.9173,8.7821e-17
2.9185,0.0012329
2.9197,0.002542
2.9208,0.0030956
2.922,0.0038846
2.9232,0.0054174
2.9244,0.0072886
2.9255,0.0095362
2.9267,0.012279
2.9279,0.015059
2.929,0.017699
2.9302,0.02056
2.9314,0.023701
2.9325,0.026932
2.9337,0.030386
2.9349,0.034206
2.936,0.03814
2.9372,0.041967
2.9384,0.045774
2.9395,0.049668
2.9407,0.053695
2.9419,0.057991
2.943,0.062651
2.9442,0.067585
2.9454,0.072638
2.9465,0.077683
2.9477,0.082624
2.9489,0.087494
2.95,0.092472
2.9512,0.097694
2.9524,0.10314
2.9535,0.10874
2.9547,0.11442
2.9559,0.12013
2.957,0.12588
2.9582,0.13175
2.9594,0.13776
2.9605,0.1439
2.9617,0.15015
2.9629,0.15651
2.964,0.16296
2.9652,0.1695
2.9664,0.17615
2.9675,0.18284
2.9687,0.18956
2.9699,0.1963
2.971,0.20316
2.9722,0.21018
2.9734,0.21738
2.9746,0.22468
2.9757,0.232
2.9769,0.23931
2.9781,0.24664
2.9792,0.25401
2.9804,0.2615
2.9816,0.26912
2.9827,0.27684
2.9839,0.2846
2.9851,0.29235
2.9862,0.30011
2.9874,0.30796
2.9886,0.31594
2.9897,0.32404
2.9909,0.33221
2.9921,0.34041
2.9932,0.34862
2.9944,0.35685
2.9956,0.3651
2.9967,0.37341
2.9979,0.38177
2.9991,0.3902
3.0002,0.3987
3.0014,0.40725
3.0026,0.41584
3.0037,0.42448
3.0049,0.43319
3.0061,0.44195
3.0072,0.45074
3.0084,0.45956
3.0096,0.46839
3.0107,0.47724
3.0119,0.48611
3.0131,0.49501
3.0142,0.50397
3.0154,0.51298
3.0166,0.52205
3.0177,0.53116
3.0189,0.54032
3.0201,0.54951
3.0212,0.55871
3.0224,0.56793
3.0236,0.57716
3.0247,0.58641
3.0259,0.59568
3.0271,0.60498
3.0283,0.6143
3.0294,0.62363
3.0306,0.63298
3.0318,0.64236
3.0329,0.65178
3.0341,0.66126
3.0353,0.67078
3.0364,0.68032
3.0376,0.68984
3.0388,0.69936
3.0399,0.70887
3.0411,0.71842
3.0423,0.72803
3.0434,0.73767
3.0446,0.74734
3.0458,0.757
3.0469,0.76665
3.0481,0.77629
3.0493,0.78594
3.0504,0.79562
3.0516,0.80532
3.0528,0.81501
3.0539,0.8247
3.0551,0.83436
3.0563,0.84402
3.0574,0.8537
3.0586,0.8634
3.0598,0.87313
3.0609,0.88289
3.0621,0.89266
3.0633,0.90244
3.0644,0.91223
3.0656,0.92202
3.0668,0.9318
3.0679,0.94156
3.0691,0.9513
3.0703,0.96104
3.0714,0.97077
3.0726,0.9805
3.0738,0.99024
3.0749,0.99998
3.0761,1.0097
3.0773,1.0194
3.0784,1.0291
3.0796,1.0388
3.0808,1.0485
3.082,1.0582
3.0831,1.0679
3.0843,1.0775
3.0855,1.0872
3.0866,1.0968
3.0878,1.1064
3.089,1.116
3.0901,1.1256
3.0913,1.1352
3.0925,1.1447
3.0936,1.1542
3.0948,1.1638
3.096,1.1732
3.0971,1.1827
3.0983,1.1922
3.0995,1.2016
3.1006,1.211
3.1018,1.2204
3.103,1.2297
3.1041,1.239
3.1053,1.2482
3.1065,1.2575
3.1076,1.2667
3.1088,1.2759
3.11,1.285
3.1111,1.2941
3.1123,1.3032
3.1135,1.3122
3.1146,1.3211
3.1158,1.33
3.117,1.3389
3.1181,1.3476
3.1193,1.3564
3.1205,1.365
3.1216,1.3737
3.1228,1.3822
3.124,1.3907
3.1251,1.399
3.1263,1.4072
3.1275,1.4153
3.1286,1.4233
3.1298,1.4313
3.131,1.4393
3.1322,1.4471
3.1333,1.4548
3.1345,1.4624
3.1357,1.47
3.1368,1.4776
3.138,1.4851
3.1392,1.4926
3.1403,1.5
3.1415,1.5074
3.1427,1.5146
3.1438,1.5219
3.145,1.529
3.1462,1.5361
3.1473,1.5432
3.1485,1.5503
3.1497,1.5574
3.1508,1.5644
3.152,1.5713
3.1532,1.5782
3.1543,1.585
3.1555,1.5919
3.1567,1.5987
3.1578,1.6055
3.159,1.6123
3.1602,1.619
3.1613,1.6257
3.1625,1.6323
3.1637,1.639
3.1648,1.6456
3.166,1.6521
3.1672,1.6587
3.1683,1.6653
3.1695,1.6717
3.1707,1.6782
3.1718,1.6846
3.173,1.691
3.1742,1.6974
3.1753,1.7037
3.1765,1.71
3.1777,1.7164
3.1788,1.7226
3.18,1.7289
3.1812,1.7351
3.1823,1.7413
3.1835,1.7475
3.1847,1.7536
3.1859,1.7597
3.187,1.7659
3.1882,1.772
3.1894,1.778
3.1905,1.7841
3.1917,1.7901
3.1929,1.7962
3.194,1.8022
3.1952,1.8082
3.1964,1.8142
3.1975,1.8201
3.1987,1.826
3.1999,1.8319
3.201,1.8378
3.2022,1.8436
3.2034,1.8495
3.2045,1.8553
3.2057,1.8611
3.2069,1.8668
3.208,1.8726
3.2092,1.8784
3.2104,1.8841
3.2115,1.8898
3.2127,1.8955
3.2139,1.9012
3.215,1.9069
3.2162,1.9126
3.2174,1.9182
3.2185,1.9238
3.2197,1.9294
3.2209,1.935
3.222,1.9406
3.2232,1.9461
3.2244,1.9516
3.2255,1.9572
3.2267,1.9627
3.2279,1.9682
3.229,1.9737
3.2302,1.9792
3.2314,1.9846
3.2325,1.9901
3.2337,1.9955
3.2349,2.0009
3.236,2.0063
3.2372,2.0117
3.2384,2.0171
3.2396,2.0225
3.2407,2.0278
3.2419,2.0332
3.2431,2.0385
3.2442,2.0438
3.2454,2.0491
3.2466,2.0544
3.2477,2.0596
3.2489,2.0649
3.2501,2.0701
3.2512,2.0753
3.2524,2.0806
3.2536,2.0858
3.2547,2.091
3.2559,2.0962
3.2571,2.1013
3.2582,2.1065
3.2594,2.1117
3.2606,2.1168
3.2617,2.122
3.2629,2.1271
3.2641,2.1322
3.2652,2.1373
3.2664,2.1424
3.2676,2.1475
3.2687,2.1526
3.2699,2.1577
3.2711,2.1627
3.2722,2.1678
3.2734,2.1728
3.2746,2.1778
3.2757,2.1828
3.2769,2.1877
3.2781,2.1927
3.2792,2.1977
3.2804,2.2026
3.2816,2.2076
3.2827,2.2125
3.2839,2.2174
3.2851,2.2224
3.2862,2.2273
3.2874,2.2322
3.2886,2.2371
3.2898,2.242
3.2909,2.2469
3.2921,2.2518
3.2933,2.2567
3.2944,2.2615
3.2956,2.2664
3.2968,2.2712
3.2979,2.276
3.2991,2.2808
3.3003,2.2856
3.3014,2.2904
3.3026,2.2952
3.3038,2.3
3.3049,2.3048
3.3061,2.3095
3.3073,2.3143
3.3084,2.319
3.3096,2.3238
3.3108,2.3285
3.3119,2.3332
3.3131,2.3379
3.3143,2.3426
3.3154,2.3473
3.3166,2.352
3.3178,2.3567
3.3189,2.3614
3.3201,2.366
3.3213,2.3707
3.3224,2.3753
3.3236,2.38
3.3248,2.3846
3.3259,2.3893
3.3271,2.3939
3.3283,2.3985
3.3294,2.4031
3.3306,2.4077
3.3318,2.4123
3.3329,2.4169
3.3341,2.4215
3.3353,2.426
3.3364,2.4306
3.3376,2.4352
3.3388,2.4397
3.3399,2.4442
3.3411,2.4488
3.3423,2.4533
3.3435,2.4578
3.3446,2.4623
3.3458,2.4668
3.347,2.4713
3.3481,2.4758
3.3493,2.4803
3.3505,2.4848
3.3516,2.4892
3.3528,2.4937
3.354,2.4981
3.3551,2.5026
3.3563,2.507
3.3575,2.5115
3.3586,2.5159
3.3598,2.5204
3.361,2.5248
3.3621,2.5293
3.3633,2.5337
3.3645,2.5381
3.3656,2.5425
3.3668,2.5469
3.368,2.5512
3.3691,2.5556
3.3703,2.56
3.3715,2.5643
3.3726,2.5687
3.3738,2.573
3.375,2.5774
3.3761,2.5817
3.3773,2.586
3.3785,2.5903
3.3796,2.5947
3.3808,2.599
3.382,2.6033
3.3831,2.6076
3.3843,2.6119
3.3855,2.6162
3.3866,2.6205
3.3878,2.6248
3.389,2.6291
3.3901,2.6333
3.3913,2.6376
3.3925,2.6419
3.3936,2.6461
3.3948,2.6504
3.396,2.6546
3.3972,2.6589
3.3983,2.6631
3.3995,2.6674
3.4007,2.6716
3.4018,2.6758
3.403,2.68
3.4042,2.6842
3.4053,2.6884
3.4065,2.6926
3.4077,2.6968
3.4088,2.701
3.41,2.7051
3.4112,2.7093
3.4123,2.7135
3.4135,2.7176
3.4147,2.7218
3.4158,2.726
3.417,2.7301
3.4182,2.7343
3.4193,2.7384
3.4205,2.7426
3.4217,2.7467
3.4228,2.7508
3.424,2.7549
3.4252,2.7591
3.4263,2.7632
3.4275,2.7673
3.4287,2.7714
3.4298,2.7755
3.431,2.7796
3.4322,2.7836
3.4333,2.7877
3.4345,2.7918
3.4357,2.7959
3.4368,2.8
3.438,2.804
3.4392,2.8081
3.4403,2.8121
3.4415,2.8162
3.4427,2.8202
3.4438,2.8243
3.445,2.8283
3.4462,2.8323
3.4473,2.8363
3.4485,2.8404
3.4497,2.8444
3.4509,2.8484
3.452,2.8524
3.4532,2.8564
3.4544,2.8604
3.4555,2.8645
3.4567,2.8685
3.4579,2.8725
3.459,2.8764
3.4602,2.8804
3.4614,2.8844
3.4625,2.8884
3.4637,2.8924
3.4649,2.8963
3.466,2.9003
3.4672,2.9042
3.4684,2.9082
3.4695,2.9121
3.4707,2.9161
3.4719,2.92
3.473,2.9239
3.4742,2.9279
3.4754,2.9318
3.4765,2.9357
3.4777,2.9396
3.4789,2.9435
3.48,2.9475
3.4812,2.9514
3.4824,2.9553
3.4835,2.9592
3.4847,2.9631
3.4859,2.967
3.487,2.9709
3.4882,2.9748
3.4894,2.9787
3.4905,2.9825
3.4917,2.9864
3.4929,2.9903
3.494,2.9942
3.4952,2.998
3.4964,3.0019
3.4975,3.0057
3.4987,3.0096
3.4999,3.0134
3.5011,3.0173
3.5022,3.0211
3.5034,3.0249
3.5046,3.0288
3.5057,3.0326
3.5069,3.0364
3.5081,3.0402
3.5092,3.0441
3.5104,3.0479
3.5116,3.0517
3.5127,3.0555
3.5139,3.0593
3.5151,3.0631
3.5162,3.0669
3.5174,3.0707
3.5186,3.0745
3.5197,3.0783
3.5209,3.0821
3.5221,3.0858
3.5232,3.0896
3.5244,3.0934
3.5256,3.0972
3.5267,3.1009
3.5279,3.1047
3.5291,3.1085
3.5302,3.1122
3.5314,3.116
3.5326,3.1197
3.5337,3.1235
3.5349,3.1272
3.5361,3.1309
3.5372,3.1347
3.5384,3.1384
3.5396,3.1421
3.5407,3.1459
3.5419,3.1496
3.5431,3.1533
3.5442,3.157
3.5454,3.1607
3.5466,3.1645
3.5477,3.1682
3.5489,3.1719
3.5501,3.1756
3.5512,3.1793
3.5524,3.183
3.5536,3.1867
3.5548,3.1904
3.5559,3.1941
3.5571,3.1978
3.5583,3.2015
3.5594,3.2051
3.5606,3.2088
3.5618,3.2125
3.5629,3.2161
3.5641,3.2198
3.5653,3.2235
3.5664,3.2271
3.5676,3.2308
3.5688,3.2344
3.5699,3.2381
3.5711,3.2417
3.5723,3.2454
3.5734,3.249
3.5746,3.2526
3.5758,3.2563
3.5769,3.2599
3.5781,3.2635
3.5793,3.2672
3.5804,3.2708
3.5816,3.2744
3.5828,3.2781
3.5839,3.2817
3.5851,3.2853
3.5863,3.2889
3.5874,3.2925
3.5886,3.2961
3.5898,3.2997
3.5909,3.3033
3.5921,3.3069
3.5933,3.3105
3.5944,3.3141
3.5956,3.3177
3.5968,3.3213
3.5979,3.3249
3.5991,3.3284
3.6003,3.332
3.6014,3.3356
3.6026,3.3391
3.6038,3.3427
3.6049,3.3463
3.6061,3.3498
3.6073,3.3534
3.6085,3.357
3.6096,3.3605
3.6108,3.3641
3.612,3.3676
3.6131,3.3712
3.6143,3.3747
3.6155,3.3783
3.6166,3.3818
3.6178,3.3854
3.619,3.3889
3.6201,3.3924
3.6213,3.396
3.6225,3.3995
3.6236,3.403
3.6248,3.4065
3.626,3.4101
3.6271,3.4136
3.6283,3.4171
3.6295,3.4206
3.6306,3.4241
3.6318,3.4276
3.633,3.4311
3.6341,3.4346
3.6353,3.4381
3.6365,3.4416
3.6376,3.4451
3.6388,3.4486
3.64,3.4521
3.6411,3.4556
3.6423,3.4591
3.6435,3.4625
3.6446,3.466
3.6458,3.4695
3.647,3.473
3.6481,3.4765
3.6493,3.4799
3.6505,3.4834
3.6516,3.4869
3.6528,3.4904
3.654,3.4938
3.6551,3.4973
3.6563,3.5007
3.6575,3.5042
3.6587,3.5077
3.6598,3.5111
3.661,3.5145
3.6622,3.518
3.6633,3.5214
3.6645,3.5249
3.6657,3.5283
3.6668,3.5317
3.668,3.5352
3.6692,3.5386
3.6703,3.542
3.6715,3.5454
3.6727,3.5489
3.6738,3.5523
3.675,3.5557
3.6762,3.5591
3.6773,3.5626
3.6785,3.566
3.6797,3.5694
3.6808,3.5728
3.682,3.5762
3.6832,3.5796
3.6843,3.583
3.6855,3.5864
3.6867,3.5898
3.6878,3.5932
3.689,3.5966
3.6902,3.6
3.6913,3.6034
3.6925,3.6068
3.6937,3.6102
3.6948,3.6136
3.696,3.6169
3.6972,3.6203
3.6983,3.6237
3.6995,3.6271
3.7007,3.6304
3.7018,3.6338
3.703,3.6372
3.7042,3.6405
3.7053,3.6439
3.7065,3.6473
3.7077,3.6506
3.7088,3.654
3.71,3.6574
3.7112,3.6607
3.7124,3.6641
3.7135,3.6674
3.7147,3.6708
3.7159,3.6741
3.717,3.6775
3.7182,3.6808
3.7194,3.6842
3.7205,3.6875
3.7217,3.6908
3.7229,3.6942
3.724,3.6975
3.7252,3.7008
3.7264,3.7042
3.7275,3.7075
3.7287,3.7108
3.7299,3.7141
3.731,3.7174
3.7322,3.7208
3.7334,3.7241
3.7345,3.7274
3.7357,3.7307
3.7369,3.734
3.738,3.7373
3.7392,3.7406
3.7404,3.7439
3.7415,3.7473
3.7427,3.7506
3.7439,3.7539
3.745,3.7572
3.7462,3.7605
3.7474,3.7638
3.7485,3.7671
3.7497,3.7704
3.7509,3.7737
3.752,3.7769
3.7532,3.7802
3.7544,3.7835
3.7555,3.7868
3.7567,3.7901
3.7579,3.7933
3.759,3.7966
3.7602,3.7999
3.7614,3.8032
3.7625,3.8064
3.7637,3.8097
3.7649,3.8129
3.7661,3.8162
3.7672,3.8195
3.7684,3.8227
3.7696,3.826
3.7707,3.8293
3.7719,3.8325
3.7731,3.8358
3.7742,3.839
3.7754,3.8423
3.7766,3.8456
3.7777,3.8488
3.7789,3.8521
3.7801,3.8553
3.7812,3.8586
3.7824,3.8618
3.7836,3.865
3.7847,3.8683
3.7859,3.8715
3.7871,3.8747
3.7882,3.878
3.7894,3.8812
3.7906,3.8844
3.7917,3.8877
3.7929,3.8909
3.7941,3.8941
3.7952,3.8973
3.7964,3.9005
3.7976,3.9037
3.7987,3.907
3.7999,3.9102
3.8011,3.9134
3.8022,3.9166
3.8034,3.9198
3.8046,3.923
3.8057,3.9262
3.8069,3.9294
3.8081,3.9326
3.8092,3.9359
3.8104,3.9391
3.8116,3.9423
3.8127,3.9455
3.8139,3.9487
3.8151,3.9519
3.8163,3.9551
3.8174,3.9582
3.8186,3.9614
3.8198,3.9646
3.8209,3.9678
3.8221,3.971
3.8233,3.9742
3.8244,3.9773
3.8256,3.9805
3.8268,3.9837
3.8279,3.9869
3.8291,3.99
3.8303,3.9932
3.8314,3.9964
3.8326,3.9995
3.8338,4.0027
3.8349,4.0059
3.8361,4.009
3.8373,4.0122
3.8384,4.0154
3.8396,4.0185
3.8408,4.0217
3.8419,4.0249
3.8431,4.028
3.8443,4.0312
3.8454,4.0344
3.8466,4.0375
3.8478,4.0407
3.8489,4.0438
3.8501,4.047
3.8513,4.0501
3.8524,4.0532
3.8536,4.0564
3.8548,4.0595
3.8559,4.0627
3.8571,4.0658
3.8583,4.0689
3.8594,4.0721
3.8606,4.0752
3.8618,4.0783
3.8629,4.0815
3.8641,4.0846
3.8653,4.0877
3.8664,4.0908
3.8676,4.094
3.8688,4.0971
3.87,4.1002
3.8711,4.1034
3.8723,4.1065
3.8735,4.1096
3.8746,4.1127
3.8758,4.1158
3.877,4.119
3.8781,4.1221
3.8793,4.1252
3.8805,4.1283
3.8816,4.1314
3.8828,4.1345
3.884,4.1376
3.8851,4.1407
3.8863,4.1438
3.8875,4.1469
3.8886,4.15
3.8898,4.1531
3.891,4.1562
3.8921,4.1593
3.8933,4.1624
3.8945,4.1655
3.8956,4.1686
3.8968,4.1717
3.898,4.1747
3.8991,4.1778
3.9003,4.1809
3.9015,4.184
3.9026,4.1871
3.9038,4.1902
3.905,4.1933
3.9061,4.1963
3.9073,4.1994
3.9085,4.2025
3.9096,4.2056
3.9108,4.2087
3.912,4.2117
3.9131,4.2148
3.9143,4.2179
3.9155,4.2209
3.9166,4.224
3.9178,4.2271
3.919,4.2301
3.9201,4.2332
3.9213,4.2363
3.9225,4.2393
3.9237,4.2424
3.9248,4.2454
3.926,4.2485
3.9272,4.2515
3.9283,4.2546
3.9295,4.2576
3.9307,4.2607
3.9318,4.2637
3.933,4.2668
3.9342,4.2699
3.9353,4.2729
3.9365,4.276
3.9377,4.279
3.9388,4.2821
3.94,4.2851
3.9412,4.2881
3.9423,4.2912
3.9435,4.2942
3.9447,4.2973
3.9458,4.3003
3.947,4.3033
3.9482,4.3064
3.9493,4.3094
3.9505,4.3124
3.9517,4.3154
3.9528,4.3185
3.954,4.3215
3.9552,4.3245
3.9563,4.3275
3.9575,4.3306
3.9587,4.3336
3.9598,4.3366
3.961,4.3396
3.9622,4.3426
3.9633,4.3457
3.9645,4.3487
3.9657,4.3517
3.9668,4.3547
3.968,4.3577
3.9692,4.3607
3.9703,4.3638
3.9715,4.3668
3.9727,4.3698
3.9739,4.3728
3.975,4.3758
3.9762,4.3788
3.9774,4.3818
3.9785,4.3848
3.9797,4.3878
3.9809,4.3908
3.982,4.3938
3.9832,4.3968
3.9844,4.3998
3.9855,4.4028
3.9867,4.4058
3.9879,4.4088
3.989,4.4117
3.9902,4.4147
3.9914,4.4177
3.9925,4.4207
3.9937,4.4237
3.9949,4.4267
3.996,4.4297
3.9972,4.4326
3.9984,4.4356
3.9995,4.4386
4.0007,4.4416
4.0019,4.4446
4.003,4.4476
4.0042,4.4505
4.0054,4.4535
4.0065,4.4565
4.0077,4.4595
4.0089,4.4624
4.01,4.4654
4.0112,4.4684
4.0124,4.4713
4.0135,4.4743
4.0147,4.4773
4.0159,4.4802
4.017,4.4832
4.0182,4.4862
4.0194,4.4891
4.0205,4.4921
4.0217,4.495
4.0229,4.498
4.024,4.5009
4.0252,4.5039
4.0264,4.5069
4.0276,4.5098
4.0287,4.5128
4.0299,4.5157
4.0311,4.5187
4.0322,4.5216
4.0334,4.5246
4.0346,4.5275
4.0357,4.5305
4.0369,4.5334
4.0381,4.5364
4.0392,4.5393
4.0404,4.5423
4.0416,4.5452
4.0427,4.5482
4.0439,4.5511
4.0451,4.554
4.0462,4.557
4.0474,4.5599
4.0486,4.5628
4.0497,4.5658
4.0509,4.5687
4.0521,4.5716
4.0532,4.5746
4.0544,4.5775
4.0556,4.5804
4.0567,4.5833
4.0579,4.5863
4.0591,4.5892
4.0602,4.5921
4.0614,4.595
4.0626,4.598
4.0637,4.6009
4.0649,4.6038
4.0661,4.6067
4.0672,4.6097
4.0684,4.6126
4.0696,4.6155
4.0707,4.6184
4.0719,4.6214
4.0731,4.6243
4.0742,4.6272
4.0754,4.6301
4.0766,4.633
4.0777,4.6359
4.0789,4.6388
4.0801,4.6417
4.0813,4.6446
4.0824,4.6475
4.0836,4.6504
4.0848,4.6533
4.0859,4.6562
4.0871,4.6591
4.0883,4.662
4.0894,4.6649
4.0906,4.6678
4.0918,4.6707
4.0929,4.6736
4.0941,4.6765
4.0953,4.6794
4.0964,4.6823
4.0976,4.6852
4.0988,4.6881
4.0999,4.691
4.1011,4.6939
4.1023,4.6968
4.1034,4.6997
4.1046,4.7026
4.1058,4.7054
4.1069,4.7083
4.1081,4.7112
4.1093,4.7141
4.1104,4.717
4.1116,4.7199
4.1128,4.7227
4.1139,4.7256
4.1151,4.7285
4.1163,4.7314
4.1174,4.7342
4.1186,4.7371
4.1198,4.74
4.1209,4.7429
4.1221,4.7457
4.1233,4.7486
4.1244,4.7515
4.1256,4.7544
4.1268,4.7572
4.1279,4.7601
4.1291,4.763
4.1303,4.7658
4.1314,4.7687
4.1326,4.7716
4.1338,4.7744
4.135,4.7773
4.1361,4.7802
4.1373,4.783
4.1385,4.7859
4.1396,4.7888
4.1408,4.7916
4.142,4.7945
4.1431,4.7973
4.1443,4.8002
4.1455,4.803
4.1466,4.8059
4.1478,4.8087
4.149,4.8116
4.1501,4.8144
4.1513,4.8173
4.1525,4.8201
4.1536,4.823
4.1548,4.8258
4.156,4.8287
4.1571,4.8315
4.1583,4.8344
4.1595,4.8372
4.1606,4.8401
4.1618,4.8429
4.163,4.8458
4.1641,4.8486
4.1653,4.8515
4.1665,4.8543
4.1676,4.8571
4.1688,4.86
4.17,4.8628
4.1711,4.8657
4.1723,4.8685
4.1735,4.8713
4.1746,4.8742
4.1758,4.877
4.177,4.8798
4.1781,4.8826
4.1793,4.8855
4.1805,4.8883
4.1816,4.8911
4.1828,4.8939
4.184,4.8968
4.1852,4.8996
4.1863,4.9024
4.1875,4.9052
4.1887,4.9081
4.1898,4.9109
4.191,4.9137
4.1922,4.9165
4.1933,4.9194
4.1945,4.9222
4.1957,4.925
4.1968,4.9278
4.198,4.9306
4.1992,4.9335
4.2003,4.9363
4.2015,4.9391
4.2027,4.9419
4.2038,4.9447
4.205,4.9475
4.2062,4.9503
4.2073,4.9531
4.2085,4.9559
4.2097,4.9587
4.2108,4.9615
4.212,4.9644
4.2132,4.9672
4.2143,4.97
4.2155,4.9728
4.2167,4.9756
4.2178,4.9784
4.219,4.9812
4.2202,4.984
4.2213,4.9868
4.2225,4.9896
4.2237,4.9924
4.2248,4.9952
4.226,4.998
4.2272,5.0008
4.2283,5.0036
4.2295,5.0064
4.2307,5.0092
4.2318,5.012
4.233,5.0148
4.2342,5.0176
4.2353,5.0204
4.2365,5.0231
4.2377,5.0259
4.2389,5.0287
4.24,5.0315
4.2412,5.0343
4.2424,5.0371
4.2435,5.0399
4.2447,5.0426
4.2459,5.0454
4.247,5.0482
4.2482,5.051
4.2494,5.0538
4.2505,5.0565
4.2517,5.0593
4.2529,5.0621
4.254,5.0649
4.2552,5.0677
4.2564,5.0705
4.2575,5.0732
4.2587,5.076
4.2599,5.0788
4.261,5.0816
4.2622,5.0843
4.2634,5.0871
4.2645,5.0899
4.2657,5.0927
4.2669,5.0954
4.268,5.0982
4.2692,5.101
4.2704,5.1037
4.2715,5.1065
4.2727,5.1093
4.2739,5.112
4.275,5.1148
4.2762,5.1175
4.2774,5.1203
4.2785,5.1231
4.2797,5.1258
4.2809,5.1286
4.282,5.1314
4.2832,5.1341
4.2844,5.1369
4.2855,5.1396
4.2867,5.1424
4.2879,5.1451
4.289,5.1479
4.2902,5.1507
4.2914,5.1534
4.2926,5.1562
4.2937,5.1589
4.2949,5.1617
4.2961,5.1644
4.2972,5.1672
4.2984,5.1699
4.2996,5.1727
4.3007,5.1754
4.3019,5.1782
4.3031,5.1809
4.3042,5.1837
4.3054,5.1864
4.3066,5.1892
4.3077,5.1919
4.3089,5.1946
4.3101,5.1974
4.3112,5.2001
4.3124,5.2029
4.3136,5.2056
4.3147,5.2084
4.3159,5.2111
4.3171,5.2138
4.3182,5.2166
4.3194,5.2193
4.3206,5.2221
4.3217,5.2248
4.3229,5.2275
4.3241,5.2303
4.3252,5.233
4.3264,5.2358
4.3276,5.2385
4.3287,5.2412
4.3299,5.244
4.3311,5.2467
4.3322,5.2494
4.3334,5.2521
4.3346,5.2549
4.3357,5.2576
4.3369,5.2603
4.3381,5.263
4.3392,5.2658
4.3404,5.2685
4.3416,5.2712
4.3428,5.2739
4.3439,5.2767
4.3451,5.2794
4.3463,5.2821
4.3474,5.2848
4.3486,5.2875
4.3498,5.2903
4.3509,5.293
4.3521,5.2957
4.3533,5.2984
4.3544,5.3012
4.3556,5.3039
4.3568,5.3066
4.3579,5.3093
4.3591,5.312
4.3603,5.3148
4.3614,5.3175
4.3626,5.3202
4.3638,5.3229
4.3649,5.3256
4.3661,5.3283
4.3673,5.331
4.3684,5.3337
4.3696,5.3364
4.3708,5.3391
4.3719,5.3418
4.3731,5.3445
4.3743,5.3473
4.3754,5.35
4.3766,5.3527
4.3778,5.3554
4.3789,5.3581
4.3801,5.3608
4.3813,5.3635
4.3824,5.3662
4.3836,5.3689
4.3848,5.3716
4.3859,5.3743
4.3871,5.377
4.3883,5.3797
4.3894,5.3824
4.3906,5.3851
4.3918,5.3878
4.3929,5.3905
4.3941,5.3932
4.3953,5.3959
4.3965,5.3986
4.3976,5.4013
4.3988,5.404
4.4,5.4066
4.4011,5.4093
4.4023,5.412
4.4035,5.4147
4.4046,5.4174
4.4058,5.4201
4.407,5.4228
4.4081,5.4255
4.4093,5.4281
4.4105,5.4308
4.4116,5.4335
4.4128,5.4362
4.414,5.4389
4.4151,5.4416
4.4163,5.4443
4.4175,5.447
4.4186,5.4496
4.4198,5.4523
4.421,5.455
4.4221,5.4577
4.4233,5.4604
4.4245,5.4631
4.4256,5.4657
4.4268,5.4684
4.428,5.4711
4.4291,5.4738
4.4303,5.4764
4.4315,5.4791
4.4326,5.4818
4.4338,5.4845
4.435,5.4871
4.4361,5.4898
4.4373,5.4925
4.4385,5.4951
4.4396,5.4978
4.4408,5.5005
4.442,5.5032
4.4431,5.5058
4.4443,5.5085
4.4455,5.5112
4.4466,5.5138
4.4478,5.5165
4.449,5.5192
4.4502,5.5219
4.4513,5.5245
4.4525,5.5272
4.4537,5.5299
4.4548,5.5325
4.456,5.5352
4.4572,5.5379
4.4583,5.5405
4.4595,5.5432
4.4607,5.5458
4.4618,5.5485
4.463,5.5512
4.4642,5.5538
4.4653,5.5565
4.4665,5.5591
4.4677,5.5618
4.4688,5.5644
4.47,5.5671
4.4712,5.5697
4.4723,5.5724
4.4735,5.5751
4.4747,5.5777
4.4758,5.5804
4.477,5.583
4.4782,5.5857
4.4793,5.5883
4.4805,5.591
4.4817,5.5936
4.4828,5.5963
4.484,5.5989
4.4852,5.6016
4.4863,5.6042
4.4875,5.6069
4.4887,5.6095
4.4898,5.6122
4.491,5.6148
4.4922,5.6175
4.4933,5.6201
4.4945,5.6228
4.4957,5.6254
4.4968,5.628
4.498,5.6307
4.4992,5.6333
4.5004,5.636
4.5015,5.6386
4.5027,5.6412
4.5039,5.6439
4.505,5.6465
4.5062,5.6492
4.5074,5.6518
4.5085,5.6544
4.5097,5.6571
4.5109,5.6597
4.512,5.6624
4.5132,5.665
4.5144,5.6676
4.5155,5.6703
4.5167,5.6729
4.5179,5.6755
4.519,5.6782
4.5202,5.6808
4.5214,5.6834
4.5225,5.6861
4.5237,5.6887
4.5249,5.6913
4.526,5.694
4.5272,5.6966
4.5284,5.6992
4.5295,5.7019
4.5307,5.7045
4.5319,5.7071
4.533,5.7097
4.5342,5.7124
4.5354,5.715
4.5365,5.7176
4.5377,5.7202
4.5389,5.7229
4.54,5.7255
4.5412,5.7281
4.5424,5.7307
4.5435,5.7334
4.5447,5.736
4.5459,5.7386
4.547,5.7412
4.5482,5.7439
4.5494,5.7465
4.5505,5.7491
4.5517,5.7517
4.5529,5.7543
4.5541,5.757
4.5552,5.7596
4.5564,5.7622
4.5576,5.7648
4.5587,5.7674
4.5599,5.77
4.5611,5.7726
4.5622,5.7753
4.5634,5.7779
4.5646,5.7805
4.5657,5.7831
4.5669,5.7857
4.5681,5.7883
4.5692,5.7909
4.5704,5.7935
4.5716,5.7961
4.5727,5.7987
4.5739,5.8014
4.5751,5.804
4.5762,5.8066
4.5774,5.8092
4.5786,5.8118
4.5797,5.8144
4.5809,5.817
4.5821,5.8196
4.5832,5.8222
4.5844,5.8248
4.5856,5.8274
4.5867,5.83
4.5879,5.8326
4.5891,5.8352
4.5902,5.8378
4.5914,5.8404
4.5926,5.843
4.5937,5.8456
4.5949,5.8482
4.5961,5.8508
4.5972,5.8534
4.5984,5.856
4.5996,5.8586
4.6007,5.8612
4.6019,5.8638
4.6031,5.8664
4.6042,5.869
4.6054,5.8716
4.6066,5.8742
4.6078,5.8768
4.6089,5.8794
4.6101,5.882
4.6113,5.8846
4.6124,5.8872
4.6136,5.8898
4.6148,5.8924
4.6159,5.895
4.6171,5.8976
4.6183,5.9001
4.6194,5.9027
4.6206,5.9053
4.6218,5.9079
4.6229,5.9105
4.6241,5.9131
4.6253,5.9157
4.6264,5.9183
4.6276,5.9208
4.6288,5.9234
4.6299,5.926
4.6311,5.9286
4.6323,5.9312
4.6334,5.9338
4.6346,5.9363
4.6358,5.9389
4.6369,5.9415
4.6381,5.9441
4.6393,5.9467
4.6404,5.9493
4.6416,5.9518
4.6428,5.9544
4.6439,5.957
4.6451,5.9596
4.6463,5.9622
4.6474,5.9647
4.6486,5.9673
4.6498,5.9699
4.6509,5.9725
4.6521,5.9751
4.6533,5.9776
4.6544,5.9802
4.6556,5.9828
4.6568,5.9854
4.658,5.9879
4.6591,5.9905
4.6603,5.9931
4.6615,5.9956
4.6626,5.9982
4.6638,6.0008
4.665,6.0034
4.6661,6.0059
4.6673,6.0085
4.6685,6.0111
4.6696,6.0136
4.6708,6.0162
4.672,6.0188
4.6731,6.0213
4.6743,6.0239
4.6755,6.0265
4.6766,6.0291
4.6778,6.0316
4.679,6.0342
4.6801,6.0368
4.6813,6.0393
4.6825,6.0419
4.6836,6.0444
4.6848,6.047
4.686,6.0496
4.6871,6.0521
4.6883,6.0547
4.6895,6.0573
4.6906,6.0598
4.6918,6.0624
4.693,6.0649
4.6941,6.0675
4.6953,6.0701
4.6965,6.0726
4.6976,6.0752
4.6988,6.0777
4.7,6.0803
4.7011,6.0828
4.7023,6.0854
4.7035,6.088
4.7046,6.0905
4.7058,6.0931
4.707,6.0956
4.7081,6.0982
4.7093,6.1008
4.7105,6.1033
4.7117,6.1059
4.7128,6.1084
4.714,6.111
4.7152,6.1135
4.7163,6.1161
4.7175,6.1186
4.7187,6.1212
4.7198,6.1237
4.721,6.1263
4.7222,6.1288
4.7233,6.1314
4.7245,6.1339
4.7257,6.1365
4.7268,6.139
4.728,6.1416
4.7292,6.1441
4.7303,6.1467
4.7315,6.1492
4.7327,6.1517
4.7338,6.1543
4.735,6.1568
4.7362,6.1594
4.7373,6.1619
4.7385,6.1645
4.7397,6.167
4.7408,6.1696
4.742,6.1721
4.7432,6.1747
4.7443,6.1772
4.7455,6.1797
4.7467,6.1823
4.7478,6.1848
4.749,6.1874
4.7502,6.1899
4.7513,6.1924
4.7525,6.195
4.7537,6.1975
4.7548,6.2001
4.756,6.2026
4.7572,6.2051
4.7583,6.2077
4.7595,6.2102
4.7607,6.2127
4.7618,6.2153
4.763,6.2178
4.7642,6.2203
4.7654,6.2229
4.7665,6.2254
4.7677,6.2279
4.7689,6.2305
4.77,6.233
4.7712,6.2355
4.7724,6.2381
4.7735,6.2406
4.7747,6.2431
4.7759,6.2457
4.777,6.2482
4.7782,6.2507
4.7794,6.2533
4.7805,6.2558
4.7817,6.2583
4.7829,6.2608
4.784,6.2634
4.7852,6.2659
4.7864,6.2684
4.7875,6.2709
4.7887,6.2735
4.7899,6.276
4.791,6.2785
4.7922,6.281
4.7934,6.2836
4.7945,6.2861
4.7957,6.2886
4.7969,6.2911
4.798,6.2937
4.7992,6.2962
4.8004,6.2987
4.8015,6.3012
4.8027,6.3038
4.8039,6.3063
4.805,6.3088
4.8062,6.3113
4.8074,6.3139
4.8085,6.3164
4.8097,6.3189
4.8109,6.3214
4.812,6.3239
4.8132,6.3265
4.8144,6.329
4.8155,6.3315
4.8167,6.334
4.8179,6.3365
4.8191,6.339
4.8202,6.3415
4.8214,6.3441
4.8226,6.3466
4.8237,6.3491
4.8249,6.3516
4.8261,6.3541
4.8272,6.3566
4.8284,6.3591
4.8296,6.3617
4.8307,6.3642
4.8319,6.3667
4.8331,6.3692
4.8342,6.3717
4.8354,6.3742
4.8366,6.3767
4.8377,6.3792
4.8389,6.3818
4.8401,6.3843
4.8412,6.3868
4.8424,6.3893
4.8436,6.3918
4.8447,6.3943
4.8459,6.3968
4.8471,6.3993
4.8482,6.4018
4.8494,6.4043
4.8506,6.4068
4.8517,6.4093
4.8529,6.4118
4.8541,6.4143
4.8552,6.4168
4.8564,6.4193
4.8576,6.4219
4.8587,6.4244
4.8599,6.4269
4.8611,6.4294
4.8622,6.4319
4.8634,6.4344
4.8646,6.4369
4.8657,6.4394
4.8669,6.4419
4.8681,6.4444
4.8693,6.4469
4.8704,6.4494
4.8716,6.4519
4.8728,6.4544
4.8739,6.4569
4.8751,6.4594
4.8763,6.4619
4.8774,6.4644
4.8786,6.4669
4.8798,6.4694
4.8809,6.4718
4.8821,6.4743
4.8833,6.4768
4.8844,6.4793
4.8856,6.4818
4.8868,6.4843
4.8879,6.4868
4.8891,6.4893
4.8903,6.4918
4.8914,6.4943
4.8926,6.4968
4.8938,6.4993
4.8949,6.5018
4.8961,6.5043
4.8973,6.5068
4.8984,6.5092
4.8996,6.5117
4.9008,6.5142
4.9019,6.5167
4.9031,6.5192
4.9043,6.5217
4.9054,6.5242
4.9066,6.5267
4.9078,6.5292
4.9089,6.5317
4.9101,6.5341
4.9113,6.5366
4.9124,6.5391
4.9136,6.5416
4.9148,6.5441
4.9159,6.5466
4.9171,6.5491
4.9183,6.5515
4.9194,6.554
4.9206,6.5565
4.9218,6.559
4.923,6.5615
4.9241,6.564
4.9253,6.5664
4.9265,6.5689
4.9276,6.5714
4.9288,6.5739
4.93,6.5764
4.9311,6.5789
4.9323,6.5813
4.9335,6.5838
4.9346,6.5863
4.9358,6.5888
4.937,6.5913
4.9381,6.5937
4.9393,6.5962
4.9405,6.5987
4.9416,6.6012
4.9428,6.6037
4.944,6.6061
4.9451,6.6086
4.9463,6.6111
4.9475,6.6136
4.9486,6.616
4.9498,6.6185
4.951,6.621
4.9521,6.6235
4.9533,6.6259
4.9545,6.6284
4.9556,6.6309
4.9568,6.6334
4.958,6.6358
4.9591,6.6383
4.9603,6.6408
4.9615,6.6432
4.9626,6.6457
4.9638,6.6482
4.965,6.6507
4.9661,6.6531
4.9673,6.6556
4.9685,6.6581
4.9696,6.6605
4.9708,6.663
4.972,6.6655
4.9731,6.668
4.9743,6.6704
4.9755,6.6729
4.9767,6.6754
4.9778,6.6778
4.979,6.6803
4.9802,6.6827
4.9813,6.6852
4.9825,6.6877
4.9837,6.6901
4.9848,6.6926
4.986,6.6951
4.9872,6.6975
4.9883,6.7
4.9895,6.7025
4.9907,6.7049
4.9918,6.7074
4.993,6.7099
4.9942,6.7123
4.9953,6.7148
4.9965,6.7173
4.9977,6.7197
4.9988,6.7222
5,6.7246
