0,1e-12
0.0011674,0
0.0023348,0
0.0035022,0
0.0046696,0
0.005837,0
0.0070044,0
0.0081718,0
0.0093392,0
0.010507,0
0.011674,0
0.012841,0
0.014009,0
0.015176,0
0.016344,0
0.017511,0
0.018678,0
0.019846,0
0.021013,0
0.022181,0
0.023348,0
0.024516,-0
0.025683,0
0.02685,0
0.028018,-1.3101e-38
0.029185,-0
0.030353,2.5851e-37
0.03152,-6.3125e-37
0.032687,5.0056e-37
0.033855,1.0019e-35
0.035022,-7.1911e-35
0.03619,-7.3676e-35
0.037357,1.2528e-33
0.038524,4.6834e-34
0.039692,-1.3193e-32
0.040859,-5.0646e-33
0.042027,9.9737e-32
0.043194,5.7207e-32
0.044361,-5.7105e-31
0.045529,-4.5609e-31
0.046696,2.5319e-30
0.047864,2.4528e-30
0.049031,-8.9499e-30
0.050198,-8.4731e-30
0.051366,2.7839e-29
0.052533,1.3666e-29
0.053701,-9.5293e-29
0.054868,2.9761e-29
0.056035,4.0163e-28
0.057203,-2.5037e-28
0.05837,-1.7136e-27
0.059538,6.6373e-28
0.060705,6.2288e-27
0.061873,-3.1851e-28
0.06304,-1.8627e-26
0.064207,-3.9672e-27
0.065375,4.7689e-26
0.066542,1.768e-26
0.06771,-1.1313e-25
0.068877,-4.8432e-26
0.070044,2.6826e-25
0.071212,1.1676e-25
0.072379,-6.5094e-25
0.073547,-3.0411e-25
0.074714,1.5805e-24
0.075881,9.1545e-25
0.077049,-3.684e-24
0.078216,-2.9587e-24
0.079384,7.6885e-24
0.080551,8.8459e-24
0.081718,-1.3093e-23
0.082886,-2.1461e-23
0.084053,1.7429e-23
0.085221,3.9966e-23
0.086388,-2.4303e-23
0.087555,-6.4632e-23
0.088723,5.7248e-23
0.08989,1.3584e-22
0.091058,-1.2357e-22
0.092225,-3.5947e-22
0.093392,9.1948e-23
0.09456,7.4384e-22
0.095727,2.6289e-22
0.096895,-9.532e-22
0.098062,-7.1287e-22
0.09923,8.3007e-22
0.1004,4.3805e-22
0.10156,-1.7076e-21
0.10273,-1.4804e-22
0.1039,5.1338e-21
0.10507,3.8362e-21
0.10623,-7.396e-21
0.1074,-1.2316e-20
0.10857,1.0867e-21
0.10974,1.449e-20
0.1109,6.6831e-21
0.11207,-4.2721e-21
0.11324,7.6988e-21
0.11441,1.3405e-20
0.11557,-2.963e-20
0.11674,-7.179e-20
0.11791,-1.7126e-20
0.11908,9.9257e-20
0.12024,1.1984e-19
0.12141,1.1026e-20
0.12258,-7.2487e-20
0.12375,-7.0355e-20
0.12491,-1.2904e-19
0.12608,-2.4068e-19
0.12725,-7.5369e-20
0.12841,4.6343e-19
0.12958,7.9453e-19
0.13075,3.4041e-19
0.13192,-5.7078e-19
0.13308,-1.1312e-18
0.13425,-1.0975e-18
0.13542,-6.1359e-19
0.13659,6.1238e-19
0.13775,2.6129e-18
0.13892,3.6884e-18
0.14009,1.6272e-18
0.14126,-3.5532e-18
0.14242,-7.1736e-18
0.14359,-5.908e-18
0.14476,-7.1127e-19
0.14593,6.3201e-18
0.14709,1.2322e-17
0.14826,1.2794e-17
0.14943,3.814e-18
0.1506,-1.331e-17
0.15176,-2.7759e-17
0.15293,-2.5092e-17
0.1541,-2.9914e-18
0.15527,2.2975e-17
0.15643,3.9164e-17
0.1576,4.1959e-17
0.15877,2.9497e-17
0.15993,-1.1568e-17
0.1611,-7.4061e-17
0.16227,-1.0928e-16
0.16344,-6.9416e-17
0.1646,3.1826e-17
0.16577,1.6787e-16
0.16694,2.3565e-16
0.16811,1.5875e-16
0.16927,-3.3251e-17
0.17044,-3.2975e-16
0.17161,-5.2929e-16
0.17278,-6.4217e-16
0.17394,2.3517e-16
0.17511,-1.631e-16
0.17628,-4.6915e-16
0.17745,2.8316e-16
0.17861,1.6266e-16
0.17978,-3.4207e-16
0.18095,6.644e-16
0.18212,-7.0146e-16
0.18328,-1.3086e-16
0.18445,5.2645e-16
0.18562,7.1235e-17
0.18678,1.8445e-16
0.18795,6.7187e-16
0.18912,4.2564e-16
0.19029,6.7988e-16
0.19145,4.5128e-16
0.19262,-5.6269e-16
0.19379,2.8143e-16
0.19496,2.7617e-16
0.19612,-1.5511e-16
0.19729,5.3134e-16
0.19846,3.0354e-16
0.19963,-3.1994e-16
0.20079,3.8425e-16
0.20196,-5.691e-16
0.20313,-2.1357e-16
0.2043,4.9755e-16
0.20546,3.5322e-16
0.20663,-4.9296e-16
0.2078,6.428e-16
0.20897,4.4258e-16
0.21013,-6.1266e-16
0.2113,2.1945e-16
0.21247,8.5184e-17
0.21364,-4.2391e-16
0.2148,4.4806e-16
0.21597,-1.9877e-17
0.21714,4.5883e-16
0.2183,6.331e-16
0.21947,-3.461e-16
0.22064,3.1441e-16
0.22181,-6.0269e-16
0.22297,-1.2227e-16
0.22414,-8.2865e-17
0.22531,2.0379e-16
0.22648,-2.3029e-16
0.22764,-2.2372e-16
0.22881,-5.4944e-16
0.22998,2.8366e-16
0.23115,7.0685e-16
0.23231,5.4382e-16
0.23348,-5.0879e-16
0.23465,3.9619e-16
0.23582,2.3086e-17
0.23698,2.5317e-16
0.23815,3.0426e-16
0.23932,-1.8805e-17
0.24049,-4.6647e-16
0.24165,3.8126e-16
0.24282,-6.3972e-16
0.24399,6.5165e-16
0.24516,3.5624e-16
0.24632,-1.8278e-16
0.24749,-3.3967e-16
0.24866,2.3677e-16
0.24982,2.5595e-16
0.25099,-4.3714e-17
0.25216,2.5851e-16
0.25333,-3.5154e-16
0.25449,2.5604e-16
0.25566,-2.2604e-16
0.25683,-2.368e-16
0.258,-3.1329e-16
0.25916,4.8426e-16
0.26033,-5.3892e-16
0.2615,3.0783e-16
0.26267,-4.3466e-16
0.26383,5.127e-16
0.265,4.7815e-16
0.26617,-1.7693e-16
0.26734,3.0003e-16
0.2685,-6.8493e-16
0.26967,-4.2269e-16
0.27084,-5.7284e-16
0.27201,-3.4918e-16
0.27317,-1.5134e-16
0.27434,-4.1299e-16
0.27551,1.2131e-16
0.27668,1.144e-16
0.27784,-2.5061e-16
0.27901,5.0282e-16
0.28018,2.7515e-16
0.28134,-6.7904e-16
0.28251,4.5395e-16
0.28368,-6.1434e-16
0.28485,-5.9604e-16
0.28601,5.7865e-16
0.28718,-1.6285e-16
0.28835,6.6043e-16
0.28952,2.8392e-16
0.29068,-3.3184e-16
0.29185,4.9594e-16
0.29302,-4.7632e-16
0.29419,9.9464e-17
0.29535,2.7943e-16
0.29652,6.2646e-16
0.29769,-4.3396e-16
0.29886,6.9845e-16
0.30002,4.846e-16
0.30119,3.2145e-16
0.30236,7.0557e-16
0.30353,6.2004e-16
0.30469,-3.6886e-16
0.30586,4.117e-16
0.30703,-6.2659e-16
0.3082,4.8431e-16
0.30936,-6.6966e-16
0.31053,5.532e-16
0.3117,-6.2803e-16
0.31286,1.5694e-17
0.31403,-7.1196e-16
0.3152,1.9407e-16
0.31637,8.2712e-17
0.31753,-1.997e-16
0.3187,1.366e-16
0.31987,5.4514e-16
0.32104,-4.7195e-16
0.3222,-5.8124e-16
0.32337,6.5147e-16
0.32454,-1.6445e-16
0.32571,-1.0973e-16
0.32687,3.5938e-16
0.32804,-4.2319e-16
0.32921,-1.1654e-16
0.33038,-7.1493e-16
0.33154,8.3191e-17
0.33271,3.5568e-16
0.33388,-5.2143e-16
0.33505,6.8848e-17
0.33621,5.6702e-16
0.33738,6.2502e-16
0.33855,-6.5264e-16
0.33972,3.6305e-16
0.34088,2.3642e-16
0.34205,1.3888e-16
0.34322,-4.0126e-16
0.34438,-7.2138e-16
0.34555,4.9433e-16
0.34672,-2.5366e-16
0.34789,5.01e-17
0.34905,6.1568e-16
0.35022,-7.2487e-16
0.35139,1.0672e-16
0.35256,-2.0229e-16
0.35372,-6.9559e-16
0.35489,-2.3211e-16
0.35606,-5.4458e-16
0.35723,-3.3479e-16
0.35839,2.4106e-18
0.35956,-5.4813e-16
0.36073,3.9017e-16
0.3619,4.0285e-16
0.36306,4.1912e-16
0.36423,4.1097e-16
0.3654,-4.7196e-16
0.36657,-5.0107e-16
0.36773,-3.8077e-16
0.3689,-6.1815e-16
0.37007,-4.2825e-16
0.37124,-5.6107e-16
0.3724,6.7463e-16
0.37357,-3.003e-16
0.37474,-5.933e-16
0.3759,-1.2905e-16
0.37707,3.0862e-16
0.37824,5.1268e-16
0.37941,-5.9259e-16
0.38057,5.6267e-16
0.38174,-1.2282e-16
0.38291,-2.9857e-16
0.38408,-5.0843e-16
0.38524,-4.5223e-16
0.38641,-4.4111e-16
0.38758,-1.5458e-16
0.38875,-2.1497e-16
0.38991,3.5868e-16
0.39108,6.7775e-16
0.39225,6.7678e-16
0.39342,-2.2189e-16
0.39458,-6.0177e-16
0.39575,4.6131e-16
0.39692,-1.8817e-16
0.39809,-3.8905e-16
0.39925,-1.026e-16
0.40042,7.9261e-17
0.40159,-1.057e-16
0.40276,3.7291e-16
0.40392,-7.2465e-16
0.40509,3.2543e-16
0.40626,-3.6868e-16
0.40742,6.1913e-16
0.40859,-5.4322e-16
0.40976,2.6864e-16
0.41093,-3.6744e-16
0.41209,3.8697e-16
0.41326,-1.594e-17
0.41443,3.982e-17
0.4156,-7.9951e-17
0.41676,-1.0421e-16
0.41793,8.6554e-17
0.4191,4.2411e-16
0.42027,-4.6263e-16
0.42143,3.6008e-17
0.4226,1.0465e-16
0.42377,2.6366e-16
0.42494,-3.5761e-16
0.4261,-1.6441e-16
0.42727,5.3876e-16
0.42844,-4.7569e-16
0.42961,3.472e-16
0.43077,-2.9915e-16
0.43194,7.1576e-16
0.43311,2.316e-16
0.43428,-1.9787e-16
0.43544,8.3782e-17
0.43661,-1.6218e-16
0.43778,6.9019e-16
0.43894,5.2091e-16
0.44011,6.9169e-16
0.44128,1.0977e-16
0.44245,-4.8117e-17
0.44361,-3.6143e-16
0.44478,4.0461e-16
0.44595,1.105e-16
0.44712,1.2521e-16
0.44828,1.1154e-16
0.44945,7.1779e-17
0.45062,-4.8775e-16
0.45179,-2.2655e-16
0.45295,-4.2036e-16
0.45412,-6.4955e-16
0.45529,4.4874e-16
0.45646,7.1005e-16
0.45762,7.2941e-16
0.45879,-3.9528e-16
0.45996,4.8182e-16
0.46113,2.0319e-16
0.46229,7.2517e-16
0.46346,4.2114e-16
0.46463,4.3314e-16
0.4658,6.2189e-17
0.46696,6.3979e-16
0.46813,-1.0295e-16
0.4693,-4.3405e-16
0.47046,2.3129e-16
0.47163,-6.4383e-16
0.4728,-1.7454e-16
0.47397,-1.8912e-16
0.47513,-1.5046e-16
0.4763,-2.2693e-16
0.47747,-4.8794e-16
0.47864,6.3256e-16
0.4798,1.8566e-16
0.48097,2.186e-16
0.48214,3.274e-16
0.48331,3.1807e-16
0.48447,-3.9997e-17
0.48564,-4.5224e-16
0.48681,-1.7998e-16
0.48798,-4.801e-16
0.48914,-3.501e-16
0.49031,5.2963e-16
0.49148,3.0921e-16
0.49265,-1.1836e-17
0.49381,-3.9044e-16
0.49498,5.0813e-16
0.49615,-1.4233e-16
0.49731,8.4548e-17
0.49848,3.5144e-16
0.49965,-7.5112e-17
0.50082,6.3339e-16
0.50198,-5.2755e-16
0.50315,1.2167e-16
0.50432,2.1438e-16
0.50549,2.5251e-16
0.50665,4.6995e-16
0.50782,4.6377e-16
0.50899,4.4104e-16
0.51016,5.9527e-16
0.51132,5.5705e-16
0.51249,5.8262e-16
0.51366,8.6954e-17
0.51483,-1.5444e-16
0.51599,5.9324e-17
0.51716,1.5958e-16
0.51833,5.1752e-16
0.5195,-5.1083e-16
0.52066,-4.7496e-16
0.52183,6.2653e-16
0.523,-3.8226e-16
0.52417,-5.7779e-16
0.52533,-5.7513e-16
0.5265,4.8318e-16
0.52767,-6.1182e-16
0.52883,1.107e-16
0.53,-4.8534e-16
0.53117,-4.0328e-16
0.53234,-7.2749e-16
0.5335,4.7685e-16
0.53467,6.0626e-16
0.53584,-6.0245e-16
0.53701,-3.4523e-17
0.53817,6.8987e-16
0.53934,-4.0763e-16
0.54051,-2.7696e-16
0.54168,-1.8372e-17
0.54284,5.9936e-16
0.54401,6.4595e-16
0.54518,7.041e-16
0.54635,2.7067e-16
0.54751,2.1167e-16
0.54868,-1.8114e-17
0.54985,9.8795e-17
0.55102,-4.2252e-16
0.55218,-2.1522e-16
0.55335,-1.3316e-16
0.55452,4.8949e-16
0.55569,-8.6923e-17
0.55685,-5.2535e-16
0.55802,-2.7115e-16
0.55919,4.5533e-16
0.56035,-5.1825e-16
0.56152,-3.6796e-16
0.56269,-7.2285e-16
0.56386,-5.2608e-16
0.56502,4.6992e-16
0.56619,-3.632e-16
0.56736,-6.287e-17
0.56853,5.3739e-17
0.56969,-4.7451e-16
0.57086,-1.7728e-16
0.57203,1.4593e-16
0.5732,3.3986e-16
0.57436,4.4933e-16
0.57553,-3.2607e-16
0.5767,7.1361e-16
0.57787,2.6344e-16
0.57903,-7.1797e-16
0.5802,-2.9082e-16
0.58137,-3.6352e-16
0.58254,-5.4564e-16
0.5837,-7.2431e-16
0.58487,5.0886e-16
0.58604,3.6656e-16
0.58721,3.5784e-16
0.58837,1.7169e-16
0.58954,2.6081e-16
0.59071,4.6671e-16
0.59187,1.1368e-16
0.59304,5.3023e-16
0.59421,2.0438e-16
0.59538,-7.1842e-17
0.59654,-5.4634e-16
0.59771,1.4366e-16
0.59888,1.2423e-16
0.60005,-5.2521e-17
0.60121,-3.0804e-16
0.60238,3.4888e-16
0.60355,2.3914e-16
0.60472,1.4897e-16
0.60588,3.3636e-16
0.60705,-3.0953e-16
0.60822,5.846e-16
0.60939,-1.253e-16
0.61055,-1.503e-17
0.61172,6.9055e-17
0.61289,4.635e-16
0.61406,-4.7995e-16
0.61522,1.9898e-16
0.61639,-4.8043e-16
0.61756,2.3518e-17
0.61873,-2.9068e-16
0.61989,4.8067e-16
0.62106,-6.2665e-16
0.62223,2.4721e-16
0.62339,-6.0536e-16
0.62456,4.0349e-16
0.62573,1.4259e-16
0.6269,5.2361e-16
0.62806,1.4412e-16
0.62923,-2.088e-16
0.6304,5.5737e-16
0.63157,-5.8312e-16
0.63273,6.0771e-16
0.6339,-3.3614e-16
0.63507,-3.6086e-16
0.63624,-2.0017e-16
0.6374,4.0109e-16
0.63857,5.0309e-16
0.63974,2.4805e-16
0.64091,3.8286e-16
0.64207,7.3972e-16
0.64324,-9.021e-17
0.64441,5.1614e-16
0.64558,-1.9203e-16
0.64674,-2.9557e-16
0.64791,1.9169e-16
0.64908,-2.298e-16
0.65025,1.1818e-17
0.65141,-6.5464e-17
0.65258,5.3531e-16
0.65375,5.8497e-16
0.65491,3.4393e-16
0.65608,-5.2045e-17
0.65725,6.4001e-16
0.65842,6.145e-16
0.65958,1.9724e-16
0.66075,1.2629e-16
0.66192,-4.9933e-17
0.66309,9.7059e-18
0.66425,6.9754e-16
0.66542,-2.7085e-16
0.66659,-4.3344e-16
0.66776,-4.4015e-16
0.66892,5.5507e-16
0.67009,-7.3333e-17
0.67126,1.564e-16
0.67243,4.5286e-16
0.67359,6.3008e-17
0.67476,6.0613e-18
0.67593,5.3234e-17
0.6771,5.3685e-16
0.67826,6.8185e-17
0.67943,2.4346e-16
0.6806,6.7261e-16
0.68177,-5.7459e-16
0.68293,1.7575e-17
0.6841,6.5037e-16
0.68527,-7.2646e-16
0.68643,2.5344e-16
0.6876,7.1978e-16
0.68877,3.4546e-16
0.68994,-2.9309e-16
0.6911,5.1461e-16
0.69227,1.5371e-16
0.69344,5.3838e-16
0.69461,-3.0037e-16
0.69577,5.706e-16
0.69694,-2.0603e-16
0.69811,-6.0296e-16
0.69928,1.6945e-16
0.70044,-4.952e-16
0.70161,1.798e-16
0.70278,-3.8014e-16
0.70395,6.266e-16
0.70511,-1.0133e-16
0.70628,-1.6652e-16
0.70745,-4.9826e-16
0.70862,1.9015e-16
0.70978,-3.905e-16
0.71095,-6.4884e-17
0.71212,-2.8886e-16
0.71329,-8.2527e-17
0.71445,-6.206e-16
0.71562,1.798e-16
0.71679,-5.8954e-16
0.71795,-5.2203e-16
0.71912,-6.0602e-16
0.72029,-2.9499e-16
0.72146,-3.8627e-16
0.72262,-4.2462e-16
0.72379,-2.3593e-16
0.72496,1.8287e-16
0.72613,3.5591e-17
0.72729,3.5698e-16
0.72846,-4.3614e-16
0.72963,2.9485e-16
0.7308,-5.6883e-16
0.73196,1.798e-16
0.73313,5.6299e-17
0.7343,5.6638e-16
0.73547,6.285e-16
0.73663,-2.7967e-16
0.7378,3.9226e-16
0.73897,5.3109e-16
0.74014,3.0711e-16
0.7413,3.424e-16
0.74247,-1.1168e-16
0.74364,-6.1819e-17
0.74481,2.2428e-16
0.74597,3.7769e-16
0.74714,-1.3239e-16
0.74831,9.1585e-17
0.74947,-9.7106e-17
0.75064,3.9226e-16
0.75181,2.1012e-17
0.75298,-1.7381e-16
0.75414,-2.1522e-16
0.75531,-2.1522e-16
0.75648,-6.1331e-16
0.75765,8.5455e-17
0.75881,5.6638e-16
0.75998,2.3041e-16
0.76115,4.5439e-16
0.76232,-4.5378e-16
0.76348,-6.9002e-16
0.76465,5.3954e-16
0.76582,7.052e-16
0.76699,1.1842e-16
0.76815,-3.4179e-16
0.76932,2.9485e-16
0.77049,-1.8839e-16
0.77166,-5.9261e-16
0.77282,5.3954e-16
0.77399,-9.0976e-17
0.77516,3.3627e-16
0.77633,-7.7517e-16
0.77749,3.5085e-16
0.77866,-5.0977e-16
0.77983,3.5085e-16
0.78099,-5.569e-17
0.78216,-8.58e-16
0.78333,-7.1685e-16
0.7845,1.2074e-16
0.78566,4.3368e-16
0.78683,2.5112e-16
0.788,-3.2108e-16
0.78917,-8.58e-16
0.79033,8.7533e-18
0.7915,4.6897e-16
0.79267,-5.5119e-16
0.79384,-3.6863e-16
0.795,6.9294e-16
0.79617,3.2782e-16
0.79734,5.518e-16
0.79851,6.2428e-17
0.79967,-2.858e-16
0.80084,-1.0114e-15
0.80201,1.2074e-16
0.80318,-1.7381e-16
0.80434,5.0169e-17
0.80551,-3.2721e-16
0.80668,-5.9261e-16
0.80784,-8.58e-16
0.80901,6.5153e-16
0.81018,3.2782e-16
0.81135,-5.0977e-16
0.81251,-1.0324e-16
0.81368,5.1038e-16
0.81485,2.1583e-16
0.81602,-9.2857e-16
0.81718,-5.6345e-16
0.81835,4.2755e-16
0.81952,-5.0977e-16
0.82069,-1.0324e-16
0.82185,-6.1819e-17
0.82302,-4.392e-16
0.82419,6.9294e-16
0.82536,6.2428e-17
0.82652,1.33e-16
0.82769,-6.6318e-16
0.82886,-3.6863e-16
0.83003,-1.0324e-16
0.83119,-9.6999e-16
0.83236,3.8613e-16
0.83353,5.518e-16
0.8347,5.518e-16
0.83586,-2.0296e-16
0.83703,-5.9261e-16
0.8382,-5.2203e-16
0.83936,-1.3239e-16
0.84053,-5.2203e-16
0.8417,4.6897e-16
0.84287,-2.858e-16
0.84403,-3.6863e-16
0.8452,9.1585e-17
0.84637,3.9839e-16
0.84754,-4.392e-16
0.8487,-4.392e-16
0.84987,8.7533e-18
0.85104,-3.5637e-16
0.85221,5.3954e-16
0.85337,1.7442e-16
0.85454,-4.392e-16
0.85571,-2.1522e-16
0.85688,-7.4601e-16
0.85804,-7.4601e-16
0.85921,8.7533e-18
0.86038,9.1585e-17
0.86155,9.1585e-17
0.86271,-3.5637e-16
0.86388,9.1585e-17
0.86505,-1.3239e-16
0.86622,6.2237e-16
0.86738,-4.956e-17
0.86855,-1.3239e-16
0.86972,-6.6318e-16
0.87088,-7.4601e-16
0.87205,-1.4465e-16
0.87322,-2.858e-16
0.87439,-1.3239e-16
0.87555,-8.1658e-16
0.87672,6.9294e-16
0.87789,-4.2694e-16
0.87906,8.7533e-18
0.88022,-7.4601e-16
0.88139,1.6216e-16
0.88256,-1.3239e-16
0.88373,1.1532e-15
0.88489,-4.956e-17
0.88606,9.1585e-17
0.88723,-9.6999e-16
0.8884,8.7533e-18
0.88956,-5.5119e-16
0.89073,9.9975e-16
0.8919,-9.5773e-16
0.89307,-5.2203e-16
0.89423,3.1556e-16
0.8954,1.7442e-16
0.89657,-3.9778e-16
0.89774,-4.8062e-16
0.8989,1.6216e-16
0.90007,-1.082e-15
0.90124,-4.5146e-16
0.9024,-5.9261e-16
0.90357,-1.0324e-16
0.90474,-4.8062e-16
0.90591,5.8096e-16
0.90707,1.7442e-16
0.90824,-8.8716e-16
0.90941,-1.4465e-16
0.91058,-1.082e-15
0.91174,2.3273e-16
0.91291,-5.0977e-16
0.91408,-2.1522e-16
0.91525,-1.7381e-16
0.91641,-4.392e-16
0.91758,7.3436e-16
0.91875,6.2428e-17
0.91992,2.1012e-17
0.92108,5.518e-16
0.92225,2.8641e-16
0.92342,-3.5637e-16
0.92459,-6.1819e-17
0.92575,7.3436e-16
0.92692,-4.6836e-16
0.92809,0.26043
0.92926,0.495
0.93042,0.32454
0.93159,0.24244
0.93276,0.45348
0.93392,0.65729
0.93509,0.8008
0.93626,0.98128
0.93743,1.0749
0.93859,1.0476
0.93976,1.0775
0.94093,1.188
0.9421,1.2705
0.94326,1.3473
0.94443,1.4757
0.9456,1.5728
0.94677,1.5774
0.94793,1.5628
0.9491,1.5876
0.95027,1.6407
0.95144,1.7312
0.9526,1.8686
0.95377,2.0044
0.95494,2.0914
0.95611,2.1209
0.95727,2.1011
0.95844,2.0682
0.95961,2.0817
0.96078,2.1604
0.96194,2.2624
0.96311,2.3419
0.96428,2.3857
0.96544,2.4025
0.96661,2.4137
0.96778,2.4454
0.96895,2.5031
0.97011,2.5669
0.97128,2.6189
0.97245,2.6575
0.97362,2.6895
0.97478,2.7234
0.97595,2.764
0.97712,2.8009
0.97829,2.8216
0.97945,2.8328
0.98062,2.8567
0.98179,2.9084
0.98296,2.9789
0.98412,3.0392
0.98529,3.0681
0.98646,3.0729
0.98763,3.0764
0.98879,3.0931
0.98996,3.1267
0.99113,3.1758
0.9923,3.2285
0.99346,3.2638
0.99463,3.272
0.9958,3.2703
0.99696,3.2884
0.99813,3.3371
0.9993,3.3996
1.0005,3.4499
1.0016,3.4767
1.0028,3.4871
1.004,3.494
1.0051,3.5059
1.0063,3.526
1.0075,3.5545
1.0086,3.5891
1.0098,3.6243
1.011,3.654
1.0121,3.6785
1.0133,3.7038
1.0145,3.7344
1.0156,3.7674
1.0168,3.7974
1.018,3.8226
1.0191,3.8431
1.0203,3.8586
1.0215,3.8713
1.0226,3.8869
1.0238,3.9106
1.025,3.943
1.0261,3.9799
1.0273,4.0161
1.0285,4.0483
1.0297,4.0758
1.0308,4.0991
1.032,4.1187
1.0332,4.1358
1.0343,4.1534
1.0355,4.1749
1.0367,4.2004
1.0378,4.2261
1.039,4.2481
1.0402,4.2678
1.0413,4.2901
1.0425,4.3191
1.0437,4.3552
1.0448,4.3946
1.046,4.4314
1.0472,4.4606
1.0483,4.4811
1.0495,4.4987
1.0507,4.5235
1.0518,4.5617
1.053,4.6093
1.0542,4.6551
1.0553,4.6915
1.0565,4.7192
1.0577,4.7444
1.0588,4.7734
1.06,4.8089
1.0612,4.8493
1.0623,4.8891
1.0635,4.9228
1.0647,4.9499
1.0658,4.9754
1.067,5.0057
1.0682,5.0438
1.0693,5.087
1.0705,5.1297
1.0717,5.1691
1.0728,5.2056
1.074,5.2402
1.0752,5.2718
1.0763,5.2985
1.0775,5.32
1.0787,5.3374
1.0799,5.3534
1.081,5.3701
1.0822,5.3889
1.0834,5.4087
1.0845,5.4267
1.0857,5.4406
1.0869,5.4514
1.088,5.4616
1.0892,5.4727
1.0904,5.4838
1.0915,5.4921
1.0927,5.4953
1.0939,5.4942
1.095,5.4912
1.0962,5.4876
1.0974,5.4835
1.0985,5.4788
1.0997,5.4744
1.1009,5.4706
1.102,5.4661
1.1032,5.4591
1.1044,5.4488
1.1055,5.4353
1.1067,5.4197
1.1079,5.4046
1.109,5.3918
1.1102,5.3791
1.1114,5.3615
1.1125,5.3336
1.1137,5.2962
1.1149,5.2533
1.116,5.2087
1.1172,5.1705
1.1184,5.1428
1.1195,5.1169
1.1207,5.0793
1.1219,5.023
1.123,4.9276
1.1242,4.8224
1.1254,4.7479
1.1265,4.6819
1.1277,4.6551
1.1289,4.6335
1.13,4.5804
1.1312,4.5
1.1324,4.4144
1.1336,4.348
1.1347,4.3098
1.1359,4.2902
1.1371,4.2721
1.1382,4.243
1.1394,4.2001
1.1406,4.1528
1.1417,4.1081
1.1429,4.072
1.1441,4.0526
1.1452,4.0497
1.1464,4.0498
1.1476,4.0384
1.1487,4.009
1.1499,3.9639
1.1511,3.9146
1.1522,3.8759
1.1534,3.857
1.1546,3.8538
1.1557,3.8528
1.1569,3.841
1.1581,3.8142
1.1592,3.7789
1.1604,3.7468
1.1616,3.7258
1.1627,3.7148
1.1639,3.7075
1.1651,3.6977
1.1662,3.6825
1.1674,3.6627
1.1686,3.6408
1.1697,3.6189
1.1709,3.5982
1.1721,3.5802
1.1732,3.5669
1.1744,3.5598
1.1756,3.5571
1.1767,3.5532
1.1779,3.5419
1.1791,3.5221
1.1802,3.4982
1.1814,3.4773
1.1826,3.4635
1.1837,3.456
1.1849,3.4501
1.1861,3.4406
1.1873,3.4255
1.1884,3.4066
1.1896,3.3889
1.1908,3.3763
1.1919,3.3691
1.1931,3.3635
1.1943,3.3545
1.1954,3.3405
1.1966,3.3239
1.1978,3.3088
1.1989,3.298
1.2001,3.2914
1.2013,3.2871
1.2024,3.283
1.2036,3.2773
1.2048,3.2692
1.2059,3.2588
1.2071,3.2469
1.2083,3.2345
1.2094,3.2229
1.2106,3.2124
1.2118,3.2025
1.2129,3.1925
1.2141,3.1818
1.2153,3.171
1.2164,3.1611
1.2176,3.1532
1.2188,3.1475
1.2199,3.1433
1.2211,3.1396
1.2223,3.1347
1.2234,3.1279
1.2246,3.1187
1.2258,3.1078
1.2269,3.0961
1.2281,3.0847
1.2293,3.0748
1.2304,3.0663
1.2316,3.0589
1.2328,3.0516
1.2339,3.0446
1.2351,3.0386
1.2363,3.0342
1.2375,3.031
1.2386,3.0278
1.2398,3.0229
1.241,3.0152
1.2421,3.0054
1.2433,2.9954
1.2445,2.9871
1.2456,2.9811
1.2468,2.9766
1.248,2.9716
1.2491,2.965
1.2503,2.9574
1.2515,2.9501
1.2526,2.9443
1.2538,2.9403
1.255,2.9368
1.2561,2.9323
1.2573,2.9258
1.2585,2.9178
1.2596,2.9094
1.2608,2.902
1.262,2.8962
1.2631,2.8913
1.2643,2.8865
1.2655,2.8812
1.2666,2.8757
1.2678,2.8701
1.269,2.8647
1.2701,2.8593
1.2713,2.8537
1.2725,2.8484
1.2736,2.8438
1.2748,2.8403
1.276,2.8377
1.2771,2.8353
1.2783,2.8324
1.2795,2.8284
1.2806,2.8233
1.2818,2.8175
1.283,2.8112
1.2841,2.8045
1.2853,2.7971
1.2865,2.7893
1.2876,2.7814
1.2888,2.7743
1.29,2.7689
1.2912,2.7653
1.2923,2.7632
1.2935,2.7618
1.2947,2.7602
1.2958,2.7577
1.297,2.7543
1.2982,2.7504
1.2993,2.7463
1.3005,2.7421
1.3017,2.7378
1.3028,2.7328
1.304,2.7272
1.3052,2.7212
1.3063,2.7154
1.3075,2.7104
1.3087,2.7064
1.3098,2.7035
1.311,2.7014
1.3122,2.6995
1.3133,2.6972
1.3145,2.694
1.3157,2.6896
1.3168,2.6843
1.318,2.6785
1.3192,2.6727
1.3203,2.6676
1.3215,2.6633
1.3227,2.6598
1.3238,2.6566
1.325,2.6536
1.3262,2.6505
1.3273,2.6475
1.3285,2.6447
1.3297,2.6421
1.3308,2.6392
1.332,2.6358
1.3332,2.6317
1.3343,2.6273
1.3355,2.623
1.3367,2.6195
1.3378,2.6168
1.339,2.6146
1.3402,2.6123
1.3413,2.6093
1.3425,2.6056
1.3437,2.6015
1.3449,2.5974
1.346,2.5938
1.3472,2.5907
1.3484,2.5879
1.3495,2.5851
1.3507,2.5823
1.3519,2.5796
1.353,2.577
1.3542,2.5746
1.3554,2.5721
1.3565,2.5691
1.3577,2.5653
1.3589,2.5608
1.36,2.5558
1.3612,2.5507
1.3624,2.546
1.3635,2.5422
1.3647,2.5396
1.3659,2.5381
1.367,2.5376
1.3682,2.5376
1.3694,2.5376
1.3705,2.5371
1.3717,2.5357
1.3729,2.5333
1.374,2.5299
1.3752,2.526
1.3764,2.5216
1.3775,2.5171
1.3787,2.5126
1.3799,2.5082
1.381,2.5042
1.3822,2.5008
1.3834,2.4979
1.3845,2.4955
1.3857,2.4934
1.3869,2.4914
1.388,2.4894
1.3892,2.4874
1.3904,2.4853
1.3915,2.4833
1.3927,2.4813
1.3939,2.4791
1.3951,2.4768
1.3962,2.4742
1.3974,2.4714
1.3986,2.4686
1.3997,2.4661
1.4009,2.4638
1.4021,2.4619
1.4032,2.4603
1.4044,2.4588
1.4056,2.4573
1.4067,2.4554
1.4079,2.4533
1.4091,2.4507
1.4102,2.4479
1.4114,2.4448
1.4126,2.4416
1.4137,2.4385
1.4149,2.4355
1.4161,2.4325
1.4172,2.4296
1.4184,2.4267
1.4196,2.424
1.4207,2.4216
1.4219,2.4195
1.4231,2.4177
1.4242,2.4163
1.4254,2.415
1.4266,2.4139
1.4277,2.4129
1.4289,2.4118
1.4301,2.4106
1.4312,2.4091
1.4324,2.407
1.4336,2.4043
1.4347,2.4009
1.4359,2.3973
1.4371,2.3936
1.4382,2.3904
1.4394,2.3878
1.4406,2.386
1.4417,2.3849
1.4429,2.3844
1.4441,2.3842
1.4452,2.384
1.4464,2.3835
1.4476,2.3823
1.4488,2.3803
1.4499,2.3774
1.4511,2.3736
1.4523,2.3694
1.4534,2.3651
1.4546,2.3613
1.4558,2.3584
1.4569,2.3564
1.4581,2.3553
1.4593,2.3549
1.4604,2.3548
1.4616,2.3547
1.4628,2.3543
1.4639,2.3534
1.4651,2.352
1.4663,2.3503
1.4674,2.3483
1.4686,2.3463
1.4698,2.3442
1.4709,2.3422
1.4721,2.3402
1.4733,2.3382
1.4744,2.336
1.4756,2.3338
1.4768,2.3315
1.4779,2.3292
1.4791,2.3272
1.4803,2.3253
1.4814,2.3237
1.4826,2.3222
1.4838,2.321
1.4849,2.3197
1.4861,2.3183
1.4873,2.3166
1.4884,2.3147
1.4896,2.3126
1.4908,2.3105
1.4919,2.3085
1.4931,2.3068
1.4943,2.3055
1.4954,2.3045
1.4966,2.3038
1.4978,2.3031
1.4989,2.3025
1.5001,2.3017
1.5013,2.3008
1.5025,2.2996
1.5036,2.2981
1.5048,2.2963
1.506,2.2941
1.5071,2.2917
1.5083,2.289
1.5095,2.2862
1.5106,2.2834
1.5118,2.2809
1.513,2.2787
1.5141,2.277
1.5153,2.2758
1.5165,2.275
1.5176,2.2745
1.5188,2.2741
1.52,2.2736
1.5211,2.2729
1.5223,2.2719
1.5235,2.2705
1.5246,2.2688
1.5258,2.2667
1.527,2.2643
1.5281,2.2619
1.5293,2.2597
1.5305,2.2577
1.5316,2.2563
1.5328,2.2553
1.534,2.2548
1.5351,2.2545
1.5363,2.2544
1.5375,2.2541
1.5386,2.2534
1.5398,2.2522
1.541,2.2505
1.5421,2.2482
1.5433,2.2456
1.5445,2.243
1.5456,2.2405
1.5468,2.2384
1.548,2.2368
1.5491,2.2357
1.5503,2.235
1.5515,2.2345
1.5527,2.2339
1.5538,2.2331
1.555,2.2321
1.5562,2.2309
1.5573,2.2297
1.5585,2.2285
1.5597,2.2275
1.5608,2.2266
1.562,2.2258
1.5632,2.2249
1.5643,2.2238
1.5655,2.2225
1.5667,2.2208
1.5678,2.219
1.569,2.2172
1.5702,2.2155
1.5713,2.2142
1.5725,2.2131
1.5737,2.2124
1.5748,2.2118
1.576,2.2111
1.5772,2.2103
1.5783,2.209
1.5795,2.2074
1.5807,2.2054
1.5818,2.2031
1.583,2.2009
1.5842,2.199
1.5853,2.1974
1.5865,2.1962
1.5877,2.1954
1.5888,2.195
1.59,2.1949
1.5912,2.1948
1.5923,2.1948
1.5935,2.1946
1.5947,2.1942
1.5958,2.1935
1.597,2.1925
1.5982,2.1912
1.5993,2.1895
1.6005,2.1877
1.6017,2.1856
1.6028,2.1836
1.604,2.1816
1.6052,2.1798
1.6064,2.1782
1.6075,2.177
1.6087,2.176
1.6099,2.1752
1.611,2.1745
1.6122,2.1738
1.6134,2.1731
1.6145,2.1722
1.6157,2.1711
1.6169,2.1699
1.618,2.1686
1.6192,2.1672
1.6204,2.1659
1.6215,2.1646
1.6227,2.1635
1.6239,2.1627
1.625,2.162
1.6262,2.1615
1.6274,2.1611
1.6285,2.1607
1.6297,2.1602
1.6309,2.1596
1.632,2.1588
1.6332,2.1578
1.6344,2.1567
1.6355,2.1554
1.6367,2.1541
1.6379,2.1528
1.639,2.1514
1.6402,2.15
1.6414,2.1487
1.6425,2.1473
1.6437,2.146
1.6449,2.1446
1.646,2.1434
1.6472,2.1424
1.6484,2.1416
1.6495,2.141
1.6507,2.1407
1.6519,2.1405
1.653,2.1403
1.6542,2.14
1.6554,2.1394
1.6565,2.1384
1.6577,2.1372
1.6589,2.1358
1.6601,2.1343
1.6612,2.133
1.6624,2.1319
1.6636,2.1312
1.6647,2.1307
1.6659,2.1305
1.6671,2.1302
1.6682,2.1298
1.6694,2.1291
1.6706,2.128
1.6717,2.1266
1.6729,2.1248
1.6741,2.123
1.6752,2.1212
1.6764,2.1197
1.6776,2.1183
1.6787,2.1173
1.6799,2.1166
1.6811,2.116
1.6822,2.1155
1.6834,2.1151
1.6846,2.1146
1.6857,2.1142
1.6869,2.1138
1.6881,2.1133
1.6892,2.1129
1.6904,2.1124
1.6916,2.1118
1.6927,2.1111
1.6939,2.1102
1.6951,2.1092
1.6962,2.1081
1.6974,2.1069
1.6986,2.1057
1.6997,2.1046
1.7009,2.1036
1.7021,2.1027
1.7032,2.1018
1.7044,2.1011
1.7056,2.1003
1.7067,2.0995
1.7079,2.0985
1.7091,2.0975
1.7102,2.0964
1.7114,2.0952
1.7126,2.0941
1.7138,2.0931
1.7149,2.0921
1.7161,2.0914
1.7173,2.0908
1.7184,2.0903
1.7196,2.0899
1.7208,2.0895
1.7219,2.0892
1.7231,2.0889
1.7243,2.0885
1.7254,2.0881
1.7266,2.0877
1.7278,2.0871
1.7289,2.0864
1.7301,2.0856
1.7313,2.0846
1.7324,2.0834
1.7336,2.0821
1.7348,2.0808
1.7359,2.0794
1.7371,2.0781
1.7383,2.077
1.7394,2.0761
1.7406,2.0755
1.7418,2.0752
1.7429,2.0749
1.7441,2.0747
1.7453,2.0744
1.7464,2.0739
1.7476,2.0731
1.7488,2.0722
1.7499,2.0711
1.7511,2.07
1.7523,2.069
1.7534,2.0683
1.7546,2.0678
1.7558,2.0675
1.7569,2.0674
1.7581,2.0673
1.7593,2.0671
1.7604,2.0668
1.7616,2.0662
1.7628,2.0654
1.764,2.0645
1.7651,2.0633
1.7663,2.0622
1.7675,2.061
1.7686,2.0598
1.7698,2.0587
1.771,2.0577
1.7721,2.0567
1.7733,2.0558
1.7745,2.0549
1.7756,2.0541
1.7768,2.0535
1.778,2.053
1.7791,2.0527
1.7803,2.0526
1.7815,2.0526
1.7826,2.0526
1.7838,2.0526
1.785,2.0524
1.7861,2.052
1.7873,2.0514
1.7885,2.0505
1.7896,2.0495
1.7908,2.0484
1.792,2.0473
1.7931,2.0464
1.7943,2.0457
1.7955,2.0451
1.7966,2.0446
1.7978,2.0442
1.799,2.0438
1.8001,2.0432
1.8013,2.0424
1.8025,2.0415
1.8036,2.0405
1.8048,2.0394
1.806,2.0384
1.8071,2.0374
1.8083,2.0366
1.8095,2.0358
1.8106,2.0352
1.8118,2.0346
1.813,2.0341
1.8141,2.0336
1.8153,2.0332
1.8165,2.0329
1.8177,2.0328
1.8188,2.0328
1.82,2.0328
1.8212,2.0327
1.8223,2.0325
1.8235,2.0321
1.8247,2.0313
1.8258,2.0302
1.827,2.0289
1.8282,2.0275
1.8293,2.0262
1.8305,2.0251
1.8317,2.0243
1.8328,2.0238
1.834,2.0235
1.8352,2.0233
1.8363,2.0231
1.8375,2.0227
1.8387,2.0222
1.8398,2.0214
1.841,2.0205
1.8422,2.0196
1.8433,2.0187
1.8445,2.018
1.8457,2.0176
1.8468,2.0174
1.848,2.0173
1.8492,2.0173
1.8503,2.0172
1.8515,2.0171
1.8527,2.0169
1.8538,2.0166
1.855,2.0162
1.8562,2.0157
1.8573,2.0151
1.8585,2.0145
1.8597,2.0138
1.8608,2.013
1.862,2.012
1.8632,2.011
1.8643,2.0099
1.8655,2.0087
1.8667,2.0077
1.8678,2.0068
1.869,2.0061
1.8702,2.0057
1.8714,2.0055
1.8725,2.0055
1.8737,2.0056
1.8749,2.0056
1.876,2.0056
1.8772,2.0053
1.8784,2.0048
1.8795,2.0042
1.8807,2.0034
1.8819,2.0027
1.883,2.0019
1.8842,2.0014
1.8854,2.0009
1.8865,2.0007
1.8877,2.0005
1.8889,2.0004
1.89,2.0002
1.8912,1.9999
1.8924,1.9994
1.8935,1.9987
1.8947,1.9979
1.8959,1.9968
1.897,1.9957
1.8982,1.9946
1.8994,1.9936
1.9005,1.9927
1.9017,1.9919
1.9029,1.9913
1.904,1.9908
1.9052,1.9905
1.9064,1.9902
1.9075,1.99
1.9087,1.9899
1.9099,1.9897
1.911,1.9896
1.9122,1.9894
1.9134,1.989
1.9145,1.9886
1.9157,1.988
1.9169,1.9873
1.918,1.9865
1.9192,1.9857
1.9204,1.985
1.9216,1.9845
1.9227,1.9842
1.9239,1.984
1.9251,1.984
1.9262,1.9839
1.9274,1.9838
1.9286,1.9835
1.9297,1.9829
1.9309,1.9821
1.9321,1.9811
1.9332,1.9801
1.9344,1.9791
1.9356,1.9782
1.9367,1.9775
1.9379,1.9771
1.9391,1.9768
1.9402,1.9766
1.9414,1.9765
1.9426,1.9764
1.9437,1.9763
1.9449,1.9761
1.9461,1.976
1.9472,1.9758
1.9484,1.9757
1.9496,1.9756
1.9507,1.9753
1.9519,1.975
1.9531,1.9745
1.9542,1.9739
1.9554,1.9731
1.9566,1.9722
1.9577,1.9714
1.9589,1.9706
1.9601,1.9699
1.9612,1.9694
1.9624,1.969
1.9636,1.9686
1.9647,1.9683
1.9659,1.9678
1.9671,1.9674
1.9682,1.9668
1.9694,1.9662
1.9706,1.9655
1.9717,1.965
1.9729,1.9646
1.9741,1.9643
1.9753,1.9642
1.9764,1.9642
1.9776,1.9643
1.9788,1.9643
1.9799,1.9642
1.9811,1.964
1.9823,1.9636
1.9834,1.963
1.9846,1.9624
1.9858,1.9617
1.9869,1.961
1.9881,1.9604
1.9893,1.9598
1.9904,1.9594
1.9916,1.9589
1.9928,1.9585
1.9939,1.9581
1.9951,1.9576
1.9963,1.957
1.9974,1.9564
1.9986,1.9557
1.9998,1.955
2.0009,1.9544
2.0021,1.9539
2.0033,1.9535
2.0044,1.9532
2.0056,1.953
2.0068,1.9529
2.0079,1.9527
2.0091,1.9525
2.0103,1.9523
2.0114,1.9521
2.0126,1.9518
2.0138,1.9515
2.0149,1.9512
2.0161,1.9509
2.0173,1.9506
2.0184,1.9503
2.0196,1.9499
2.0208,1.9494
2.0219,1.9489
2.0231,1.9482
2.0243,1.9476
2.0254,1.947
2.0266,1.9465
2.0278,1.9461
2.029,1.9458
2.0301,1.9455
2.0313,1.9452
2.0325,1.9449
2.0336,1.9445
2.0348,1.944
2.036,1.9434
2.0371,1.9429
2.0383,1.9424
2.0395,1.9421
2.0406,1.942
2.0418,1.9419
2.043,1.942
2.0441,1.9421
2.0453,1.9421
2.0465,1.942
2.0476,1.9418
2.0488,1.9414
2.05,1.9409
2.0511,1.9403
2.0523,1.9397
2.0535,1.9391
2.0546,1.9385
2.0558,1.9379
2.057,1.9373
2.0581,1.9367
2.0593,1.9361
2.0605,1.9355
2.0616,1.935
2.0628,1.9345
2.064,1.9341
2.0651,1.9339
2.0663,1.9337
2.0675,1.9336
2.0686,1.9335
2.0698,1.9334
2.071,1.9331
2.0721,1.9329
2.0733,1.9325
2.0745,1.9322
2.0756,1.9319
2.0768,1.9318
2.078,1.9318
2.0792,1.9318
2.0803,1.9319
2.0815,1.9319
2.0827,1.9318
2.0838,1.9315
2.085,1.9309
2.0862,1.9301
2.0873,1.9292
2.0885,1.9281
2.0897,1.9271
2.0908,1.9262
2.092,1.9256
2.0932,1.9252
2.0943,1.925
2.0955,1.925
2.0967,1.9251
2.0978,1.9251
2.099,1.9251
2.1002,1.9249
2.1013,1.9246
2.1025,1.9242
2.1037,1.9237
2.1048,1.9232
2.106,1.9227
2.1072,1.9223
2.1083,1.922
2.1095,1.9218
2.1107,1.9217
2.1118,1.9215
2.113,1.9214
2.1142,1.9213
2.1153,1.9211
2.1165,1.9209
2.1177,1.9206
2.1188,1.9203
2.12,1.92
2.1212,1.9196
2.1223,1.9192
2.1235,1.9186
2.1247,1.9179
2.1258,1.9171
2.127,1.9164
2.1282,1.9157
2.1293,1.9151
2.1305,1.9148
2.1317,1.9146
2.1329,1.9147
2.134,1.9149
2.1352,1.9151
2.1364,1.9152
2.1375,1.9152
2.1387,1.9151
2.1399,1.9148
2.141,1.9144
2.1422,1.9139
2.1434,1.9134
2.1445,1.9129
2.1457,1.9126
2.1469,1.9123
2.148,1.9122
2.1492,1.912
2.1504,1.9119
2.1515,1.9117
2.1527,1.9114
2.1539,1.911
2.155,1.9105
2.1562,1.9099
2.1574,1.9094
2.1585,1.9088
2.1597,1.9082
2.1609,1.9076
2.162,1.9071
2.1632,1.9068
2.1644,1.9065
2.1655,1.9063
2.1667,1.9063
2.1679,1.9064
2.169,1.9066
2.1702,1.9068
2.1714,1.907
2.1725,1.9072
2.1737,1.9072
2.1749,1.907
2.176,1.9067
2.1772,1.9062
2.1784,1.9056
2.1795,1.9049
2.1807,1.9043
2.1819,1.9037
2.183,1.9032
2.1842,1.9029
2.1854,1.9026
2.1866,1.9024
2.1877,1.9022
2.1889,1.902
2.1901,1.9016
2.1912,1.9012
2.1924,1.9006
2.1936,1.9
2.1947,1.8995
2.1959,1.8989
2.1971,1.8985
2.1982,1.8983
2.1994,1.8982
2.2006,1.8982
2.2017,1.8982
2.2029,1.8983
2.2041,1.8984
2.2052,1.8984
2.2064,1.8982
2.2076,1.898
2.2087,1.8977
2.2099,1.8973
2.2111,1.8969
2.2122,1.8964
2.2134,1.8959
2.2146,1.8955
2.2157,1.8951
2.2169,1.8947
2.2181,1.8944
2.2192,1.8941
2.2204,1.8939
2.2216,1.8937
2.2227,1.8936
2.2239,1.8934
2.2251,1.8932
2.2262,1.893
2.2274,1.8927
2.2286,1.8923
2.2297,1.8919
2.2309,1.8915
2.2321,1.8912
2.2332,1.8909
2.2344,1.8908
2.2356,1.8907
2.2367,1.8907
2.2379,1.8907
2.2391,1.8908
2.2403,1.8909
2.2414,1.8909
2.2426,1.8908
2.2438,1.8906
2.2449,1.8903
2.2461,1.8899
2.2473,1.8894
2.2484,1.8888
2.2496,1.8883
2.2508,1.8877
2.2519,1.8872
2.2531,1.8867
2.2543,1.8863
2.2554,1.886
2.2566,1.8858
2.2578,1.8856
2.2589,1.8854
2.2601,1.8853
2.2613,1.8851
2.2624,1.8851
2.2636,1.885
2.2648,1.8849
2.2659,1.8849
2.2671,1.8848
2.2683,1.8847
2.2694,1.8847
2.2706,1.8845
2.2718,1.8844
2.2729,1.8842
2.2741,1.884
2.2753,1.8837
2.2764,1.8835
2.2776,1.8832
2.2788,1.8828
2.2799,1.8824
2.2811,1.882
2.2823,1.8814
2.2834,1.8808
2.2846,1.8803
2.2858,1.8797
2.2869,1.8792
2.2881,1.8789
2.2893,1.8786
2.2905,1.8785
2.2916,1.8784
2.2928,1.8784
2.294,1.8784
2.2951,1.8783
2.2963,1.8781
2.2975,1.8779
2.2986,1.8776
2.2998,1.8774
2.301,1.8771
2.3021,1.877
2.3033,1.8769
2.3045,1.8769
2.3056,1.8769
2.3068,1.8768
2.308,1.8767
2.3091,1.8765
2.3103,1.8762
2.3115,1.8759
2.3126,1.8754
2.3138,1.8749
2.315,1.8745
2.3161,1.874
2.3173,1.8737
2.3185,1.8733
2.3196,1.8731
2.3208,1.8728
2.322,1.8727
2.3231,1.8726
2.3243,1.8725
2.3255,1.8724
2.3266,1.8724
2.3278,1.8723
2.329,1.8723
2.3301,1.8721
2.3313,1.872
2.3325,1.8718
2.3336,1.8717
2.3348,1.8715
2.336,1.8713
2.3371,1.8711
2.3383,1.871
2.3395,1.8708
2.3406,1.8706
2.3418,1.8704
2.343,1.8701
2.3442,1.8698
2.3453,1.8695
2.3465,1.8691
2.3477,1.8688
2.3488,1.8684
2.35,1.8681
2.3512,1.8677
2.3523,1.8674
2.3535,1.867
2.3547,1.8667
2.3558,1.8664
2.357,1.8661
2.3582,1.866
2.3593,1.8659
2.3605,1.8659
2.3617,1.8659
2.3628,1.866
2.364,1.866
2.3652,1.8661
2.3663,1.8661
2.3675,1.866
2.3687,1.8659
2.3698,1.8657
2.371,1.8655
2.3722,1.8652
2.3733,1.8649
2.3745,1.8646
2.3757,1.8642
2.3768,1.8639
2.378,1.8635
2.3792,1.8631
2.3803,1.8628
2.3815,1.8625
2.3827,1.8622
2.3838,1.8619
2.385,1.8615
2.3862,1.8612
2.3873,1.8609
2.3885,1.8605
2.3897,1.8603
2.3908,1.8601
2.392,1.86
2.3932,1.86
2.3943,1.8601
2.3955,1.8602
2.3967,1.8603
2.3979,1.8603
2.399,1.8603
2.4002,1.8601
2.4014,1.8598
2.4025,1.8595
2.4037,1.8591
2.4049,1.8588
2.406,1.8586
2.4072,1.8583
2.4084,1.8582
2.4095,1.858
2.4107,1.8578
2.4119,1.8576
2.413,1.8573
2.4142,1.857
2.4154,1.8567
2.4165,1.8564
2.4177,1.8561
2.4189,1.8559
2.42,1.8557
2.4212,1.8556
2.4224,1.8554
2.4235,1.8553
2.4247,1.8552
2.4259,1.855
2.427,1.8549
2.4282,1.8548
2.4294,1.8548
2.4305,1.8547
2.4317,1.8547
2.4329,1.8547
2.434,1.8546
2.4352,1.8545
2.4364,1.8544
2.4375,1.8542
2.4387,1.8539
2.4399,1.8536
2.441,1.8532
2.4422,1.8528
2.4434,1.8524
2.4445,1.852
2.4457,1.8516
2.4469,1.8512
2.4481,1.8509
2.4492,1.8507
2.4504,1.8506
2.4516,1.8506
2.4527,1.8506
2.4539,1.8506
2.4551,1.8507
2.4562,1.8506
2.4574,1.8505
2.4586,1.8504
2.4597,1.8502
2.4609,1.85
2.4621,1.8499
2.4632,1.8498
2.4644,1.8497
2.4656,1.8497
2.4667,1.8497
2.4679,1.8497
2.4691,1.8496
2.4702,1.8495
2.4714,1.8493
2.4726,1.849
2.4737,1.8487
2.4749,1.8483
2.4761,1.8479
2.4772,1.8475
2.4784,1.8471
2.4796,1.8467
2.4807,1.8464
2.4819,1.846
2.4831,1.8457
2.4842,1.8454
2.4854,1.8452
2.4866,1.8451
2.4877,1.8451
2.4889,1.8451
2.4901,1.8451
2.4912,1.8452
2.4924,1.8452
2.4936,1.8452
2.4947,1.8451
2.4959,1.8449
2.4971,1.8448
2.4982,1.8446
2.4994,1.8443
2.5006,1.8441
2.5018,1.8439
2.5029,1.8437
2.5041,1.8435
2.5053,1.8432
2.5064,1.843
2.5076,1.8427
2.5088,1.8424
2.5099,1.8422
2.5111,1.8419
2.5123,1.8417
2.5134,1.8415
2.5146,1.8413
2.5158,1.8411
2.5169,1.841
2.5181,1.8408
2.5193,1.8407
2.5204,1.8407
2.5216,1.8407
2.5228,1.8407
2.5239,1.8407
2.5251,1.8408
2.5263,1.8408
2.5274,1.8408
2.5286,1.8408
2.5298,1.8407
2.5309,1.8405
2.5321,1.8402
2.5333,1.8399
2.5344,1.8395
2.5356,1.8392
2.5368,1.8389
2.5379,1.8386
2.5391,1.8385
2.5403,1.8383
2.5414,1.8382
2.5426,1.8381
2.5438,1.838
2.5449,1.8378
2.5461,1.8376
2.5473,1.8373
2.5484,1.837
2.5496,1.8367
2.5508,1.8364
2.5519,1.8362
2.5531,1.8361
2.5543,1.8361
2.5555,1.8362
2.5566,1.8363
2.5578,1.8365
2.559,1.8366
2.5601,1.8367
2.5613,1.8368
2.5625,1.8367
2.5636,1.8366
2.5648,1.8364
2.566,1.8361
2.5671,1.8357
2.5683,1.8354
2.5695,1.835
2.5706,1.8346
2.5718,1.8342
2.573,1.8339
2.5741,1.8336
2.5753,1.8334
2.5765,1.8332
2.5776,1.8331
2.5788,1.833
2.58,1.8329
2.5811,1.8328
2.5823,1.8326
2.5835,1.8324
2.5846,1.8322
2.5858,1.8318
2.587,1.8316
2.5881,1.8313
2.5893,1.8312
2.5905,1.8311
2.5916,1.8312
2.5928,1.8313
2.594,1.8314
2.5951,1.8315
2.5963,1.8316
2.5975,1.8316
2.5986,1.8314
2.5998,1.8312
2.601,1.8309
2.6021,1.8305
2.6033,1.8301
2.6045,1.8298
2.6057,1.8295
2.6068,1.8292
2.608,1.829
2.6092,1.8289
2.6103,1.8287
2.6115,1.8287
2.6127,1.8286
2.6138,1.8285
2.615,1.8285
2.6162,1.8285
2.6173,1.8285
2.6185,1.8284
2.6197,1.8284
2.6208,1.8284
2.622,1.8283
2.6232,1.8282
2.6243,1.8281
2.6255,1.828
2.6267,1.8278
2.6278,1.8277
2.629,1.8276
2.6302,1.8275
2.6313,1.8274
2.6325,1.8273
2.6337,1.8271
2.6348,1.8269
2.636,1.8266
2.6372,1.8263
2.6383,1.8259
2.6395,1.8255
2.6407,1.8251
2.6418,1.8248
2.643,1.8246
2.6442,1.8246
2.6453,1.8246
2.6465,1.8247
2.6477,1.8248
2.6488,1.8249
2.65,1.825
2.6512,1.825
2.6523,1.8249
2.6535,1.8248
2.6547,1.8246
2.6558,1.8244
2.657,1.8242
2.6582,1.824
2.6594,1.8238
2.6605,1.8238
2.6617,1.8237
2.6629,1.8237
2.664,1.8237
2.6652,1.8237
2.6664,1.8237
2.6675,1.8235
2.6687,1.8233
2.6699,1.823
2.671,1.8225
2.6722,1.8221
2.6734,1.8216
2.6745,1.8211
2.6757,1.8207
2.6769,1.8204
2.678,1.8203
2.6792,1.8202
2.6804,1.8203
2.6815,1.8205
2.6827,1.8207
2.6839,1.8209
2.685,1.821
2.6862,1.8209
2.6874,1.8208
2.6885,1.8206
2.6897,1.8204
2.6909,1.8201
2.692,1.8198
2.6932,1.8196
2.6944,1.8195
2.6955,1.8194
2.6967,1.8193
2.6979,1.8193
2.699,1.8193
2.7002,1.8192
2.7014,1.8191
2.7025,1.8189
2.7037,1.8187
2.7049,1.8185
2.706,1.8182
2.7072,1.818
2.7084,1.8177
2.7095,1.8175
2.7107,1.8174
2.7119,1.8173
2.7131,1.8172
2.7142,1.8172
2.7154,1.8173
2.7166,1.8174
2.7177,1.8174
2.7189,1.8175
2.7201,1.8175
2.7212,1.8175
2.7224,1.8175
2.7236,1.8174
2.7247,1.8172
2.7259,1.817
2.7271,1.8167
2.7282,1.8163
2.7294,1.816
2.7306,1.8156
2.7317,1.8153
2.7329,1.8151
2.7341,1.815
2.7352,1.8149
2.7364,1.8149
2.7376,1.8149
2.7387,1.8149
2.7399,1.8148
2.7411,1.8146
2.7422,1.8143
2.7434,1.814
2.7446,1.8137
2.7457,1.8135
2.7469,1.8134
2.7481,1.8135
2.7492,1.8137
2.7504,1.814
2.7516,1.8143
2.7527,1.8146
2.7539,1.8147
2.7551,1.8147
2.7562,1.8145
2.7574,1.8142
2.7586,1.8139
2.7597,1.8134
2.7609,1.813
2.7621,1.8126
2.7633,1.8123
2.7644,1.8121
2.7656,1.812
2.7668,1.812
2.7679,1.8119
2.7691,1.8119
2.7703,1.8119
2.7714,1.8118
2.7726,1.8117
2.7738,1.8115
2.7749,1.8113
2.7761,1.8111
2.7773,1.8108
2.7784,1.8105
2.7796,1.8102
2.7808,1.81
2.7819,1.8098
2.7831,1.8098
2.7843,1.8099
2.7854,1.81
2.7866,1.8102
2.7878,1.8104
2.7889,1.8106
2.7901,1.8106
2.7913,1.8105
2.7924,1.8103
2.7936,1.81
2.7948,1.8097
2.7959,1.8092
2.7971,1.8088
2.7983,1.8085
2.7994,1.8082
2.8006,1.8081
2.8018,1.808
2.8029,1.808
2.8041,1.808
2.8053,1.8081
2.8064,1.8082
2.8076,1.8082
2.8088,1.8082
2.8099,1.8081
2.8111,1.8079
2.8123,1.8077
2.8134,1.8075
2.8146,1.8074
2.8158,1.8073
2.817,1.8072
2.8181,1.8072
2.8193,1.8072
2.8205,1.8072
2.8216,1.8073
2.8228,1.8073
2.824,1.8073
2.8251,1.8072
2.8263,1.807
2.8275,1.8068
2.8286,1.8066
2.8298,1.8062
2.831,1.8059
2.8321,1.8055
2.8333,1.8052
2.8345,1.8049
2.8356,1.8047
2.8368,1.8046
2.838,1.8047
2.8391,1.8048
2.8403,1.805
2.8415,1.8052
2.8426,1.8054
2.8438,1.8054
2.845,1.8054
2.8461,1.8052
2.8473,1.8049
2.8485,1.8047
2.8496,1.8044
2.8508,1.8043
2.852,1.8043
2.8531,1.8043
2.8543,1.8045
2.8555,1.8047
2.8566,1.8048
2.8578,1.8048
2.859,1.8046
2.8601,1.8044
2.8613,1.804
2.8625,1.8036
2.8636,1.8032
2.8648,1.8028
2.866,1.8025
2.8671,1.8023
2.8683,1.8021
2.8695,1.8019
2.8707,1.8018
2.8718,1.8017
2.873,1.8017
2.8742,1.8017
2.8753,1.8018
2.8765,1.8019
2.8777,1.8019
2.8788,1.802
2.88,1.802
2.8812,1.8019
2.8823,1.8017
2.8835,1.8014
2.8847,1.8011
2.8858,1.8008
2.887,1.8005
2.8882,1.8004
2.8893,1.8004
2.8905,1.8005
2.8917,1.8006
2.8928,1.8007
2.894,1.8008
2.8952,1.8008
2.8963,1.8007
2.8975,1.8005
2.8987,1.8002
2.8998,1.7998
2.901,1.7994
2.9022,1.7991
2.9033,1.7988
2.9045,1.7987
2.9057,1.7987
2.9068,1.7988
2.908,1.7989
2.9092,1.7992
2.9103,1.7994
2.9115,1.7996
2.9127,1.7997
2.9138,1.7996
2.915,1.7995
2.9162,1.7993
2.9173,1.7991
2.9185,1.7988
2.9197,1.7985
2.9208,1.7983
2.922,1.7982
2.9232,1.798
2.9244,1.798
2.9255,1.7979
2.9267,1.7978
2.9279,1.7977
2.929,1.7975
2.9302,1.7974
2.9314,1.7972
2.9325,1.797
2.9337,1.7969
2.9349,1.7967
2.936,1.7966
2.9372,1.7965
2.9384,1.7965
2.9395,1.7965
2.9407,1.7965
2.9419,1.7966
2.943,1.7968
2.9442,1.7969
2.9454,1.797
2.9465,1.7971
2.9477,1.7971
2.9489,1.797
2.95,1.7969
2.9512,1.7966
2.9524,1.7963
2.9535,1.796
2.9547,1.7957
2.9559,1.7955
2.957,1.7953
2.9582,1.7952
2.9594,1.7951
2.9605,1.795
2.9617,1.795
2.9629,1.7949
2.964,1.7948
2.9652,1.7947
2.9664,1.7945
2.9675,1.7943
2.9687,1.7941
2.9699,1.7939
2.971,1.7937
2.9722,1.7935
2.9734,1.7934
2.9746,1.7934
2.9757,1.7934
2.9769,1.7934
2.9781,1.7935
2.9792,1.7936
2.9804,1.7938
2.9816,1.7939
2.9827,1.7939
2.9839,1.7938
2.9851,1.7937
2.9862,1.7934
2.9874,1.7931
2.9886,1.7928
2.9897,1.7925
2.9909,1.7922
2.9921,1.792
2.9932,1.7919
2.9944,1.7919
2.9956,1.792
2.9967,1.7921
2.9979,1.7922
2.9991,1.7923
3.0002,1.7923
3.0014,1.7922
3.0026,1.7921
3.0037,1.7919
3.0049,1.7917
3.0061,1.7915
3.0072,1.7914
3.0084,1.7913
3.0096,1.7913
3.0107,1.7914
3.0119,1.7914
3.0131,1.7915
3.0142,1.7916
3.0154,1.7916
3.0166,1.7915
3.0177,1.7914
3.0189,1.7912
3.0201,1.791
3.0212,1.7907
3.0224,1.7905
3.0236,1.7902
3.0247,1.79
3.0259,1.7898
3.0271,1.7897
3.0283,1.7896
3.0294,1.7895
3.0306,1.7894
3.0318,1.7893
3.0329,1.7893
3.0341,1.7893
3.0353,1.7893
3.0364,1.7893
3.0376,1.7894
3.0388,1.7894
3.0399,1.7894
3.0411,1.7894
3.0423,1.7894
3.0434,1.7893
3.0446,1.7892
3.0458,1.7892
3.0469,1.7891
3.0481,1.7891
3.0493,1.7891
3.0504,1.7891
3.0516,1.7891
3.0528,1.7889
3.0539,1.7888
3.0551,1.7885
3.0563,1.7882
3.0574,1.7879
3.0586,1.7876
3.0598,1.7873
3.0609,1.7871
3.0621,1.787
3.0633,1.787
3.0644,1.787
3.0656,1.7871
3.0668,1.7872
3.0679,1.7872
3.0691,1.7872
3.0703,1.7871
3.0714,1.787
3.0726,1.7868
3.0738,1.7866
3.0749,1.7865
3.0761,1.7864
3.0773,1.7863
3.0784,1.7863
3.0796,1.7863
3.0808,1.7863
3.082,1.7863
3.0831,1.7863
3.0843,1.7863
3.0855,1.7863
3.0866,1.7862
3.0878,1.786
3.089,1.7859
3.0901,1.7857
3.0913,1.7855
3.0925,1.7853
3.0936,1.7851
3.0948,1.785
3.096,1.7848
3.0971,1.7848
3.0983,1.7847
3.0995,1.7847
3.1006,1.7848
3.1018,1.7848
3.103,1.7849
3.1041,1.785
3.1053,1.785
3.1065,1.785
3.1076,1.785
3.1088,1.7849
3.11,1.7848
3.1111,1.7846
3.1123,1.7845
3.1135,1.7844
3.1146,1.7842
3.1158,1.7841
3.117,1.7839
3.1181,1.7838
3.1193,1.7837
3.1205,1.7835
3.1216,1.7834
3.1228,1.7832
3.124,1.7832
3.1251,1.7831
3.1263,1.783
3.1275,1.783
3.1286,1.7829
3.1298,1.7829
3.131,1.7829
3.1322,1.7828
3.1333,1.7828
3.1345,1.7827
3.1357,1.7827
3.1368,1.7828
3.138,1.7829
3.1392,1.783
3.1403,1.783
3.1415,1.7831
3.1427,1.783
3.1438,1.7829
3.145,1.7828
3.1462,1.7826
3.1473,1.7825
3.1485,1.7823
3.1497,1.7821
3.1508,1.782
3.152,1.7819
3.1532,1.7818
3.1543,1.7817
3.1555,1.7816
3.1567,1.7814
3.1578,1.7812
3.159,1.781
3.1602,1.7808
3.1613,1.7806
3.1625,1.7805
3.1637,1.7805
3.1648,1.7805
3.166,1.7806
3.1672,1.7806
3.1683,1.7807
3.1695,1.7807
3.1707,1.7807
3.1718,1.7806
3.173,1.7805
3.1742,1.7804
3.1753,1.7803
3.1765,1.7802
3.1777,1.7801
3.1788,1.78
3.18,1.7799
3.1812,1.7798
3.1823,1.7797
3.1835,1.7796
3.1847,1.7795
3.1859,1.7794
3.187,1.7792
3.1882,1.7791
3.1894,1.779
3.1905,1.7789
3.1917,1.7788
3.1929,1.7788
3.194,1.7788
3.1952,1.7789
3.1964,1.7789
3.1975,1.779
3.1987,1.779
3.1999,1.779
3.201,1.7789
3.2022,1.7788
3.2034,1.7787
3.2045,1.7785
3.2057,1.7785
3.2069,1.7784
3.208,1.7784
3.2092,1.7785
3.2104,1.7785
3.2115,1.7785
3.2127,1.7784
3.2139,1.7783
3.215,1.7781
3.2162,1.7779
3.2174,1.7776
3.2185,1.7774
3.2197,1.7772
3.2209,1.7771
3.222,1.777
3.2232,1.7769
3.2244,1.7769
3.2255,1.7769
3.2267,1.7769
3.2279,1.7769
3.229,1.777
3.2302,1.777
3.2314,1.7771
3.2325,1.7772
3.2337,1.7772
3.2349,1.7773
3.236,1.7773
3.2372,1.7773
3.2384,1.7772
3.2396,1.7771
3.2407,1.777
3.2419,1.7769
3.2431,1.7767
3.2442,1.7765
3.2454,1.7764
3.2466,1.7762
3.2477,1.7761
3.2489,1.776
3.2501,1.776
3.2512,1.7759
3.2524,1.7758
3.2536,1.7758
3.2547,1.7756
3.2559,1.7755
3.2571,1.7753
3.2582,1.7751
3.2594,1.7749
3.2606,1.7747
3.2617,1.7746
3.2629,1.7746
3.2641,1.7746
3.2652,1.7746
3.2664,1.7747
3.2676,1.7748
3.2687,1.7749
3.2699,1.7749
3.2711,1.7749
3.2722,1.7748
3.2734,1.7747
3.2746,1.7745
3.2757,1.7744
3.2769,1.7742
3.2781,1.7741
3.2792,1.774
3.2804,1.774
3.2816,1.7739
3.2827,1.7739
3.2839,1.7738
3.2851,1.7738
3.2862,1.7737
3.2874,1.7736
3.2886,1.7735
3.2898,1.7735
3.2909,1.7734
3.2921,1.7733
3.2933,1.7732
3.2944,1.7732
3.2956,1.7732
3.2968,1.7732
3.2979,1.7733
3.2991,1.7734
3.3003,1.7735
3.3014,1.7736
3.3026,1.7736
3.3038,1.7736
3.3049,1.7734
3.3061,1.7732
3.3073,1.773
3.3084,1.7728
3.3096,1.7726
3.3108,1.7724
3.3119,1.7723
3.3131,1.7722
3.3143,1.7722
3.3154,1.7722
3.3166,1.7721
3.3178,1.7721
3.3189,1.772
3.3201,1.7719
3.3213,1.7718
3.3224,1.7718
3.3236,1.7718
3.3248,1.7717
3.3259,1.7717
3.3271,1.7717
3.3283,1.7716
3.3294,1.7715
3.3306,1.7715
3.3318,1.7714
3.3329,1.7714
3.3341,1.7715
3.3353,1.7716
3.3364,1.7717
3.3376,1.7718
3.3388,1.7719
3.3399,1.7719
3.3411,1.7718
3.3423,1.7716
3.3435,1.7713
3.3446,1.771
3.3458,1.7707
3.347,1.7704
3.3481,1.7702
3.3493,1.77
3.3505,1.77
3.3516,1.77
3.3528,1.77
3.354,1.7701
3.3551,1.7701
3.3563,1.7702
3.3575,1.7701
3.3586,1.7701
3.3598,1.77
3.361,1.7698
3.3621,1.7697
3.3633,1.7696
3.3645,1.7695
3.3656,1.7694
3.3668,1.7694
3.368,1.7694
3.3691,1.7695
3.3703,1.7695
3.3715,1.7696
3.3726,1.7696
3.3738,1.7695
3.375,1.7695
3.3761,1.7693
3.3773,1.7691
3.3785,1.769
3.3796,1.7688
3.3808,1.7687
3.382,1.7685
3.3831,1.7685
3.3843,1.7684
3.3855,1.7684
3.3866,1.7684
3.3878,1.7684
3.389,1.7685
3.3901,1.7685
3.3913,1.7686
3.3925,1.7686
3.3936,1.7686
3.3948,1.7686
3.396,1.7685
3.3972,1.7684
3.3983,1.7683
3.3995,1.7682
3.4007,1.768
3.4018,1.768
3.403,1.7679
3.4042,1.7679
3.4053,1.7679
3.4065,1.7679
3.4077,1.7679
3.4088,1.7678
3.41,1.7677
3.4112,1.7674
3.4123,1.7672
3.4135,1.7669
3.4147,1.7667
3.4158,1.7665
3.417,1.7664
3.4182,1.7664
3.4193,1.7665
3.4205,1.7666
3.4217,1.7668
3.4228,1.767
3.424,1.7672
3.4252,1.7673
3.4263,1.7674
3.4275,1.7674
3.4287,1.7673
3.4298,1.7672
3.431,1.767
3.4322,1.7668
3.4333,1.7666
3.4345,1.7665
3.4357,1.7664
3.4368,1.7663
3.438,1.7664
3.4392,1.7664
3.4403,1.7665
3.4415,1.7666
3.4427,1.7666
3.4438,1.7665
3.445,1.7663
3.4462,1.7661
3.4473,1.7658
3.4485,1.7656
3.4497,1.7653
3.4509,1.7652
3.452,1.765
3.4532,1.765
3.4544,1.765
3.4555,1.7651
3.4567,1.7651
3.4579,1.7652
3.459,1.7653
3.4602,1.7653
3.4614,1.7654
3.4625,1.7653
3.4637,1.7653
3.4649,1.7652
3.466,1.7651
3.4672,1.7649
3.4684,1.7648
3.4695,1.7646
3.4707,1.7645
3.4719,1.7644
3.473,1.7643
3.4742,1.7643
3.4754,1.7643
3.4765,1.7643
3.4777,1.7643
3.4789,1.7643
3.48,1.7642
3.4812,1.7642
3.4824,1.7641
3.4835,1.764
3.4847,1.7639
3.4859,1.7638
3.487,1.7637
3.4882,1.7636
3.4894,1.7636
3.4905,1.7636
3.4917,1.7637
3.4929,1.7638
3.494,1.7639
3.4952,1.7641
3.4964,1.7642
3.4975,1.7642
3.4987,1.7641
3.4999,1.7639
3.5011,1.7636
3.5022,1.7633
3.5034,1.763
3.5046,1.7627
3.5057,1.7626
3.5069,1.7626
3.5081,1.7626
3.5092,1.7628
3.5104,1.7629
3.5116,1.7631
3.5127,1.7631
3.5139,1.7631
3.5151,1.763
3.5162,1.7627
3.5174,1.7625
3.5186,1.7622
3.5197,1.7621
3.5209,1.762
3.5221,1.7621
3.5232,1.7622
3.5244,1.7625
3.5256,1.7627
3.5267,1.763
3.5279,1.7631
3.5291,1.7632
3.5302,1.7631
3.5314,1.763
3.5326,1.7627
3.5337,1.7625
3.5349,1.7622
3.5361,1.762
3.5372,1.7619
3.5384,1.7617
3.5396,1.7616
3.5407,1.7616
3.5419,1.7615
3.5431,1.7615
3.5442,1.7615
3.5454,1.7615
3.5466,1.7614
3.5477,1.7614
3.5489,1.7614
3.5501,1.7613
3.5512,1.7612
3.5524,1.7611
3.5536,1.7609
3.5548,1.7608
3.5559,1.7606
3.5571,1.7605
3.5583,1.7604
3.5594,1.7604
3.5606,1.7605
3.5618,1.7606
3.5629,1.7607
3.5641,1.7608
3.5653,1.7609
3.5664,1.7609
3.5676,1.7608
3.5688,1.7607
3.5699,1.7605
3.5711,1.7603
3.5723,1.7601
3.5734,1.7599
3.5746,1.7598
3.5758,1.7597
3.5769,1.7597
3.5781,1.7597
3.5793,1.7597
3.5804,1.7598
3.5816,1.7598
3.5828,1.7599
3.5839,1.76
3.5851,1.76
3.5863,1.76
3.5874,1.7599
3.5886,1.7599
3.5898,1.7598
3.5909,1.7597
3.5921,1.7596
3.5933,1.7596
3.5944,1.7596
3.5956,1.7596
3.5968,1.7596
3.5979,1.7597
3.5991,1.7597
3.6003,1.7597
3.6014,1.7595
3.6026,1.7593
3.6038,1.7591
3.6049,1.7588
3.6061,1.7585
3.6073,1.7583
3.6085,1.7582
3.6096,1.7582
3.6108,1.7583
3.612,1.7584
3.6131,1.7586
3.6143,1.7588
3.6155,1.759
3.6166,1.7591
3.6178,1.7591
3.619,1.759
3.6201,1.7588
3.6213,1.7587
3.6225,1.7585
3.6236,1.7584
3.6248,1.7584
3.626,1.7583
3.6271,1.7584
3.6283,1.7584
3.6295,1.7584
3.6306,1.7584
3.6318,1.7584
3.633,1.7584
3.6341,1.7583
3.6353,1.7581
3.6365,1.758
3.6376,1.7579
3.6388,1.7577
3.64,1.7576
3.6411,1.7574
3.6423,1.7573
3.6435,1.7572
3.6446,1.7571
3.6458,1.757
3.647,1.757
3.6481,1.757
3.6493,1.757
3.6505,1.7571
3.6516,1.7572
3.6528,1.7573
3.654,1.7573
3.6551,1.7573
3.6563,1.7573
3.6575,1.7571
3.6587,1.757
3.6598,1.7568
3.661,1.7566
3.6622,1.7564
3.6633,1.7564
3.6645,1.7564
3.6657,1.7564
3.6668,1.7565
3.668,1.7566
3.6692,1.7567
3.6703,1.7567
3.6715,1.7566
3.6727,1.7565
3.6738,1.7563
3.675,1.7561
3.6762,1.756
3.6773,1.7559
3.6785,1.7559
3.6797,1.7559
3.6808,1.756
3.682,1.7561
3.6832,1.7562
3.6843,1.7563
3.6855,1.7563
3.6867,1.7563
3.6878,1.7563
3.689,1.7562
3.6902,1.7561
3.6913,1.756
3.6925,1.7559
3.6937,1.7558
3.6948,1.7557
3.696,1.7556
3.6972,1.7555
3.6983,1.7554
3.6995,1.7554
3.7007,1.7553
3.7018,1.7552
3.703,1.7552
3.7042,1.7551
3.7053,1.755
3.7065,1.7549
3.7077,1.7548
3.7088,1.7548
3.71,1.7547
3.7112,1.7547
3.7124,1.7547
3.7135,1.7548
3.7147,1.7549
3.7159,1.7549
3.717,1.755
3.7182,1.7551
3.7194,1.7552
3.7205,1.7552
3.7217,1.7552
3.7229,1.7552
3.724,1.7551
3.7252,1.755
3.7264,1.7549
3.7275,1.7547
3.7287,1.7546
3.7299,1.7544
3.731,1.7543
3.7322,1.7542
3.7334,1.7541
3.7345,1.7541
3.7357,1.7542
3.7369,1.7542
3.738,1.7542
3.7392,1.7542
3.7404,1.7542
3.7415,1.7541
3.7427,1.7539
3.7439,1.7537
3.745,1.7536
3.7462,1.7534
3.7474,1.7533
3.7485,1.7533
3.7497,1.7533
3.7509,1.7533
3.752,1.7534
3.7532,1.7535
3.7544,1.7536
3.7555,1.7536
3.7567,1.7536
3.7579,1.7536
3.759,1.7535
3.7602,1.7534
3.7614,1.7533
3.7625,1.7531
3.7637,1.753
3.7649,1.7529
3.7661,1.7528
3.7672,1.7527
3.7684,1.7527
3.7696,1.7528
3.7707,1.7528
3.7719,1.7528
3.7731,1.7528
3.7742,1.7527
3.7754,1.7526
3.7766,1.7525
3.7777,1.7525
3.7789,1.7525
3.7801,1.7525
3.7812,1.7525
3.7824,1.7526
3.7836,1.7527
3.7847,1.7528
3.7859,1.7528
3.7871,1.7527
3.7882,1.7527
3.7894,1.7525
3.7906,1.7524
3.7917,1.7522
3.7929,1.7521
3.7941,1.752
3.7952,1.7519
3.7964,1.7519
3.7976,1.7519
3.7987,1.7518
3.7999,1.7518
3.8011,1.7517
3.8022,1.7516
3.8034,1.7516
3.8046,1.7515
3.8057,1.7515
3.8069,1.7515
3.8081,1.7515
3.8092,1.7516
3.8104,1.7517
3.8116,1.7517
3.8127,1.7518
3.8139,1.7518
3.8151,1.7517
3.8163,1.7517
3.8174,1.7516
3.8186,1.7516
3.8198,1.7516
3.8209,1.7516
3.8221,1.7516
3.8233,1.7517
3.8244,1.7517
3.8256,1.7516
3.8268,1.7516
3.8279,1.7514
3.8291,1.7512
3.8303,1.751
3.8314,1.7508
3.8326,1.7507
3.8338,1.7505
3.8349,1.7505
3.8361,1.7505
3.8373,1.7505
3.8384,1.7506
3.8396,1.7507
3.8408,1.7507
3.8419,1.7507
3.8431,1.7506
3.8443,1.7505
3.8454,1.7504
3.8466,1.7503
3.8478,1.7502
3.8489,1.7501
3.8501,1.7501
3.8513,1.7501
3.8524,1.7501
3.8536,1.7501
3.8548,1.7501
3.8559,1.7501
3.8571,1.75
3.8583,1.75
3.8594,1.7499
3.8606,1.7498
3.8618,1.7497
3.8629,1.7496
3.8641,1.7495
3.8653,1.7495
3.8664,1.7495
3.8676,1.7495
3.8688,1.7495
3.87,1.7496
3.8711,1.7496
3.8723,1.7496
3.8735,1.7495
3.8746,1.7495
3.8758,1.7495
3.877,1.7494
3.8781,1.7494
3.8793,1.7494
3.8805,1.7493
3.8816,1.7494
3.8828,1.7494
3.884,1.7495
3.8851,1.7495
3.8863,1.7495
3.8875,1.7495
3.8886,1.7494
3.8898,1.7493
3.891,1.7491
3.8921,1.7489
3.8933,1.7487
3.8945,1.7486
3.8956,1.7485
3.8968,1.7484
3.898,1.7484
3.8991,1.7485
3.9003,1.7485
3.9015,1.7486
3.9026,1.7486
3.9038,1.7486
3.905,1.7486
3.9061,1.7486
3.9073,1.7486
3.9085,1.7487
3.9096,1.7487
3.9108,1.7488
3.912,1.7488
3.9131,1.7488
3.9143,1.7488
3.9155,1.7487
3.9166,1.7486
3.9178,1.7485
3.919,1.7484
3.9201,1.7482
3.9213,1.7482
3.9225,1.7482
3.9237,1.7482
3.9248,1.7483
3.926,1.7483
3.9272,1.7483
3.9283,1.7482
3.9295,1.7481
3.9307,1.7479
3.9318,1.7477
3.933,1.7475
3.9342,1.7473
3.9353,1.7472
3.9365,1.7472
3.9377,1.7472
3.9388,1.7473
3.94,1.7474
3.9412,1.7475
3.9423,1.7475
3.9435,1.7475
3.9447,1.7475
3.9458,1.7474
3.947,1.7472
3.9482,1.7471
3.9493,1.747
3.9505,1.747
3.9517,1.7469
3.9528,1.747
3.954,1.747
3.9552,1.7471
3.9563,1.7471
3.9575,1.7471
3.9587,1.747
3.9598,1.7469
3.961,1.7468
3.9622,1.7467
3.9633,1.7465
3.9645,1.7464
3.9657,1.7464
3.9668,1.7464
3.968,1.7464
3.9692,1.7465
3.9703,1.7466
3.9715,1.7467
3.9727,1.7468
3.9739,1.7468
3.975,1.7468
3.9762,1.7468
3.9774,1.7467
3.9785,1.7467
3.9797,1.7466
3.9809,1.7465
3.982,1.7464
3.9832,1.7463
3.9844,1.7463
3.9855,1.7462
3.9867,1.7462
3.9879,1.7462
3.989,1.7461
3.9902,1.7461
3.9914,1.746
3.9925,1.746
3.9937,1.7459
3.9949,1.7458
3.996,1.7458
3.9972,1.7457
3.9984,1.7456
3.9995,1.7456
4.0007,1.7455
4.0019,1.7455
4.003,1.7454
4.0042,1.7455
4.0054,1.7455
4.0065,1.7456
4.0077,1.7458
4.0089,1.7459
4.01,1.746
4.0112,1.7461
4.0124,1.7461
4.0135,1.746
4.0147,1.7459
4.0159,1.7457
4.017,1.7455
4.0182,1.7453
4.0194,1.7452
4.0205,1.7451
4.0217,1.745
4.0229,1.745
4.024,1.7451
4.0252,1.7451
4.0264,1.7452
4.0276,1.7452
4.0287,1.7451
4.0299,1.7451
4.0311,1.745
4.0322,1.7448
4.0334,1.7447
4.0346,1.7446
4.0357,1.7445
4.0369,1.7445
4.0381,1.7444
4.0392,1.7445
4.0404,1.7445
4.0416,1.7446
4.0427,1.7446
4.0439,1.7446
4.0451,1.7446
4.0462,1.7446
4.0474,1.7445
4.0486,1.7444
4.0497,1.7443
4.0509,1.7442
4.0521,1.7441
4.0532,1.7441
4.0544,1.7441
4.0556,1.7441
4.0567,1.7441
4.0579,1.7441
4.0591,1.7441
4.0602,1.7441
4.0614,1.744
4.0626,1.744
4.0637,1.7439
4.0649,1.7439
4.0661,1.7439
4.0672,1.7438
4.0684,1.7438
4.0696,1.7438
4.0707,1.7438
4.0719,1.7439
4.0731,1.7439
4.0742,1.7439
4.0754,1.7439
4.0766,1.7439
4.0777,1.7439
4.0789,1.7439
4.0801,1.7439
4.0813,1.7438
4.0824,1.7437
4.0836,1.7435
4.0848,1.7434
4.0859,1.7432
4.0871,1.7431
4.0883,1.7429
4.0894,1.7429
4.0906,1.7428
4.0918,1.7428
4.0929,1.7429
4.0941,1.743
4.0953,1.7431
4.0964,1.7432
4.0976,1.7434
4.0988,1.7434
4.0999,1.7434
4.1011,1.7434
4.1023,1.7433
4.1034,1.7431
4.1046,1.743
4.1058,1.7429
4.1069,1.7428
4.1081,1.7428
4.1093,1.7429
4.1104,1.7431
4.1116,1.7432
4.1128,1.7434
4.1139,1.7434
4.1151,1.7434
4.1163,1.7433
4.1174,1.7431
4.1186,1.7428
4.1198,1.7426
4.1209,1.7424
4.1221,1.7423
4.1233,1.7422
4.1244,1.7423
4.1256,1.7423
4.1268,1.7424
4.1279,1.7424
4.1291,1.7424
4.1303,1.7424
4.1314,1.7423
4.1326,1.7422
4.1338,1.7421
4.135,1.7421
4.1361,1.742
4.1373,1.742
4.1385,1.742
4.1396,1.742
4.1408,1.7419
4.142,1.7419
4.1431,1.7419
4.1443,1.7418
4.1455,1.7418
4.1466,1.7418
4.1478,1.7418
4.149,1.7417
4.1501,1.7417
4.1513,1.7417
4.1525,1.7416
4.1536,1.7415
4.1548,1.7415
4.156,1.7414
4.1571,1.7414
4.1583,1.7413
4.1595,1.7413
4.1606,1.7413
4.1618,1.7413
4.163,1.7414
4.1641,1.7414
4.1653,1.7414
4.1665,1.7415
4.1676,1.7415
4.1688,1.7415
4.17,1.7415
4.1711,1.7415
4.1723,1.7414
4.1735,1.7413
4.1746,1.7412
4.1758,1.7411
4.177,1.7411
4.1781,1.741
4.1793,1.741
4.1805,1.741
4.1816,1.7411
4.1828,1.7411
4.184,1.7411
4.1852,1.7411
4.1863,1.741
4.1875,1.7408
4.1887,1.7406
4.1898,1.7404
4.191,1.7403
4.1922,1.7402
4.1933,1.7402
4.1945,1.7403
4.1957,1.7405
4.1968,1.7407
4.198,1.7409
4.1992,1.7411
4.2003,1.7412
4.2015,1.7412
4.2027,1.7411
4.2038,1.741
4.205,1.7409
4.2062,1.7407
4.2073,1.7405
4.2085,1.7404
4.2097,1.7404
4.2108,1.7404
4.212,1.7404
4.2132,1.7404
4.2143,1.7404
4.2155,1.7405
4.2167,1.7404
4.2178,1.7404
4.219,1.7403
4.2202,1.7402
4.2213,1.74
4.2225,1.7399
4.2237,1.7398
4.2248,1.7398
4.226,1.7397
4.2272,1.7397
4.2283,1.7397
4.2295,1.7397
4.2307,1.7397
4.2318,1.7396
4.233,1.7396
4.2342,1.7395
4.2353,1.7395
4.2365,1.7395
4.2377,1.7395
4.2389,1.7395
4.24,1.7396
4.2412,1.7396
4.2424,1.7396
4.2435,1.7395
4.2447,1.7394
4.2459,1.7393
4.247,1.7392
4.2482,1.7391
4.2494,1.7391
4.2505,1.739
4.2517,1.7391
4.2529,1.7391
4.254,1.7391
4.2552,1.7392
4.2564,1.7392
4.2575,1.7392
4.2587,1.7391
4.2599,1.739
4.261,1.739
4.2622,1.7389
4.2634,1.7389
4.2645,1.7389
4.2657,1.739
4.2669,1.7391
4.268,1.7393
4.2692,1.7393
4.2704,1.7394
4.2715,1.7394
4.2727,1.7393
4.2739,1.7391
4.275,1.7389
4.2762,1.7387
4.2774,1.7385
4.2785,1.7383
4.2797,1.7382
4.2809,1.7383
4.282,1.7383
4.2832,1.7384
4.2844,1.7386
4.2855,1.7387
4.2867,1.7387
4.2879,1.7387
4.289,1.7386
4.2902,1.7385
4.2914,1.7384
4.2926,1.7383
4.2937,1.7382
4.2949,1.7382
4.2961,1.7383
4.2972,1.7384
4.2984,1.7385
4.2996,1.7386
4.3007,1.7387
4.3019,1.7387
4.3031,1.7386
4.3042,1.7386
4.3054,1.7385
4.3066,1.7384
4.3077,1.7383
4.3089,1.7382
4.3101,1.7382
4.3112,1.7381
4.3124,1.7381
4.3136,1.738
4.3147,1.7379
4.3159,1.7378
4.3171,1.7377
4.3182,1.7377
4.3194,1.7377
4.3206,1.7377
4.3217,1.7377
4.3229,1.7377
4.3241,1.7377
4.3252,1.7377
4.3264,1.7377
4.3276,1.7376
4.3287,1.7375
4.3299,1.7374
4.3311,1.7373
4.3322,1.7373
4.3334,1.7373
4.3346,1.7373
4.3357,1.7373
4.3369,1.7373
4.3381,1.7373
4.3392,1.7373
4.3404,1.7373
4.3416,1.7373
4.3428,1.7372
4.3439,1.7372
4.3451,1.7371
4.3463,1.7371
4.3474,1.737
4.3486,1.737
4.3498,1.737
4.3509,1.7369
4.3521,1.7369
4.3533,1.7369
4.3544,1.737
4.3556,1.737
4.3568,1.737
4.3579,1.7371
4.3591,1.7371
4.3603,1.737
4.3614,1.737
4.3626,1.7369
4.3638,1.7368
4.3649,1.7368
4.3661,1.7368
4.3673,1.7368
4.3684,1.7368
4.3696,1.7369
4.3708,1.737
4.3719,1.737
4.3731,1.7369
4.3743,1.7368
4.3754,1.7367
4.3766,1.7365
4.3778,1.7362
4.3789,1.7361
4.3801,1.7359
4.3813,1.7359
4.3824,1.7359
4.3836,1.736
4.3848,1.7362
4.3859,1.7363
4.3871,1.7365
4.3883,1.7365
4.3894,1.7366
4.3906,1.7365
4.3918,1.7364
4.3929,1.7363
4.3941,1.7363
4.3953,1.7362
4.3965,1.7363
4.3976,1.7363
4.3988,1.7363
4.4,1.7364
4.4011,1.7364
4.4023,1.7363
4.4035,1.7363
4.4046,1.7362
4.4058,1.7361
4.407,1.736
4.4081,1.736
4.4093,1.7359
4.4105,1.7359
4.4116,1.736
4.4128,1.736
4.414,1.7359
4.4151,1.7359
4.4163,1.7358
4.4175,1.7356
4.4186,1.7355
4.4198,1.7354
4.421,1.7354
4.4221,1.7354
4.4233,1.7354
4.4245,1.7354
4.4256,1.7355
4.4268,1.7355
4.428,1.7355
4.4291,1.7355
4.4303,1.7354
4.4315,1.7353
4.4326,1.7352
4.4338,1.7352
4.435,1.7351
4.4361,1.7351
4.4373,1.7352
4.4385,1.7352
4.4396,1.7352
4.4408,1.7352
4.442,1.7352
4.4431,1.7351
4.4443,1.735
4.4455,1.7349
4.4466,1.7348
4.4478,1.7347
4.449,1.7346
4.4502,1.7347
4.4513,1.7347
4.4525,1.7348
4.4537,1.7349
4.4548,1.735
4.456,1.7351
4.4572,1.7351
4.4583,1.7351
4.4595,1.735
4.4607,1.7349
4.4618,1.7348
4.463,1.7347
4.4642,1.7346
4.4653,1.7346
4.4665,1.7346
4.4677,1.7346
4.4688,1.7346
4.47,1.7347
4.4712,1.7347
4.4723,1.7347
4.4735,1.7346
4.4747,1.7345
4.4758,1.7344
4.477,1.7343
4.4782,1.7342
4.4793,1.7341
4.4805,1.7341
4.4817,1.7341
4.4828,1.7341
4.484,1.7342
4.4852,1.7343
4.4863,1.7344
4.4875,1.7344
4.4887,1.7345
4.4898,1.7345
4.491,1.7345
4.4922,1.7345
4.4933,1.7345
4.4945,1.7345
4.4957,1.7345
4.4968,1.7345
4.498,1.7345
4.4992,1.7344
4.5004,1.7344
4.5015,1.7343
4.5027,1.7342
4.5039,1.7341
4.505,1.734
4.5062,1.7339
4.5074,1.7338
4.5085,1.7338
4.5097,1.7338
4.5109,1.7339
4.512,1.7339
4.5132,1.7339
4.5144,1.7339
4.5155,1.7338
4.5167,1.7337
4.5179,1.7336
4.519,1.7335
4.5202,1.7334
4.5214,1.7333
4.5225,1.7333
4.5237,1.7333
4.5249,1.7334
4.526,1.7334
4.5272,1.7335
4.5284,1.7335
4.5295,1.7334
4.5307,1.7334
4.5319,1.7333
4.533,1.7332
4.5342,1.7331
4.5354,1.733
4.5365,1.733
4.5377,1.733
4.5389,1.7331
4.54,1.7332
4.5412,1.7332
4.5424,1.7333
4.5435,1.7333
4.5447,1.7332
4.5459,1.7332
4.547,1.733
4.5482,1.7329
4.5494,1.7328
4.5505,1.7327
4.5517,1.7327
4.5529,1.7328
4.5541,1.7329
4.5552,1.7331
4.5564,1.7332
4.5576,1.7333
4.5587,1.7334
4.5599,1.7334
4.5611,1.7333
4.5622,1.7331
4.5634,1.733
4.5646,1.7328
4.5657,1.7326
4.5669,1.7325
4.5681,1.7325
4.5692,1.7325
4.5704,1.7325
4.5716,1.7326
4.5727,1.7326
4.5739,1.7326
4.5751,1.7326
4.5762,1.7325
4.5774,1.7325
4.5786,1.7324
4.5797,1.7324
4.5809,1.7325
4.5821,1.7325
4.5832,1.7326
4.5844,1.7327
4.5856,1.7327
4.5867,1.7327
4.5879,1.7326
4.5891,1.7325
4.5902,1.7324
4.5914,1.7324
4.5926,1.7324
4.5937,1.7324
4.5949,1.7325
4.5961,1.7325
4.5972,1.7326
4.5984,1.7325
4.5996,1.7325
4.6007,1.7324
4.6019,1.7322
4.6031,1.7321
4.6042,1.7319
4.6054,1.7318
4.6066,1.7318
4.6078,1.7318
4.6089,1.7319
4.6101,1.7319
4.6113,1.732
4.6124,1.732
4.6136,1.7319
4.6148,1.7319
4.6159,1.7318
4.6171,1.7317
4.6183,1.7316
4.6194,1.7316
4.6206,1.7315
4.6218,1.7315
4.6229,1.7315
4.6241,1.7315
4.6253,1.7315
4.6264,1.7316
4.6276,1.7316
4.6288,1.7317
4.6299,1.7316
4.6311,1.7316
4.6323,1.7315
4.6334,1.7314
4.6346,1.7313
4.6358,1.7312
4.6369,1.7311
4.6381,1.7311
4.6393,1.7311
4.6404,1.7312
4.6416,1.7313
4.6428,1.7314
4.6439,1.7315
4.6451,1.7315
4.6463,1.7315
4.6474,1.7315
4.6486,1.7314
4.6498,1.7313
4.6509,1.7312
4.6521,1.7311
4.6533,1.7311
4.6544,1.7311
4.6556,1.7311
4.6568,1.7312
4.658,1.7313
4.6591,1.7313
4.6603,1.7313
4.6615,1.7313
4.6626,1.7312
4.6638,1.7311
4.665,1.731
4.6661,1.7308
4.6673,1.7307
4.6685,1.7307
4.6696,1.7306
4.6708,1.7306
4.672,1.7306
4.6731,1.7306
4.6743,1.7306
4.6755,1.7306
4.6766,1.7306
4.6778,1.7306
4.679,1.7306
4.6801,1.7307
4.6813,1.7308
4.6825,1.7309
4.6836,1.731
4.6848,1.7311
4.686,1.7311
4.6871,1.7311
4.6883,1.731
4.6895,1.7308
4.6906,1.7306
4.6918,1.7305
4.693,1.7304
4.6941,1.7304
4.6953,1.7304
4.6965,1.7305
4.6976,1.7306
4.6988,1.7307
4.7,1.7307
4.7011,1.7307
4.7023,1.7306
4.7035,1.7304
4.7046,1.7302
4.7058,1.7301
4.707,1.73
4.7081,1.7299
4.7093,1.73
4.7105,1.7301
4.7117,1.7301
4.7128,1.7302
4.714,1.7303
4.7152,1.7302
4.7163,1.7302
4.7175,1.73
4.7187,1.7299
4.7198,1.7298
4.721,1.7297
4.7222,1.7297
4.7233,1.7297
4.7245,1.7297
4.7257,1.7298
4.7268,1.7298
4.728,1.7299
4.7292,1.7299
4.7303,1.7299
4.7315,1.7299
4.7327,1.7298
4.7338,1.7297
4.735,1.7296
4.7362,1.7295
4.7373,1.7295
4.7385,1.7294
4.7397,1.7294
4.7408,1.7294
4.742,1.7295
4.7432,1.7296
4.7443,1.7296
4.7455,1.7297
4.7467,1.7297
4.7478,1.7297
4.749,1.7297
4.7502,1.7297
4.7513,1.7296
4.7525,1.7296
4.7537,1.7295
4.7548,1.7295
4.756,1.7295
4.7572,1.7294
4.7583,1.7294
4.7595,1.7293
4.7607,1.7292
4.7618,1.7292
4.763,1.7291
4.7642,1.729
4.7654,1.729
4.7665,1.729
4.7677,1.7291
4.7689,1.7291
4.77,1.7292
4.7712,1.7292
4.7724,1.7292
4.7735,1.7292
4.7747,1.7291
4.7759,1.729
4.777,1.729
4.7782,1.7289
4.7794,1.7289
4.7805,1.729
4.7817,1.7291
4.7829,1.7293
4.784,1.7294
4.7852,1.7294
4.7864,1.7294
4.7875,1.7294
4.7887,1.7292
4.7899,1.7291
4.791,1.7289
4.7922,1.7288
4.7934,1.7287
4.7945,1.7287
4.7957,1.7287
4.7969,1.7287
4.798,1.7288
4.7992,1.7288
4.8004,1.7288
4.8015,1.7288
4.8027,1.7288
4.8039,1.7287
4.805,1.7286
4.8062,1.7285
4.8074,1.7284
4.8085,1.7284
4.8097,1.7284
4.8109,1.7284
4.812,1.7284
4.8132,1.7284
4.8144,1.7284
4.8155,1.7284
4.8167,1.7284
4.8179,1.7283
4.8191,1.7283
4.8202,1.7282
4.8214,1.7281
4.8226,1.7281
4.8237,1.728
4.8249,1.728
4.8261,1.7281
4.8272,1.7281
4.8284,1.7281
4.8296,1.7282
4.8307,1.7282
4.8319,1.7282
4.8331,1.7282
4.8342,1.7281
4.8354,1.728
4.8366,1.728
4.8377,1.7279
4.8389,1.7279
4.8401,1.7279
4.8412,1.728
4.8424,1.728
4.8436,1.7281
4.8447,1.7281
4.8459,1.7281
4.8471,1.7281
4.8482,1.728
4.8494,1.728
4.8506,1.728
4.8517,1.728
4.8529,1.728
4.8541,1.728
4.8552,1.728
4.8564,1.728
4.8576,1.7279
4.8587,1.7279
4.8599,1.7277
4.8611,1.7276
4.8622,1.7275
4.8634,1.7273
4.8646,1.7273
4.8657,1.7273
4.8669,1.7274
4.8681,1.7275
4.8693,1.7276
4.8704,1.7277
4.8716,1.7278
4.8728,1.7279
4.8739,1.7279
4.8751,1.7278
4.8763,1.7277
4.8774,1.7276
4.8786,1.7276
4.8798,1.7275
4.8809,1.7275
4.8821,1.7276
4.8833,1.7276
4.8844,1.7277
4.8856,1.7277
4.8868,1.7277
4.8879,1.7276
4.8891,1.7275
4.8903,1.7274
4.8914,1.7273
4.8926,1.7272
4.8938,1.7272
4.8949,1.7271
4.8961,1.7272
4.8973,1.7272
4.8984,1.7272
4.8996,1.7272
4.9008,1.7272
4.9019,1.7271
4.9031,1.727
4.9043,1.7269
4.9054,1.7268
4.9066,1.7268
4.9078,1.7267
4.9089,1.7267
4.9101,1.7267
4.9113,1.7268
4.9124,1.7268
4.9136,1.7269
4.9148,1.7269
4.9159,1.7269
4.9171,1.7268
4.9183,1.7268
4.9194,1.7267
4.9206,1.7266
4.9218,1.7266
4.923,1.7265
4.9241,1.7265
4.9253,1.7265
4.9265,1.7265
4.9276,1.7265
4.9288,1.7266
4.93,1.7266
4.9311,1.7266
4.9323,1.7266
4.9335,1.7266
4.9346,1.7265
4.9358,1.7265
4.937,1.7265
4.9381,1.7265
4.9393,1.7265
4.9405,1.7265
4.9416,1.7266
4.9428,1.7266
4.944,1.7267
4.9451,1.7267
4.9463,1.7266
4.9475,1.7266
4.9486,1.7265
4.9498,1.7264
4.951,1.7263
4.9521,1.7262
4.9533,1.7262
4.9545,1.7262
4.9556,1.7263
4.9568,1.7263
4.958,1.7263
4.9591,1.7263
4.9603,1.7262
4.9615,1.7261
4.9626,1.726
4.9638,1.7259
4.965,1.7258
4.9661,1.7258
4.9673,1.7259
4.9685,1.726
4.9696,1.7262
4.9708,1.7263
4.972,1.7264
4.9731,1.7264
4.9743,1.7264
4.9755,1.7263
4.9767,1.7262
4.9778,1.7261
4.979,1.726
4.9802,1.726
4.9813,1.726
4.9825,1.7261
4.9837,1.7261
4.9848,1.7261
4.986,1.7261
4.9872,1.726
4.9883,1.7259
4.9895,1.7258
4.9907,1.7257
4.9918,1.7256
4.993,1.7256
4.9942,1.7256
4.9953,1.7256
4.9965,1.7256
4.9977,1.7257
4.9988,1.7257
5,1.7258
