0,0
0.0011674,0
0.0023348,0
0.0035022,0
0.0046696,0
0.005837,0
0.0070044,0
0.0081718,0
0.0093392,0
0.010507,0
0.011674,0
0.012841,0
0.014009,0
0.015176,0
0.016344,0
0.017511,0
0.018678,0
0.019846,0
0.021013,0
0.022181,0
0.023348,0
0.024516,0
0.025683,0
0.02685,0
0.028018,0
0.029185,0
0.030353,0
0.03152,0
0.032687,0
0.033855,0
0.035022,0
0.03619,0
0.037357,0
0.038524,0
0.039692,0
0.040859,0
0.042027,0
0.043194,0
0.044361,0
0.045529,0
0.046696,0
0.047864,0
0.049031,0
0.050198,0
0.051366,0
0.052533,0
0.053701,0
0.054868,0
0.056035,0
0.057203,0
0.05837,0
0.059538,0
0.060705,0
0.061873,0
0.06304,0
0.064207,0
0.065375,0
0.066542,0
0.06771,0
0.068877,0
0.070044,0
0.071212,0
0.072379,0
0.073547,0
0.074714,0
0.075881,0
0.077049,0
0.078216,0
0.079384,0
0.080551,0
0.081718,0
0.082886,0
0.084053,0
0.085221,0
0.086388,0
0.087555,0
0.088723,0
0.08989,0
0.091058,0
0.092225,0
0.093392,0
0.09456,0
0.095727,-0
0.096895,0
0.098062,-0
0.09923,-0
0.1004,0
0.10156,-0
0.10273,0
0.1039,0
0.10507,-0
0.10623,0
0.1074,0
0.10857,-0
0.10974,0
0.1109,-0
0.11207,-0
0.11324,0
0.11441,-0
0.11557,-0
0.11674,0
0.11791,0
0.11908,-0
0.12024,0
0.12141,0
0.12258,-0
0.12375,0
0.12491,0
0.12608,-0
0.12725,-0
0.12841,0
0.12958,-0
0.13075,-0
0.13192,0
0.13308,0
0.13425,-0
0.13542,0
0.13659,0
0.13775,-0
0.13892,-0
0.14009,0
0.14126,0
0.14242,-0
0.14359,0
0.14476,0
0.14593,-0
0.14709,-0
0.14826,0
0.14943,0
0.1506,-0
0.15176,0
0.15293,0
0.1541,-0
0.15527,-0
0.15643,0
0.1576,0
0.15877,-0
0.15993,-0
0.1611,0
0.16227,0
0.16344,-0
0.1646,-0
0.16577,0
0.16694,-0
0.16811,-0
0.16927,0
0.17044,0
0.17161,-0
0.17278,-0
0.17394,0
0.17511,0
0.17628,-0
0.17745,-0
0.17861,0
0.17978,0
0.18095,-0
0.18212,-0
0.18328,0
0.18445,0
0.18562,-0
0.18678,0
0.18795,0
0.18912,-0
0.19029,-0
0.19145,0
0.19262,0
0.19379,-0
0.19496,-0
0.19612,0
0.19729,0
0.19846,-0
0.19963,-0
0.20079,0
0.20196,0
0.20313,-0
0.2043,-0
0.20546,0
0.20663,0
0.2078,-0
0.20897,-0
0.21013,0
0.2113,0
0.21247,-0
0.21364,-0
0.2148,0
0.21597,0
0.21714,-0
0.2183,-0
0.21947,0
0.22064,0
0.22181,-0
0.22297,-0
0.22414,0
0.22531,0
0.22648,-0
0.22764,-0
0.22881,0
0.22998,0
0.23115,-0
0.23231,-0
0.23348,0
0.23465,0
0.23582,-0
0.23698,-0
0.23815,0
0.23932,0
0.24049,-0
0.24165,-0
0.24282,0
0.24399,0
0.24516,-0
0.24632,-0
0.24749,0
0.24866,0
0.24982,-0
0.25099,-0
0.25216,0
0.25333,0
0.25449,-0
0.25566,-0
0.25683,0
0.258,0
0.25916,-0
0.26033,-0
0.2615,0
0.26267,0
0.26383,-0
0.265,-0
0.26617,0
0.26734,0
0.2685,-0
0.26967,-0
0.27084,0
0.27201,0
0.27317,-0
0.27434,-0
0.27551,0
0.27668,0
0.27784,-0
0.27901,-0
0.28018,0
0.28134,0
0.28251,-0
0.28368,-0
0.28485,0
0.28601,0
0.28718,-0
0.28835,-0
0.28952,0
0.29068,0
0.29185,0
0.29302,-0
0.29419,-0
0.29535,0
0.29652,0
0.29769,-0
0.29886,-0
0.30002,0
0.30119,0
0.30236,-0
0.30353,-0
0.30469,0
0.30586,0
0.30703,-0
0.3082,-0
0.30936,0
0.31053,0
0.3117,-0
0.31286,-0
0.31403,0
0.3152,0
0.31637,-0
0.31753,-0
0.3187,0
0.31987,0
0.32104,-0
0.3222,-0
0.32337,-0
0.32454,0
0.32571,0
0.32687,-0
0.32804,-0
0.32921,0
0.33038,0
0.33154,-0
0.33271,-0
0.33388,0
0.33505,0
0.33621,-0
0.33738,-0
0.33855,0
0.33972,0
0.34088,-0
0.34205,-0
0.34322,0
0.34438,0
0.34555,-0
0.34672,-0
0.34789,0
0.34905,0
0.35022,0
0.35139,-0
0.35256,-0
0.35372,0
0.35489,0
0.35606,-0
0.35723,-0
0.35839,0
0.35956,0
0.36073,-0
0.3619,-0
0.36306,0
0.36423,0
0.3654,-0
0.36657,-0
0.36773,0
0.3689,0
0.37007,-0
0.37124,-0
0.3724,-0
0.37357,0
0.37474,0
0.3759,-0
0.37707,-0
0.37824,0
0.37941,0
0.38057,-0
0.38174,-0
0.38291,0
0.38408,0
0.38524,-0
0.38641,-0
0.38758,0
0.38875,0
0.38991,-0
0.39108,-0
0.39225,0
0.39342,0
0.39458,-0
0.39575,-0
0.39692,0
0.39809,0
0.39925,0
0.40042,-0
0.40159,-0
0.40276,0
0.40392,0
0.40509,0
0.40626,-0
0.40742,0
0.40859,0
0.40976,-0
0.41093,-0
0.41209,0
0.41326,0
0.41443,0
0.4156,-0
0.41676,-0
0.41793,-0
0.4191,0
0.42027,0
0.42143,0
0.4226,-0
0.42377,-0
0.42494,-0
0.4261,-0
0.42727,0
0.42844,0
0.42961,0
0.43077,-0
0.43194,-0
0.43311,-0
0.43428,0
0.43544,0
0.43661,0
0.43778,-0
0.43894,-0
0.44011,-0
0.44128,-0
0.44245,0
0.44361,0
0.44478,0
0.44595,-0
0.44712,-0
0.44828,-0
0.44945,0
0.45062,0
0.45179,0
0.45295,-0
0.45412,-0
0.45529,-0
0.45646,-0
0.45762,0
0.45879,0
0.45996,0
0.46113,-0
0.46229,-0
0.46346,-0
0.46463,-0
0.4658,0
0.46696,0
0.46813,0
0.4693,-0
0.47046,-0
0.47163,-0
0.4728,0
0.47397,0
0.47513,0
0.4763,0
0.47747,-0
0.47864,-0
0.4798,-0
0.48097,0
0.48214,0
0.48331,0
0.48447,-0
0.48564,-0
0.48681,-0
0.48798,0
0.48914,0
0.49031,0
0.49148,-0
0.49265,-0
0.49381,-0
0.49498,0
0.49615,0
0.49731,0
0.49848,0
0.49965,-0
0.50082,-0
0.50198,-0
0.50315,0
0.50432,0
0.50549,0
0.50665,-0
0.50782,-0
0.50899,-0
0.51016,-0
0.51132,0
0.51249,0
0.51366,0
0.51483,-0
0.51599,-0
0.51716,-0
0.51833,0
0.5195,0
0.52066,0
0.52183,0
0.523,-0
0.52417,-0
0.52533,-0
0.5265,0
0.52767,0
0.52883,0
0.53,0
0.53117,-0
0.53234,-0
0.5335,-0
0.53467,0
0.53584,0
0.53701,0
0.53817,0
0.53934,-0
0.54051,-0
0.54168,-0
0.54284,0
0.54401,0
0.54518,0
0.54635,0
0.54751,-0
0.54868,-0
0.54985,-0
0.55102,0
0.55218,0
0.55335,0
0.55452,-0
0.55569,-0
0.55685,-0
0.55802,-0
0.55919,0
0.56035,0
0.56152,0
0.56269,-0
0.56386,-0
0.56502,-0
0.56619,0
0.56736,0
0.56853,-0
0.56969,-0
0.57086,-0
0.57203,0
0.5732,0
0.57436,0
0.57553,0
0.5767,-0
0.57787,-0
0.57903,-0
0.5802,0
0.58137,0
0.58254,0
0.5837,0
0.58487,-0
0.58604,-0
0.58721,-0
0.58837,0
0.58954,0
0.59071,0
0.59187,0
0.59304,-0
0.59421,-0
0.59538,-0
0.59654,0
0.59771,0
0.59888,0
0.60005,0
0.60121,-0
0.60238,-0
0.60355,-0
0.60472,0
0.60588,0
0.60705,0
0.60822,0
0.60939,-0
0.61055,-0
0.61172,-0
0.61289,0
0.61406,0
0.61522,0
0.61639,0
0.61756,-0
0.61873,-0
0.61989,-0
0.62106,-0
0.62223,0
0.62339,0
0.62456,0
0.62573,-0
0.6269,-0
0.62806,-0
0.62923,-0
0.6304,0
0.63157,0
0.63273,0
0.6339,0
0.63507,-0
0.63624,-0
0.6374,-0
0.63857,-0
0.63974,0
0.64091,0
0.64207,0
0.64324,0
0.64441,0
0.64558,0
0.64674,-0
0.64791,-0
0.64908,-0
0.65025,-0
0.65141,0
0.65258,0
0.65375,0
0.65491,-0
0.65608,-0
0.65725,-0
0.65842,-0
0.65958,0
0.66075,0
0.66192,0
0.66309,-0
0.66425,-0
0.66542,-0
0.66659,-0
0.66776,0
0.66892,0
0.67009,0
0.67126,0
0.67243,-0
0.67359,-0
0.67476,-0
0.67593,0
0.6771,0
0.67826,0
0.67943,0
0.6806,-0
0.68177,-0
0.68293,-0
0.6841,-0
0.68527,0
0.68643,0
0.6876,0
0.68877,-0
0.68994,-0
0.6911,-0
0.69227,-0
0.69344,0
0.69461,0
0.69577,0
0.69694,0
0.69811,-0
0.69928,-0
0.70044,-0
0.70161,-0
0.70278,0
0.70395,0
0.70511,0
0.70628,0
0.70745,-0
0.70862,-0
0.70978,-0
0.71095,-0
0.71212,-0
0.71329,0
0.71445,0
0.71562,0
0.71679,0
0.71795,-0
0.71912,-0
0.72029,-0
0.72146,-0
0.72262,0
0.72379,0
0.72496,0
0.72613,0
0.72729,-0
0.72846,-0
0.72963,-0
0.7308,-0
0.73196,0
0.73313,0
0.7343,0
0.73547,-0
0.73663,-0
0.7378,-0
0.73897,-0
0.74014,0
0.7413,0
0.74247,0
0.74364,0
0.74481,-0
0.74597,-0
0.74714,-0
0.74831,0
0.74947,0
0.75064,0
0.75181,0
0.75298,-0
0.75414,-0
0.75531,-0
0.75648,-0
0.75765,0
0.75881,0
0.75998,0
0.76115,0
0.76232,-0
0.76348,-0
0.76465,-0
0.76582,0
0.76699,0
0.76815,0
0.76932,0
0.77049,0
0.77166,-0
0.77282,-0
0.77399,-0
0.77516,-0
0.77633,-0
0.77749,0
0.77866,0
0.77983,0
0.78099,0
0.78216,-0
0.78333,-0
0.7845,-0
0.78566,-0
0.78683,0
0.788,0
0.78917,0
0.79033,0
0.7915,-0
0.79267,-0
0.79384,-0
0.795,-0
0.79617,0
0.79734,0
0.79851,0
0.79967,-0
0.80084,-0
0.80201,-0
0.80318,-0
0.80434,0
0.80551,1.3544e-38
0.80668,1.6279e-38
0.80784,0
0.80901,-0
0.81018,-2.6833e-38
0.81135,-2.6302e-38
0.81251,-0
0.81368,2.6836e-38
0.81485,4.7439e-38
0.81602,3.7656e-38
0.81718,-0
0.81835,-5.2383e-38
0.81952,-7.4623e-38
0.82069,-4.74e-38
0.82185,1.9635e-38
0.82302,8.5551e-38
0.82419,1.0339e-37
0.82536,5.4035e-38
0.82652,-3.6494e-38
0.82769,-1.1205e-37
0.82886,-1.2485e-37
0.83003,-6.859e-38
0.83119,2.0801e-38
0.83236,9.6686e-38
0.83353,1.3602e-37
0.8347,1.423e-37
0.83586,1.1441e-37
0.83703,2.0786e-38
0.8382,-1.7267e-37
0.83936,-4.2194e-37
0.84053,-5.4811e-37
0.8417,-3.0787e-37
0.84287,3.8716e-37
0.84403,1.2415e-36
0.8452,1.584e-36
0.84637,7.6714e-37
0.84754,-1.1965e-36
0.8487,-3.2448e-36
0.84987,-3.6384e-36
0.85104,-1.1635e-36
0.85221,3.5144e-36
0.85337,7.499e-36
0.85454,7.1143e-36
0.85571,7.0927e-37
0.85688,-9.033e-36
0.85804,-1.5502e-35
0.85921,-1.2075e-35
0.86038,2.3795e-36
0.86155,2.0423e-35
0.86271,2.8923e-35
0.86388,1.7679e-35
0.86505,-1.1281e-35
0.86622,-4.1152e-35
0.86738,-4.8895e-35
0.86855,-2.1547e-35
0.86972,3.0442e-35
0.87088,7.4473e-35
0.87205,7.4885e-35
0.87322,1.9714e-35
0.87439,-6.3965e-35
0.87555,-1.2108e-34
0.87672,-1.0373e-34
0.87789,-8.7177e-36
0.87906,1.1109e-34
0.88022,1.7544e-34
0.88139,1.3077e-34
0.88256,-7.3431e-36
0.88373,-1.5718e-34
0.88489,-2.2229e-34
0.88606,-1.5732e-34
0.88723,6.7949e-37
0.8884,1.5978e-34
0.88956,2.3791e-34
0.89073,2.1153e-34
0.8919,1.0976e-34
0.89307,-3.2662e-35
0.89423,-2.057e-34
0.8954,-3.9269e-34
0.89657,-5.0302e-34
0.89774,-3.6245e-34
0.8989,1.6185e-34
0.90007,9.4802e-34
0.90124,1.5096e-33
0.9024,1.1962e-33
0.90357,-2.9002e-34
0.90474,-2.3833e-33
0.90591,-3.6517e-33
0.90707,-2.5939e-33
0.90824,1.0781e-33
0.90941,5.586e-33
0.91058,7.6261e-33
0.91174,4.4678e-33
0.91291,-3.522e-33
0.91408,-1.1901e-32
0.91525,-1.4168e-32
0.91641,-6.2565e-33
0.91758,9.2986e-33
0.91875,2.3043e-32
0.91992,2.3744e-32
0.92108,6.6517e-33
0.92225,-2.0722e-32
0.92342,-4.0699e-32
0.92459,-3.6101e-32
0.92575,-3.5647e-33
0.92692,4.0159e-32
0.92809,6.5677e-32
0.92926,4.9928e-32
0.93042,-5.138e-33
0.93159,-6.8471e-32
0.93276,-9.6689e-32
0.93392,-6.328e-32
0.93509,1.9262e-32
0.93626,1.0209e-31
0.93743,1.2929e-31
0.93859,7.6066e-32
0.93976,-3.1138e-32
0.94093,-1.287e-31
0.9421,-1.5644e-31
0.94326,-9.6578e-32
0.94443,1.665e-32
0.9456,1.226e-31
0.94677,1.7322e-31
0.94793,1.5452e-31
0.9491,7.7713e-32
0.95027,-4.2284e-32
0.95144,-1.897e-31
0.9526,-3.2242e-31
0.95377,-3.4981e-31
0.95494,-1.6471e-31
0.95611,2.5579e-31
0.95727,7.4492e-31
0.95844,9.5325e-31
0.95961,5.4334e-31
0.96078,-4.9985e-31
0.96194,-1.6699e-30
0.96311,-2.0954e-30
0.96428,-1.0935e-30
0.96544,1.1754e-30
0.96661,3.467e-30
0.96778,4.0097e-30
0.96895,1.7154e-30
0.97011,-2.6961e-30
0.97128,-6.6086e-30
0.97245,-6.8927e-30
0.97362,-2.1592e-30
0.97478,5.6185e-30
0.97595,1.1581e-29
0.97712,1.0815e-29
0.97829,2.0306e-30
0.97945,-1.0505e-29
0.98062,-1.8701e-29
0.98179,-1.5654e-29
0.98296,-9.5521e-31
0.98412,1.7586e-29
0.98529,2.7844e-29
0.98646,2.1158e-29
0.98763,-9.4964e-31
0.98879,-2.6145e-29
0.98996,-3.8162e-29
0.99113,-2.7344e-29
0.9923,2.1167e-30
0.99346,3.362e-29
0.99463,4.7996e-29
0.9958,3.5513e-29
0.99696,2.058e-30
0.99813,-3.4561e-29
0.9993,-5.5319e-29
1.0005,-5.0157e-29
1.0016,-2.141e-29
1.0028,1.9806e-29
1.004,5.9183e-29
1.0051,8.1946e-29
1.0063,7.3464e-29
1.0075,2.3479e-29
1.0086,-6.2557e-29
1.0098,-1.5151e-28
1.011,-1.853e-28
1.0121,-1.1007e-28
1.0133,7.6615e-29
1.0145,2.9301e-28
1.0156,3.9342e-28
1.0168,2.5263e-28
1.018,-1.2556e-28
1.0191,-5.5551e-28
1.0203,-7.3985e-28
1.0215,-4.5544e-28
1.0226,2.4955e-28
1.0238,9.9874e-28
1.025,1.2631e-27
1.0261,7.0807e-28
1.0273,-5.0107e-28
1.0285,-1.6797e-27
1.0297,-1.9843e-27
1.0308,-9.841e-28
1.032,9.2816e-28
1.0332,2.6268e-27
1.0343,2.8926e-27
1.0355,1.254e-27
1.0367,-1.5367e-27
1.0378,-3.8024e-27
1.039,-3.9397e-27
1.0402,-1.5256e-27
1.0413,2.2255e-27
1.0425,5.0612e-27
1.0437,5.0616e-27
1.0448,1.9266e-27
1.046,-2.6956e-27
1.0472,-6.1223e-27
1.0483,-6.2505e-27
1.0495,-2.8401e-27
1.0507,2.3457e-27
1.0518,6.5854e-27
1.053,7.7018e-27
1.0542,5.0921e-27
1.0553,-1.8466e-28
1.0565,-6.028e-27
1.0577,-1.0051e-26
1.0588,-1.0165e-26
1.06,-5.1929e-27
1.0612,4.2142e-27
1.0623,1.4683e-26
1.0635,2.0383e-26
1.0647,1.5514e-26
1.0658,-1.4111e-27
1.067,-2.4039e-26
1.0682,-3.8972e-26
1.0693,-3.2588e-26
1.0705,-1.2627e-27
1.0717,4.1785e-26
1.0728,6.9892e-26
1.074,5.7961e-26
1.0752,1.6533e-27
1.0763,-7.2591e-26
1.0775,-1.1736e-25
1.0787,-9.2624e-26
1.0799,3.0945e-27
1.081,1.2123e-25
1.0822,1.8502e-25
1.0834,1.3714e-25
1.0845,-1.5178e-26
1.0857,-1.9071e-25
1.0869,-2.75e-25
1.088,-1.9273e-25
1.0892,3.3151e-26
1.0904,2.7914e-25
1.0915,3.8709e-25
1.0927,2.6404e-25
1.0939,-4.6799e-26
1.095,-3.7551e-25
1.0962,-5.1863e-25
1.0974,-3.6411e-25
1.0985,2.9729e-26
1.0997,4.547e-25
1.1009,6.6581e-25
1.102,5.2168e-25
1.1032,6.9685e-26
1.1044,-4.7255e-25
1.1055,-8.2629e-25
1.1067,-7.8987e-25
1.1079,-3.3719e-25
1.109,3.6248e-25
1.1102,1.0028e-24
1.1114,1.2534e-24
1.1125,8.9805e-25
1.1137,-3.4756e-26
1.1149,-1.2055e-24
1.116,-2.0291e-24
1.1172,-1.9142e-24
1.1184,-6.203e-25
1.1195,1.4485e-24
1.1207,3.2535e-24
1.1219,3.5673e-24
1.123,1.7253e-24
1.1242,-1.7356e-24
1.1254,-5.0475e-24
1.1265,-6.0231e-24
1.1277,-3.4061e-24
1.1289,2.0271e-24
1.13,7.4529e-24
1.1312,9.3741e-24
1.1324,5.7828e-24
1.1336,-2.1852e-24
1.1347,-1.0339e-23
1.1359,-1.3564e-23
1.1371,-8.9645e-24
1.1382,1.8986e-24
1.1394,1.329e-23
1.1406,1.8308e-23
1.1417,1.3051e-23
1.1429,-6.0195e-25
1.1441,-1.5499e-23
1.1452,-2.3028e-23
1.1464,-1.8141e-23
1.1476,-2.5781e-24
1.1487,1.5723e-23
1.1499,2.6848e-23
1.1511,2.4344e-23
1.1522,8.803e-24
1.1534,-1.2363e-23
1.1546,-2.8684e-23
1.1557,-3.1789e-23
1.1569,-1.9368e-23
1.1581,3.7406e-24
1.1592,2.749e-23
1.1604,4.0626e-23
1.1616,3.5369e-23
1.1627,1.1357e-23
1.1639,-2.2693e-23
1.1651,-5.1028e-23
1.1662,-5.7181e-23
1.1674,-3.2868e-23
1.1686,1.4821e-23
1.1697,6.3247e-23
1.1709,8.3846e-23
1.1721,5.85e-23
1.1732,-6.2883e-24
1.1744,-7.7792e-23
1.1756,-1.1259e-22
1.1767,-8.2876e-23
1.1779,2.185e-24
1.1791,9.5875e-23
1.1802,1.3889e-22
1.1814,9.7282e-23
1.1826,-1.0802e-23
1.1837,-1.2025e-22
1.1849,-1.5756e-22
1.1861,-9.0669e-23
1.1873,4.347e-23
1.1884,1.5657e-22
1.1896,1.6554e-22
1.1908,5.2691e-23
1.1919,-1.1313e-22
1.1931,-2.1506e-22
1.1943,-1.6668e-22
1.1954,2.0537e-23
1.1966,2.3092e-22
1.1978,3.1209e-22
1.1989,1.7838e-22
1.2001,-1.177e-22
1.2013,-4.0012e-22
1.2024,-4.7064e-22
1.2036,-2.3903e-22
1.2048,2.0126e-22
1.2059,6.0701e-22
1.2071,7.1787e-22
1.2083,4.1378e-22
1.2094,-1.9596e-22
1.2106,-8.0895e-22
1.2118,-1.0778e-21
1.2129,-7.9488e-22
1.2141,-1.9129e-23
1.2153,9.2109e-22
1.2164,1.557e-21
1.2176,1.4915e-21
1.2188,6.0982e-22
1.2199,-8.0475e-22
1.2211,-2.1221e-21
1.2223,-2.6042e-21
1.2234,-1.7706e-21
1.2246,2.6276e-22
1.2258,2.6707e-21
1.2269,4.181e-21
1.2281,3.6867e-21
1.2293,9.5141e-22
1.2304,-3.0006e-21
1.2316,-6.1562e-21
1.2328,-6.4711e-21
1.2339,-3.1032e-21
1.2351,2.7872e-21
1.2363,8.2806e-21
1.2375,1.008e-20
1.2386,6.4189e-21
1.2398,-1.5841e-21
1.241,-1.0062e-20
1.2421,-1.4218e-20
1.2433,-1.0998e-20
1.2445,-1.1365e-21
1.2456,1.0739e-20
1.2468,1.8255e-20
1.248,1.6707e-20
1.2491,5.8913e-21
1.2503,-9.3232e-21
1.2515,-2.1196e-20
1.2526,-2.3071e-20
1.2538,-1.3034e-20
1.255,4.7376e-21
1.2561,2.173e-20
1.2573,2.9191e-20
1.2585,2.2549e-20
1.2596,3.9458e-21
1.2608,-1.839e-20
1.262,-3.3742e-20
1.2631,-3.387e-20
1.2643,-1.7175e-20
1.2655,9.8903e-21
1.2666,3.508e-20
1.2678,4.5644e-20
1.269,3.4521e-20
1.2701,4.5787e-21
1.2713,-3.142e-20
1.2725,-5.5826e-20
1.2736,-5.4475e-20
1.2748,-2.4719e-20
1.276,2.1389e-20
1.2771,6.1537e-20
1.2783,7.391e-20
1.2795,4.9007e-20
1.2806,-3.8617e-21
1.2818,-5.9522e-20
1.283,-8.8884e-20
1.2841,-7.4421e-20
1.2853,-2.071e-20
1.2865,4.663e-20
1.2876,9.373e-20
1.2888,9.6123e-20
1.29,5.1398e-20
1.2912,-1.9604e-20
1.2923,-8.31e-20
1.2935,-1.0889e-19
1.2947,-8.4977e-20
1.2958,-2.262e-20
1.297,5.0839e-20
1.2982,1.0462e-19
1.2993,1.1699e-19
1.3005,8.1733e-20
1.3017,9.1514e-21
1.3028,-7.7175e-20
1.304,-1.4264e-19
1.3052,-1.5447e-19
1.3063,-9.7227e-20
1.3075,1.7418e-20
1.3087,1.4869e-19
1.3098,2.3505e-19
1.311,2.2197e-19
1.3122,8.9394e-20
1.3133,-1.2366e-19
1.3145,-3.181e-19
1.3157,-3.8201e-19
1.3168,-2.5378e-19
1.318,3.3766e-20
1.3192,3.5323e-19
1.3203,5.3732e-19
1.3215,4.846e-19
1.3227,1.7628e-19
1.3238,-2.8964e-19
1.325,-7.1926e-19
1.3262,-8.286e-19
1.3273,-5.0053e-19
1.3285,1.3582e-19
1.3297,8.7698e-19
1.3308,1.2675e-18
1.332,1.103e-18
1.3332,3.7085e-19
1.3343,1.0038e-18
1.3355,4.1747e-19
1.3367,3.5432e-19
1.3378,1.3998e-20
1.339,-4.3074e-19
1.3402,-1.2522e-18
1.3413,-1.6886e-18
1.3425,-1.3849e-18
1.3437,-1.0525e-18
1.3449,-1.4141e-18
1.346,-8.9463e-19
1.3472,-8.6155e-19
1.3484,-3.2602e-19
1.3495,-2.8738e-19
1.3507,3.1095e-19
1.3519,9.4572e-19
1.353,1.176e-18
1.3542,6.0908e-19
1.3554,-2.2167e-20
1.3565,1.7627e-19
1.3577,2.719e-19
1.3589,5.1248e-20
1.36,5.7792e-19
1.3612,1.368e-18
1.3624,9.7757e-19
1.3635,9.1931e-19
1.3647,1.1563e-19
1.3659,1.2752e-19
1.367,3.5248e-19
1.3682,9.9112e-19
1.3694,1.1473e-18
1.3705,1.794e-18
1.3717,1.88e-18
1.3729,2.0849e-18
1.374,1.2408e-18
1.3752,9.2051e-19
1.3764,1.7165e-18
1.3775,2.4954e-18
1.3787,3.229e-18
1.3799,2.921e-18
1.381,2.5291e-18
1.3822,1.9198e-18
1.3834,2.1045e-18
1.3845,1.4798e-18
1.3857,6.9363e-19
1.3869,4.7139e-19
1.388,4.8646e-19
1.3892,5.1471e-19
1.3904,1.0457e-18
1.3915,1.5046e-18
1.3927,9.8509e-19
1.3939,3.3913e-19
1.3951,2.6862e-19
1.3962,2.0492e-21
1.3974,-2.3404e-19
1.3986,-5.8526e-19
1.3997,2.2788e-19
1.4009,1.0662e-18
1.4021,1.1764e-18
1.4032,1.4683e-18
1.4044,1.5789e-18
1.4056,2.3271e-18
1.4067,1.8944e-18
1.4079,1.7509e-18
1.4091,1.1217e-18
1.4102,5.0357e-19
1.4114,1.0237e-18
1.4126,1.6302e-18
1.4137,2.1386e-18
1.4149,2.8129e-18
1.4161,3.0653e-18
1.4172,3.6737e-18
1.4184,4.0388e-18
1.4196,3.254e-18
1.4207,2.8683e-18
1.4219,3.412e-18
1.4231,2.8249e-18
1.4242,3.1165e-18
1.4254,3.6699e-18
1.4266,4.0221e-18
1.4277,3.4286e-18
1.4289,3.4864e-18
1.4301,4.2214e-18
1.4312,3.4778e-18
1.4324,3.1229e-18
1.4336,2.4112e-18
1.4347,1.7078e-18
1.4359,2.4527e-18
1.4371,2.5867e-18
1.4382,2.9447e-18
1.4394,2.6912e-18
1.4406,1.9394e-18
1.4417,1.5752e-18
1.4429,1.0406e-18
1.4441,1.3145e-18
1.4452,2.0566e-18
1.4464,1.4236e-18
1.4476,1.4505e-18
1.4488,1.2035e-18
1.4499,9.5802e-19
1.4511,1.0379e-18
1.4523,6.1594e-19
1.4534,1.5976e-19
1.4546,-3.834e-19
1.4558,1.5281e-19
1.4569,8.7589e-19
1.4581,9.0782e-19
1.4593,1.3751e-19
1.4604,-4.7333e-19
1.4616,-2.1526e-19
1.4628,-2.3154e-19
1.4639,-4.3119e-19
1.4651,-4.8745e-20
1.4663,5.8368e-20
1.4674,7.0014e-19
1.4686,6.621e-19
1.4698,1.9676e-20
1.4709,2.1691e-19
1.4721,4.1671e-19
1.4733,6.9411e-19
1.4744,2.5013e-19
1.4756,6.5971e-20
1.4768,-3.0289e-19
1.4779,-1.0287e-18
1.4791,-1.016e-18
1.4803,-1.4781e-18
1.4814,-1.7718e-18
1.4826,-1.6261e-18
1.4838,-1.2834e-18
1.4849,-7.2246e-19
1.4861,-1.3039e-19
1.4873,-5.366e-19
1.4884,-8.9673e-19
1.4896,-1.2517e-18
1.4908,-8.8433e-19
1.4919,-1.614e-18
1.4931,-1.4555e-18
1.4943,-1.1738e-18
1.4954,-1.7266e-18
1.4966,-2.3213e-18
1.4978,-1.5703e-18
1.4989,-8.1753e-19
1.5001,-9.4079e-19
1.5013,-4.8117e-19
1.5025,-8.2539e-19
1.5036,-2.5067e-19
1.5048,-4.2353e-19
1.506,3.7478e-19
1.5071,4.9964e-19
1.5083,1.0565e-19
1.5095,2.5573e-20
1.5106,2.4067e-19
1.5118,9.5565e-20
1.513,-1.0875e-19
1.5141,-6.4331e-19
1.5153,-2.4748e-19
1.5165,3.6432e-20
1.5176,-3.3857e-19
1.5188,6.5574e-20
1.52,-2.4175e-19
1.5211,-5.4103e-19
1.5223,-3.1868e-19
1.5235,-1.1886e-19
1.5246,4.7185e-19
1.5258,-1.1666e-19
1.527,-1.0349e-19
1.5281,2.2448e-19
1.5293,2.2078e-19
1.5305,7.4457e-19
1.5316,1.4844e-18
1.5328,2.1505e-18
1.534,2.0819e-18
1.5351,2.5717e-18
1.5363,2.6053e-18
1.5375,2.2104e-18
1.5386,2.0005e-18
1.5398,2.4844e-18
1.541,1.7083e-18
1.5421,1.4042e-18
1.5433,1.7124e-18
1.5445,2.5156e-18
1.5456,2.932e-18
1.5468,2.2487e-18
1.548,2.7102e-18
1.5491,3.1142e-18
1.5503,2.5968e-18
1.5515,1.9224e-18
1.5527,2.61e-18
1.5538,2.5764e-18
1.555,3.4062e-18
1.5562,3.9857e-18
1.5573,4.1736e-18
1.5585,4.5026e-18
1.5597,4.2026e-18
1.5608,3.3652e-18
1.562,3.3776e-18
1.5632,3.7402e-18
1.5643,2.891e-18
1.5655,2.5751e-18
1.5667,3.2191e-18
1.5678,2.6202e-18
1.569,3.0353e-18
1.5702,2.2195e-18
1.5713,2.3712e-18
1.5725,1.5741e-18
1.5737,1.6328e-18
1.5748,2.4796e-18
1.576,2.5862e-18
1.5772,3.3945e-18
1.5783,4.1706e-18
1.5795,4.7291e-18
1.5807,5.2005e-18
1.5818,4.7261e-18
1.583,5.5557e-18
1.5842,4.7726e-18
1.5853,4.7182e-18
1.5865,5.4209e-18
1.5877,5.973e-18
1.5888,5.7414e-18
1.59,5.4543e-18
1.5912,5.3067e-18
1.5923,4.6163e-18
1.5935,4.5156e-18
1.5947,3.8468e-18
1.5958,4.1579e-18
1.597,4.3009e-18
1.5982,3.6376e-18
1.5993,4.2167e-18
1.6005,4.9311e-18
1.6017,4.2325e-18
1.6028,4.4496e-18
1.604,3.7609e-18
1.6052,3.6134e-18
1.6064,3.2782e-18
1.6075,4.0391e-18
1.6087,3.9638e-18
1.6099,4.7468e-18
1.611,5.3438e-18
1.6122,5.073e-18
1.6134,5.4279e-18
1.6145,5.5338e-18
1.6157,4.9031e-18
1.6169,5.1811e-18
1.618,5.4434e-18
1.6192,4.8979e-18
1.6204,4.9255e-18
1.6215,4.9043e-18
1.6227,5.4946e-18
1.6239,5.9754e-18
1.625,6.4003e-18
1.6262,5.5498e-18
1.6274,6.037e-18
1.6285,5.3025e-18
1.6297,4.4969e-18
1.6309,4.9714e-18
1.632,4.3615e-18
1.6332,3.7029e-18
1.6344,3.0863e-18
1.6355,3.0361e-18
1.6367,2.5063e-18
1.6379,1.6901e-18
1.639,2.1869e-18
1.6402,1.417e-18
1.6414,5.9128e-19
1.6425,2.4201e-19
1.6437,-5.6978e-19
1.6449,2.0194e-19
1.646,-3.9584e-19
1.6472,-7.5511e-19
1.6484,-1.4932e-18
1.6495,-1.5361e-18
1.6507,-1.661e-18
1.6519,-1.3791e-18
1.653,-1.521e-18
1.6542,-1.8476e-18
1.6554,-1.0936e-18
1.6565,-3.1462e-19
1.6577,-1.3324e-19
1.6589,-9.7341e-19
1.6601,-8.7323e-19
1.6612,-5.4129e-19
1.6624,-1.2112e-18
1.6636,-2.0446e-18
1.6647,-1.8298e-18
1.6659,-2.436e-18
1.6671,-3.1451e-18
1.6682,-2.9235e-18
1.6694,-2.8197e-18
1.6706,-2.4575e-18
1.6717,-2.2343e-18
1.6729,-2.1744e-18
1.6741,-2.7597e-18
1.6752,-3.3137e-18
1.6764,-3.5756e-18
1.6776,-3.658e-18
1.6787,-3.9987e-18
1.6799,-3.8336e-18
1.6811,-4.1121e-18
1.6822,-4.4564e-18
1.6834,-5.2915e-18
1.6846,-5.9009e-18
1.6857,-5.3099e-18
1.6869,-5.503e-18
1.6881,-6.2917e-18
1.6892,-6.1189e-18
1.6904,-6.9444e-18
1.6916,-6.4007e-18
1.6927,-5.8946e-18
1.6939,-5.5531e-18
1.6951,-5.9352e-18
1.6962,-6.537e-18
1.6974,-6.6647e-18
1.6986,-6.956e-18
1.6997,-7.2325e-18
1.7009,-7.2679e-18
1.7021,-6.9991e-18
1.7032,-7.1894e-18
1.7044,-6.4324e-18
1.7056,-6.6242e-18
1.7067,-5.9779e-18
1.7079,-6.5093e-18
1.7091,-6.425e-18
1.7102,-5.7666e-18
1.7114,-5.5899e-18
1.7126,-5.2016e-18
1.7138,-5.2609e-18
1.7149,-5.4049e-18
1.7161,-5.9437e-18
1.7173,-6.4836e-18
1.7184,-6.953e-18
1.7196,-7.445e-18
1.7208,-7.4367e-18
1.7219,-7.24e-18
1.7231,-6.5419e-18
1.7243,-6.4643e-18
1.7254,-7.0135e-18
1.7266,-6.8923e-18
1.7278,-6.744e-18
1.7289,-7.4266e-18
1.7301,-8.2283e-18
1.7313,-8.5016e-18
1.7324,-7.9627e-18
1.7336,-8.732e-18
1.7348,-8.2239e-18
1.7359,-8.4362e-18
1.7371,-7.8797e-18
1.7383,-7.8103e-18
1.7394,-7.8154e-18
1.7406,-7.9868e-18
1.7418,-7.9614e-18
1.7429,-8.2604e-18
1.7441,-7.9395e-18
1.7453,-8.5572e-18
1.7464,-8.4808e-18
1.7476,-8.3055e-18
1.7488,-8.4469e-18
1.7499,-9.015e-18
1.7511,-8.6963e-18
1.7523,-8.2664e-18
1.7534,-7.548e-18
1.7546,-7.2327e-18
1.7558,-7.8071e-18
1.7569,-8.5396e-18
1.7581,-8.4891e-18
1.7593,-9.1548e-18
1.7604,-8.7641e-18
1.7616,-9.2078e-18
1.7628,-9.1296e-18
1.764,-9.2038e-18
1.7651,-8.6061e-18
1.7663,-7.9945e-18
1.7675,-7.7193e-18
1.7686,-6.9172e-18
1.7698,-7.1102e-18
1.771,-6.8577e-18
1.7721,-6.9179e-18
1.7733,-6.709e-18
1.7745,-6.4388e-18
1.7756,-6.9559e-18
1.7768,-6.6404e-18
1.778,-7.1241e-18
1.7791,-7.526e-18
1.7803,-8.2839e-18
1.7815,-8.0277e-18
1.7826,-7.3454e-18
1.7838,-8.0952e-18
1.785,-7.2602e-18
1.7861,-6.5844e-18
1.7873,-6.0643e-18
1.7885,-6.5171e-18
1.7896,-6.1714e-18
1.7908,-6.6764e-18
1.792,-6.4277e-18
1.7931,-6.2707e-18
1.7943,-6.1709e-18
1.7955,-6.2137e-18
1.7966,-5.727e-18
1.7978,-5.0722e-18
1.799,-4.3272e-18
1.8001,-4.275e-18
1.8013,-4.1624e-18
1.8025,-4.9667e-18
1.8036,-5.7093e-18
1.8048,-4.8577e-18
1.806,-5.4733e-18
1.8071,-6.1283e-18
1.8083,-5.3423e-18
1.8095,-5.7405e-18
1.8106,-6.5227e-18
1.8118,-6.2105e-18
1.813,-5.6726e-18
1.8141,-5.5741e-18
1.8153,-5.1176e-18
1.8165,-5.8751e-18
1.8177,-6.1481e-18
1.8188,-5.6753e-18
1.82,-5.8558e-18
1.8212,-5.0657e-18
1.8223,-5.5508e-18
1.8235,-6.3106e-18
1.8247,-6.8463e-18
1.8258,-7.4508e-18
1.827,-8.0779e-18
1.8282,-7.3533e-18
1.8293,-7.1549e-18
1.8305,-7.8189e-18
1.8317,-8.2393e-18
1.8328,-7.598e-18
1.834,-8.2419e-18
1.8352,-7.9731e-18
1.8363,-7.311e-18
1.8375,-7.5986e-18
1.8387,-7.9928e-18
1.8398,-7.7869e-18
1.841,-7.7476e-18
1.8422,-7.0336e-18
1.8433,-7.5714e-18
1.8445,-7.9639e-18
1.8457,-7.9791e-18
1.8468,-8.1423e-18
1.848,-7.5222e-18
1.8492,-6.8367e-18
1.8503,-5.9933e-18
1.8515,-6.2958e-18
1.8527,-7.0932e-18
1.8538,-7.1553e-18
1.855,-7.185e-18
1.8562,-7.522e-18
1.8573,-8.0346e-18
1.8585,-8.7969e-18
1.8597,-9.0126e-18
1.8608,-9.0105e-18
1.862,-9.3529e-18
1.8632,-8.6853e-18
1.8643,-9.0497e-18
1.8655,-9.2918e-18
1.8667,-9.3222e-18
1.8678,-9.8534e-18
1.869,-1.0687e-17
1.8702,-1.0416e-17
1.8714,-1.104e-17
1.8725,-1.106e-17
1.8737,-1.1075e-17
1.8749,-1.1761e-17
1.876,-1.1078e-17
1.8772,-1.1214e-17
1.8784,-1.0646e-17
1.8795,-1.0949e-17
1.8807,-1.0765e-17
1.8819,-1.0441e-17
1.883,-9.7821e-18
1.8842,-9.0224e-18
1.8854,-9.712e-18
1.8865,-9.6531e-18
1.8877,-9.0762e-18
1.8889,-9.2248e-18
1.89,-8.97e-18
1.8912,-9.3091e-18
1.8924,-9.0278e-18
1.8935,-8.4106e-18
1.8947,-8.1478e-18
1.8959,-7.7615e-18
1.897,-7.9017e-18
1.8982,-7.44e-18
1.8994,-8.289e-18
1.9005,-8.4739e-18
1.9017,-8.8236e-18
1.9029,-8.2539e-18
1.904,-8.9225e-18
1.9052,-8.3189e-18
1.9064,-8.071e-18
1.9075,-7.2249e-18
1.9087,-6.6075e-18
1.9099,-5.757e-18
1.911,-6.5378e-18
1.9122,-6.6373e-18
1.9134,-5.9678e-18
1.9145,-5.978e-18
1.9157,-6.6995e-18
1.9169,-7.0202e-18
1.918,-7.0215e-18
1.9192,-6.8139e-18
1.9204,-7.554e-18
1.9216,-8.0847e-18
1.9227,-8.7546e-18
1.9239,-8.3049e-18
1.9251,-7.5237e-18
1.9262,-6.9217e-18
1.9274,-7.1902e-18
1.9286,-6.6132e-18
1.9297,-6.4315e-18
1.9309,-6.6654e-18
1.9321,-6.966e-18
1.9332,-7.4232e-18
1.9344,-6.8866e-18
1.9356,-6.9498e-18
1.9367,-7.3015e-18
1.9379,-6.6012e-18
1.9391,-7.4017e-18
1.9402,-6.6413e-18
1.9414,-7.2497e-18
1.9426,-6.7139e-18
1.9437,-6.8904e-18
1.9449,-6.8531e-18
1.9461,-7.3685e-18
1.9472,-7.6498e-18
1.9484,-8.4321e-18
1.9496,-7.9849e-18
1.9507,-8.8267e-18
1.9519,-8.9147e-18
1.9531,-9.3038e-18
1.9542,-8.6677e-18
1.9554,-9.3818e-18
1.9566,-9.0509e-18
1.9577,-9.2337e-18
1.9589,-9.2445e-18
1.9601,-9.052e-18
1.9612,-8.5317e-18
1.9624,-8.0983e-18
1.9636,-7.6097e-18
1.9647,-6.8032e-18
1.9659,-6.1939e-18
1.9671,-5.7004e-18
1.9682,-5.3111e-18
1.9694,-5.4588e-18
1.9706,-6.0239e-18
1.9717,-6.0417e-18
1.9729,-6.4724e-18
1.9741,-5.6753e-18
1.9753,-5.76e-18
1.9764,-5.4307e-18
1.9776,-5.4105e-18
1.9788,-4.9087e-18
1.9799,-5.5859e-18
1.9811,-5.4387e-18
1.9823,-5.1925e-18
1.9834,-4.6029e-18
1.9846,-4.8651e-18
1.9858,-4.2026e-18
1.9869,-3.8306e-18
1.9881,-3.0337e-18
1.9893,-2.6539e-18
1.9904,-2.8601e-18
1.9916,-3.0709e-18
1.9928,-3.0024e-18
1.9939,-2.3941e-18
1.9951,-2.9782e-18
1.9963,-3.4753e-18
1.9974,-4.3211e-18
1.9986,-4.6841e-18
1.9998,-5.0906e-18
2.0009,-5.0462e-18
2.0021,-5.5594e-18
2.0033,-6.2735e-18
2.0044,-6.9485e-18
2.0056,-7.4607e-18
2.0068,-7.0435e-18
2.0079,-7.4195e-18
2.0091,-8.2593e-18
2.0103,-8.0433e-18
2.0114,-7.8154e-18
2.0126,-7.1944e-18
2.0138,-8.0355e-18
2.0149,-8.3509e-18
2.0161,-9.1381e-18
2.0173,-8.764e-18
2.0184,-8.6529e-18
2.0196,-8.078e-18
2.0208,-8.0526e-18
2.0219,-8.2906e-18
2.0231,-8.485e-18
2.0243,-7.7733e-18
2.0254,-7.7728e-18
2.0266,-8.1146e-18
2.0278,-7.5081e-18
2.029,-6.8197e-18
2.0301,-6.6701e-18
2.0313,-5.9675e-18
2.0325,-6.1553e-18
2.0336,-6.7769e-18
2.0348,-6.7869e-18
2.036,-7.231e-18
2.0371,-7.89e-18
2.0383,-7.8063e-18
2.0395,-8.6069e-18
2.0406,-9.0068e-18
2.0418,-8.8977e-18
2.043,-8.3737e-18
2.0441,-8.3814e-18
2.0453,-8.326e-18
2.0465,-7.9909e-18
2.0476,-7.6393e-18
2.0488,-7.3733e-18
2.05,-6.851e-18
2.0511,-6.8313e-18
2.0523,-7.1127e-18
2.0535,-7.7202e-18
2.0546,-7.6974e-18
2.0558,-7.1136e-18
2.057,-7.0246e-18
2.0581,-6.837e-18
2.0593,-7.1348e-18
2.0605,-6.6242e-18
2.0616,-6.9545e-18
2.0628,-7.5689e-18
2.064,-6.7801e-18
2.0651,-6.4663e-18
2.0663,-6.556e-18
2.0675,-5.8335e-18
2.0686,-6.3162e-18
2.0698,-7.1655e-18
2.071,-7.6819e-18
2.0721,-8.1164e-18
2.0733,-7.9625e-18
2.0745,-7.2594e-18
2.0756,-6.7273e-18
2.0768,-6.5068e-18
2.078,-6.074e-18
2.0792,-5.5514e-18
2.0803,-5.4372e-18
2.0815,-6.0445e-18
2.0827,-5.923e-18
2.0838,-6.0434e-18
2.085,-5.8408e-18
2.0862,-6.3861e-18
2.0873,-5.7537e-18
2.0885,-6.1032e-18
2.0897,-5.7848e-18
2.0908,-5.5972e-18
2.092,-5.8051e-18
2.0932,-5.4199e-18
2.0943,-6.0383e-18
2.0955,-5.3873e-18
2.0967,-4.8629e-18
2.0978,-5.0268e-18
2.099,-5.2011e-18
2.1002,-5.5188e-18
2.1013,-4.7818e-18
2.1025,-4.5637e-18
2.1037,-3.875e-18
2.1048,-3.7143e-18
2.106,-3.6137e-18
2.1072,-3.0683e-18
2.1083,-2.6894e-18
2.1095,-2.456e-18
2.1107,-2.0638e-18
2.1118,-1.9982e-18
2.113,-1.5262e-18
2.1142,-1.9048e-18
2.1153,-2.2526e-18
2.1165,-2.4577e-18
2.1177,-2.4068e-18
2.1188,-1.7782e-18
2.12,-1.656e-18
2.1212,-1.2736e-18
2.1223,-1.813e-18
2.1235,-1.0088e-18
2.1247,-3.865e-19
2.1258,-4.2864e-19
2.127,1.6011e-19
2.1282,-5.1781e-19
2.1293,-3.8719e-19
2.1305,-6.9581e-19
2.1317,-1.1443e-18
2.1329,-1.9915e-18
2.134,-1.4398e-18
2.1352,-1.5023e-18
2.1364,-1.6654e-18
2.1375,-2.3965e-18
2.1387,-3.0842e-18
2.1399,-3.7425e-18
2.141,-3.6595e-18
2.1422,-4.4927e-18
2.1434,-3.8291e-18
2.1445,-4.4455e-18
2.1457,-4.1526e-18
2.1469,-4.8305e-18
2.148,-4.4789e-18
2.1492,-4.3874e-18
2.1504,-4.2722e-18
2.1515,-3.9541e-18
2.1527,-4.7467e-18
2.1539,-5.3841e-18
2.155,-4.9667e-18
2.1562,-5.0221e-18
2.1574,-5.2888e-18
2.1585,-4.8966e-18
2.1597,-4.0805e-18
2.1609,-3.5092e-18
2.162,-3.8822e-18
2.1632,-4.5965e-18
2.1644,-3.807e-18
2.1655,-4.1562e-18
2.1667,-4.5823e-18
2.1679,-3.9117e-18
2.169,-4.7002e-18
2.1702,-5.3347e-18
2.1714,-5.7665e-18
2.1725,-5.7645e-18
2.1737,-5.1751e-18
2.1749,-5.5732e-18
2.176,-4.9222e-18
2.1772,-4.0782e-18
2.1784,-3.2761e-18
2.1795,-3.2406e-18
2.1807,-3.4709e-18
2.1819,-3.22e-18
2.183,-2.4151e-18
2.1842,-1.7837e-18
2.1854,-1.9776e-18
2.1866,-1.4721e-18
2.1877,-1.2575e-18
2.1889,-1.5494e-18
2.1901,-2.2497e-18
2.1912,-2.8241e-18
2.1924,-3.5664e-18
2.1936,-3.5253e-18
2.1947,-4.3319e-18
2.1959,-4.2572e-18
2.1971,-3.9419e-18
2.1982,-4.4884e-18
2.1994,-5.102e-18
2.2006,-4.7923e-18
2.2017,-4.0993e-18
2.2029,-3.384e-18
2.2041,-3.0491e-18
2.2052,-2.7003e-18
2.2064,-2.5137e-18
2.2076,-1.8347e-18
2.2087,-2.1489e-18
2.2099,-2.7709e-18
2.2111,-2.6291e-18
2.2122,-2.7503e-18
2.2134,-3.5597e-18
2.2146,-3.2584e-18
2.2157,-3.125e-18
2.2169,-2.5775e-18
2.2181,-2.9141e-18
2.2192,-3.0213e-18
2.2204,-2.7648e-18
2.2216,-3.591e-18
2.2227,-2.8616e-18
2.2239,-3.5647e-18
2.2251,-3.9377e-18
2.2262,-4.0729e-18
2.2274,-4.4878e-18
2.2286,-4.9391e-18
2.2297,-4.3776e-18
2.2309,-4.3365e-18
2.2321,-4.9165e-18
2.2332,-4.2879e-18
2.2344,-4.0734e-18
2.2356,-3.7357e-18
2.2367,-4.5507e-18
2.2379,-5.0972e-18
2.2391,-5.1288e-18
2.2403,-5.4962e-18
2.2414,-5.1138e-18
2.2426,-4.7202e-18
2.2438,-5.4904e-18
2.2449,-6.2607e-18
2.2461,-7.0869e-18
2.2473,-7.6948e-18
2.2484,-8.3476e-18
2.2496,-8.6982e-18
2.2508,-8.1143e-18
2.2519,-8.0397e-18
2.2531,-8.0154e-18
2.2543,-7.7057e-18
2.2554,-7.0323e-18
2.2566,-7.6067e-18
2.2578,-7.297e-18
2.2589,-7.642e-18
2.2601,-6.9015e-18
2.2613,-7.627e-18
2.2624,-7.7482e-18
2.2636,-7.7798e-18
2.2648,-8.2199e-18
2.2659,-8.8167e-18
2.2671,-8.6301e-18
2.2683,-8.3876e-18
2.2694,-7.9436e-18
2.2706,-8.3278e-18
2.2718,-9.1372e-18
2.2729,-8.7044e-18
2.2741,-9.0438e-18
2.2753,-9.5511e-18
2.2764,-8.9001e-18
2.2776,-9.62e-18
2.2788,-8.9858e-18
2.2799,-8.8216e-18
2.2811,-9.0379e-18
2.2823,-8.8737e-18
2.2834,-8.5864e-18
2.2846,-8.12e-18
2.2858,-7.9335e-18
2.2869,-7.1482e-18
2.2881,-7.0791e-18
2.2893,-7.8717e-18
2.2905,-7.2599e-18
2.2916,-8.0581e-18
2.2928,-8.3863e-18
2.294,-8.4795e-18
2.2951,-8.8189e-18
2.2963,-9.3654e-18
2.2975,-8.8542e-18
2.2986,-8.3096e-18
2.2998,-9.0183e-18
2.301,-8.4568e-18
2.3021,-8.4101e-18
2.3033,-9.0852e-18
2.3045,-8.6692e-18
2.3056,-8.1917e-18
2.3068,-8.587e-18
2.308,-8.6019e-18
2.3091,-8.4209e-18
2.3103,-7.977e-18
2.3115,-7.1301e-18
2.3126,-7.615e-18
2.3138,-8.1558e-18
2.315,-8.7806e-18
2.3161,-9.2095e-18
2.3173,-9.437e-18
2.3185,-9.8939e-18
2.3196,-1.0356e-17
2.3208,-1.1093e-17
2.322,-1.0683e-17
2.3231,-1.0155e-17
2.3243,-9.7108e-18
2.3255,-9.5522e-18
2.3266,-1.0362e-17
2.3278,-1.069e-17
2.329,-1.047e-17
2.3301,-1.0943e-17
2.3313,-1.1591e-17
2.3325,-1.1471e-17
2.3336,-1.1699e-17
2.3348,-1.1624e-17
2.336,-1.2355e-17
2.3371,-1.3086e-17
2.3383,-1.2799e-17
2.3395,-1.3161e-17
2.3406,-1.4026e-17
2.3418,-1.3504e-17
2.343,-1.3407e-17
2.3442,-1.4003e-17
2.3453,-1.4276e-17
2.3465,-1.4056e-17
2.3477,-1.3902e-17
2.3488,-1.4555e-17
2.35,-1.3731e-17
2.3512,-1.4137e-17
2.3523,-1.4656e-17
2.3535,-1.5364e-17
2.3547,-1.5581e-17
2.3558,-1.6234e-17
2.357,-1.6584e-17
2.3582,-1.6521e-17
2.3593,-1.5707e-17
2.3605,-1.6215e-17
2.3617,-1.5692e-17
2.3628,-1.5786e-17
2.364,-1.5207e-17
2.3652,-1.4506e-17
2.3663,-1.3894e-17
2.3675,-1.3853e-17
2.3687,-1.4315e-17
2.3698,-1.4084e-17
2.371,-1.3786e-17
2.3722,-1.417e-17
2.3733,-1.4073e-17
2.3745,-1.4737e-17
2.3757,-1.5199e-17
2.3768,-1.5102e-17
2.378,-1.4826e-17
2.3792,-1.4729e-17
2.3803,-1.5225e-17
2.3815,-1.5688e-17
2.3827,-1.5221e-17
2.3838,-1.5426e-17
2.385,-1.6001e-17
2.3862,-1.5344e-17
2.3873,-1.5997e-17
2.3885,-1.6068e-17
2.3897,-1.6004e-17
2.3908,-1.5303e-17
2.392,-1.5329e-17
2.3932,-1.4896e-17
2.3943,-1.5291e-17
2.3955,-1.5161e-17
2.3967,-1.5668e-17
2.3979,-1.5616e-17
2.399,-1.4948e-17
2.4002,-1.4851e-17
2.4014,-1.4866e-17
2.4025,-1.5127e-17
2.4037,-1.5735e-17
2.4049,-1.5112e-17
2.406,-1.5619e-17
2.4072,-1.5287e-17
2.4084,-1.6108e-17
2.4095,-1.6078e-17
2.4107,-1.6316e-17
2.4119,-1.6287e-17
2.413,-1.6245e-17
2.4142,-1.701e-17
2.4154,-1.6376e-17
2.4165,-1.6749e-17
2.4177,-1.6003e-17
2.4189,-1.6846e-17
2.42,-1.7599e-17
2.4212,-1.7995e-17
2.4224,-1.7674e-17
2.4235,-1.7207e-17
2.4247,-1.7524e-17
2.4259,-1.7181e-17
2.427,-1.7106e-17
2.4282,-1.7748e-17
2.4294,-1.8211e-17
2.4305,-1.7744e-17
2.4317,-1.7009e-17
2.4329,-1.7774e-17
2.434,-1.7095e-17
2.4352,-1.6472e-17
2.4364,-1.5659e-17
2.4375,-1.5662e-17
2.4387,-1.5453e-17
2.4399,-1.5166e-17
2.441,-1.5024e-17
2.4422,-1.4826e-17
2.4434,-1.5513e-17
2.4445,-1.6121e-17
2.4457,-1.6393e-17
2.4469,-1.6162e-17
2.4481,-1.5908e-17
2.4492,-1.6617e-17
2.4504,-1.5982e-17
2.4516,-1.5885e-17
2.4527,-1.5699e-17
2.4539,-1.6385e-17
2.4551,-1.6937e-17
2.4562,-1.6157e-17
2.4574,-1.5423e-17
2.4586,-1.5381e-17
2.4597,-1.449e-17
2.4609,-1.4147e-17
2.4621,-1.3624e-17
2.4632,-1.3068e-17
2.4644,-1.2759e-17
2.4656,-1.3087e-17
2.4667,-1.3012e-17
2.4679,-1.3117e-17
2.4691,-1.2371e-17
2.4702,-1.2811e-17
2.4714,-1.3519e-17
2.4726,-1.2885e-17
2.4737,-1.3549e-17
2.4749,-1.3094e-17
2.4761,-1.2952e-17
2.4772,-1.2564e-17
2.4784,-1.1706e-17
2.4796,-1.1072e-17
2.4807,-1.1176e-17
2.4819,-1.1079e-17
2.4831,-1.0512e-17
2.4842,-1.0415e-17
2.4854,-9.6465e-18
2.4866,-9.1914e-18
2.4877,-8.6691e-18
2.4889,-8.8854e-18
2.4901,-8.2288e-18
2.4912,-7.4603e-18
2.4924,-6.8708e-18
2.4936,-7.2886e-18
2.4947,-6.7215e-18
2.4959,-7.363e-18
2.4971,-6.6617e-18
2.4982,-7.5047e-18
2.4994,-7.4524e-18
2.5006,-7.2882e-18
2.5018,-7.1911e-18
2.5029,-6.6241e-18
2.5041,-7.4447e-18
2.5053,-6.8552e-18
2.5064,-6.4448e-18
2.5076,-7.1983e-18
2.5088,-7.8399e-18
2.5099,-7.3623e-18
2.5111,-7.3324e-18
2.5123,-7.213e-18
2.5134,-7.1383e-18
2.5146,-7.9365e-18
2.5158,-7.4814e-18
2.5169,-8.2125e-18
2.5181,-8.1602e-18
2.5193,-7.7274e-18
2.5204,-8.4361e-18
2.5216,-9.1448e-18
2.5228,-8.3763e-18
2.5239,-8.2792e-18
2.5251,-8.2717e-18
2.5263,-8.5104e-18
2.5274,-8.8834e-18
2.5286,-9.234e-18
2.5298,-9.1369e-18
2.5309,-8.8832e-18
2.5321,-8.9652e-18
2.5333,-8.9577e-18
2.5344,-8.3011e-18
2.5356,-8.1817e-18
2.5368,-8.6442e-18
2.5379,-8.189e-18
2.5391,-8.8753e-18
2.5403,-8.174e-18
2.5414,-8.5469e-18
2.5426,-7.9351e-18
2.5438,-7.3233e-18
2.5449,-6.5995e-18
2.5461,-6.7263e-18
2.5473,-6.9874e-18
2.5484,-6.6665e-18
2.5496,-7.2857e-18
2.5508,-7.1662e-18
2.5519,-6.5992e-18
2.5531,-6.5693e-18
2.5543,-5.9798e-18
2.5555,-5.4575e-18
2.5566,-6.2781e-18
2.5578,-6.3377e-18
2.559,-6.5316e-18
2.5601,-5.7408e-18
2.5613,-6.5838e-18
2.5625,-7.3148e-18
2.5636,-7.4864e-18
2.5648,-6.5836e-18
2.566,-5.9494e-18
2.5671,-5.5837e-18
2.5683,-5.1286e-18
2.5695,-4.4496e-18
2.5706,-5.1583e-18
2.5718,-5.5984e-18
2.573,-5.7252e-18
2.5741,-6.0534e-18
2.5753,-6.7845e-18
2.5765,-6.3069e-18
2.5776,-6.2099e-18
2.5788,-6.2471e-18
2.58,-6.9558e-18
2.5811,-6.5902e-18
2.5823,-6.5155e-18
2.5835,-5.6351e-18
2.5846,-5.9857e-18
2.5858,-5.3515e-18
2.587,-5.3663e-18
2.5881,-5.4931e-18
2.5893,-5.4632e-18
2.5905,-6.1048e-18
2.5916,-6.5225e-18
2.5928,-7.1193e-18
2.594,-7.6042e-18
2.5951,-7.6862e-18
2.5963,-8.1263e-18
2.5975,-7.5368e-18
2.5986,-6.9698e-18
2.5998,-6.4475e-18
2.601,-7.2681e-18
2.6021,-7.9992e-18
2.6033,-8.8422e-18
2.6045,-8.0289e-18
2.6057,-7.9542e-18
2.6068,-8.6629e-18
2.608,-9.2821e-18
2.6092,-9.476e-18
2.6103,-9.1775e-18
2.6115,-9.1476e-18
2.6127,-8.4015e-18
2.6138,-8.2373e-18
2.615,-7.6255e-18
2.6162,-8.3118e-18
2.6173,-7.588e-18
2.6185,-8.2072e-18
2.6197,-8.1773e-18
2.6208,-8.4608e-18
2.622,-9.2814e-18
2.6232,-9.7886e-18
2.6243,-1.0117e-17
2.6255,-9.2588e-18
2.6267,-8.8036e-18
2.6278,-9.199e-18
2.629,-9.7734e-18
2.6302,-9.0944e-18
2.6313,-8.9078e-18
2.6325,-8.8556e-18
2.6337,-9.6314e-18
2.6348,-1.0094e-17
2.636,-1.0512e-17
2.6372,-1.1153e-17
2.6383,-1.1369e-17
2.6395,-1.2235e-17
2.6407,-1.2071e-17
2.6418,-1.1369e-17
2.643,-1.0534e-17
2.6442,-1.113e-17
2.6453,-1.0921e-17
2.6465,-1.125e-17
2.6477,-1.1175e-17
2.6488,-1.0697e-17
2.65,-1.1026e-17
2.6512,-1.0369e-17
2.6523,-1.0026e-17
2.6535,-1.0354e-17
2.6547,-1.104e-17
2.6558,-1.1771e-17
2.657,-1.2323e-17
2.6582,-1.2517e-17
2.6594,-1.3338e-17
2.6605,-1.286e-17
2.6617,-1.3144e-17
2.6629,-1.2487e-17
2.664,-1.2278e-17
2.6652,-1.3054e-17
2.6664,-1.2308e-17
2.6675,-1.1741e-17
2.6687,-1.2069e-17
2.6699,-1.186e-17
2.671,-1.2233e-17
2.6722,-1.2964e-17
2.6734,-1.2352e-17
2.6745,-1.2502e-17
2.6757,-1.2203e-17
2.6769,-1.2889e-17
2.678,-1.3531e-17
2.6792,-1.2919e-17
2.6804,-1.2084e-17
2.6815,-1.1964e-17
2.6827,-1.1621e-17
2.6839,-1.2352e-17
2.685,-1.2546e-17
2.6862,-1.2874e-17
2.6874,-1.3202e-17
2.6885,-1.3978e-17
2.6897,-1.4306e-17
2.6909,-1.4903e-17
2.692,-1.4739e-17
2.6932,-1.547e-17
2.6944,-1.5127e-17
2.6955,-1.5768e-17
2.6967,-1.5425e-17
2.6979,-1.5619e-17
2.699,-1.5723e-17
2.7002,-1.6275e-17
2.7014,-1.6022e-17
2.7025,-1.541e-17
2.7037,-1.5201e-17
2.7049,-1.4544e-17
2.706,-1.4604e-17
2.7072,-1.4037e-17
2.7084,-1.3783e-17
2.7095,-1.3306e-17
2.7107,-1.238e-17
2.7119,-1.3022e-17
2.7131,-1.344e-17
2.7142,-1.3723e-17
2.7154,-1.2932e-17
2.7166,-1.335e-17
2.7177,-1.238e-17
2.7189,-1.1768e-17
2.7201,-1.2141e-17
2.7212,-1.1485e-17
2.7224,-1.1141e-17
2.7236,-1.035e-17
2.7247,-1.1037e-17
2.7259,-1.1723e-17
2.7271,-1.1246e-17
2.7282,-1.1395e-17
2.7294,-1.1186e-17
2.7306,-1.1514e-17
2.7317,-1.1081e-17
2.7329,-1.0827e-17
2.7341,-1.1021e-17
2.7352,-1.0857e-17
2.7364,-1.1678e-17
2.7376,-1.2319e-17
2.7387,-1.2021e-17
2.7399,-1.208e-17
2.7411,-1.2274e-17
2.7422,-1.1752e-17
2.7434,-1.2528e-17
2.7446,-1.1603e-17
2.7457,-1.1304e-17
2.7469,-1.0871e-17
2.7481,-1.0618e-17
2.7492,-1.0991e-17
2.7504,-1.0379e-17
2.7516,-1.0841e-17
2.7527,-1.0498e-17
2.7539,-1.1229e-17
2.7551,-1.1065e-17
2.7562,-1.0453e-17
2.7574,-1.0826e-17
2.7586,-9.9905e-18
2.7597,-1.0005e-17
2.7609,-1.0468e-17
2.7621,-1.0393e-17
2.7633,-1.0184e-17
2.7644,-9.7067e-18
2.7656,-9.1396e-18
2.7668,-8.5726e-18
2.7679,-8.8113e-18
2.7691,-8.468e-18
2.7703,-8.6619e-18
2.7714,-8.2291e-18
2.7726,-8.8707e-18
2.7738,-8.0798e-18
2.7749,-8.7214e-18
2.7761,-9.0048e-18
2.7773,-8.393e-18
2.7784,-7.6916e-18
2.7796,-7.6169e-18
2.7808,-7.1394e-18
2.7819,-7.6019e-18
2.7831,-8.1092e-18
2.7843,-8.124e-18
2.7854,-8.0046e-18
2.7866,-7.5271e-18
2.7878,-7.2286e-18
2.7889,-6.8406e-18
2.7901,-6.4078e-18
2.7913,-6.9598e-18
2.7924,-6.1689e-18
2.7936,-6.8105e-18
2.7948,-6.9149e-18
2.7959,-6.8402e-18
2.7971,-7.6608e-18
2.7983,-7.1833e-18
2.7994,-6.3028e-18
2.8006,-6.3625e-18
2.8018,-6.243e-18
2.8029,-6.9294e-18
2.8041,-6.5413e-18
2.8053,-6.601e-18
2.8064,-7.2425e-18
2.8076,-7.7498e-18
2.8088,-7.9885e-18
2.8099,-8.4957e-18
2.8111,-8.5554e-18
2.8123,-8.3912e-18
2.8134,-8.9432e-18
2.8146,-9.6295e-18
2.8158,-1.0361e-17
2.817,-9.5697e-18
2.8181,-9.316e-18
2.8193,-8.928e-18
2.8205,-8.8085e-18
2.8216,-9.5396e-18
2.8228,-8.5697e-18
2.824,-9.2112e-18
2.8251,-9.3604e-18
2.8263,-8.5247e-18
2.8275,-8.271e-18
2.8286,-8.5992e-18
2.8298,-9.1065e-18
2.831,-9.1661e-18
2.8321,-8.599e-18
2.8333,-9.0615e-18
2.8345,-8.6735e-18
2.8356,-9.0913e-18
2.8368,-8.8375e-18
2.838,-8.9419e-18
2.8391,-8.912e-18
2.8403,-9.2402e-18
2.8415,-9.2103e-18
2.8426,-8.1508e-18
2.8438,-8.6581e-18
2.845,-8.0463e-18
2.8461,-7.1659e-18
2.8473,-6.5093e-18
2.8485,-5.9422e-18
2.8496,-5.8675e-18
2.8508,-5.6586e-18
2.852,-6.1658e-18
2.8531,-5.6883e-18
2.8543,-6.106e-18
2.8555,-6.8819e-18
2.8566,-6.5834e-18
2.8578,-6.2849e-18
2.859,-5.6283e-18
2.8601,-6.3146e-18
2.8613,-6.8219e-18
2.8625,-6.4339e-18
2.8636,-6.0459e-18
2.8648,-5.4788e-18
2.866,-5.3594e-18
2.8671,-4.7028e-18
2.8683,-3.7776e-18
2.8695,-4.4639e-18
2.8707,-4.434e-18
2.8718,-4.3146e-18
2.873,-3.4789e-18
2.8742,-3.0909e-18
2.8753,-2.3448e-18
2.8765,-1.7777e-18
2.8777,-2.1059e-18
2.8788,-1.5389e-18
2.88,-1.688e-18
2.8812,-1.9267e-18
2.8823,-1.8073e-18
2.8835,-2.225e-18
2.8847,-2.8218e-18
2.8858,-3.0605e-18
2.887,-2.5829e-18
2.8882,-2.9111e-18
2.8893,-1.8964e-18
2.8905,-2.3142e-18
2.8917,-2.5528e-18
2.8928,-2.9706e-18
2.894,-3.3883e-18
2.8952,-3.806e-18
2.8963,-2.9704e-18
2.8975,-1.9557e-18
2.8987,-1.2991e-18
2.8998,-1.0006e-18
2.901,-8.8117e-19
2.9022,-7.6174e-19
2.9033,-1.9467e-19
2.9045,-7.0193e-19
2.9057,-2.2439e-19
2.9068,6.1126e-19
2.908,6.4116e-19
2.9092,1.1187e-18
2.9103,1.8648e-18
2.9115,9.9946e-19
2.9127,8.503e-19
2.9138,1.3278e-18
2.915,9.1011e-19
2.9162,1.2981e-18
2.9173,1.7757e-18
2.9185,2.4323e-18
2.9197,2.0145e-18
2.9208,1.5073e-18
2.922,1.1791e-18
2.9232,6.7179e-19
2.9244,7.0169e-19
2.9255,1.5376e-20
2.9267,-3.1283e-19
2.9279,5.2282e-19
2.929,1.9461e-19
2.9302,1.3499e-19
2.9314,-3.7227e-19
2.9325,1.9479e-19
2.9337,4.0375e-19
2.9349,1.3289e-18
2.936,5.5309e-19
2.9372,6.7252e-19
2.9384,2.5478e-19
2.9395,5.5327e-19
2.9407,8.5175e-19
2.9419,1.4188e-18
2.943,2.344e-18
2.9442,2.732e-18
2.9454,2.2248e-18
2.9465,2.3442e-18
2.9477,2.195e-18
2.9489,2.7621e-18
2.95,2.8815e-18
2.9512,3.0905e-18
2.9524,3.4785e-18
2.9535,3.2398e-18
2.9547,3.3593e-18
2.9559,2.4939e-18
2.957,3.1505e-18
2.9582,2.7327e-18
2.9594,3.3893e-18
2.9605,3.1507e-18
2.9617,4.1654e-18
2.9629,3.7476e-18
2.964,4.2252e-18
2.9652,4.4341e-18
2.9664,3.8373e-18
2.9675,4.5835e-18
2.9687,4.9715e-18
2.9699,4.1956e-18
2.971,3.5093e-18
2.9722,4.2554e-18
2.9734,4.1958e-18
2.9746,4.1362e-18
2.9757,4.8823e-18
2.9769,4.5541e-18
2.9781,4.6735e-18
2.9792,3.9872e-18
2.9804,3.48e-18
2.9816,2.9727e-18
2.9827,3.9874e-18
2.9839,3.7487e-18
2.9851,4.4948e-18
2.9862,4.3457e-18
2.9874,4.5546e-18
2.9886,4.9427e-18
2.9897,4.6145e-18
2.9909,4.8234e-18
2.9921,4.6743e-18
2.9932,4.8832e-18
2.9944,4.1969e-18
2.9956,3.7792e-18
2.9967,3.3614e-18
2.9979,2.5856e-18
2.9991,2.3469e-18
3.0002,2.7349e-18
3.0014,3.1229e-18
3.0026,3.9586e-18
3.0037,3.1827e-18
3.0049,3.8393e-18
3.0061,3.3321e-18
3.0072,3.8991e-18
3.0084,4.2871e-18
3.0096,3.7799e-18
3.0107,3.5412e-18
3.0119,3.7502e-18
3.0131,3.6905e-18
3.0142,2.8252e-18
3.0154,2.9446e-18
3.0166,3.5117e-18
3.0177,4.0787e-18
3.0189,3.8401e-18
3.0201,4.6757e-18
3.0212,4.1684e-18
3.0224,5.0936e-18
3.0236,5.7502e-18
3.0247,5.1534e-18
3.0259,5.2729e-18
3.0271,5.8399e-18
3.0283,6.1384e-18
3.0294,6.0788e-18
3.0306,6.1087e-18
3.0318,6.3177e-18
3.0329,6.3476e-18
3.0341,6.9146e-18
3.0353,6.3178e-18
3.0364,6.0792e-18
3.0376,5.7509e-18
3.0388,6.5866e-18
3.0399,7.0641e-18
3.0411,6.1988e-18
3.0423,5.5124e-18
3.0434,6.3481e-18
3.0446,5.9304e-18
3.0458,5.6917e-18
3.0469,5.7216e-18
3.0481,6.5572e-18
3.0493,7.751e-18
3.0504,7.6914e-18
3.0516,8.348e-18
3.0528,7.9302e-18
3.0539,8.9449e-18
3.0551,9.2434e-18
3.0563,1.0258e-17
3.0574,9.9299e-18
3.0586,9.9598e-18
3.0598,1.0437e-17
3.0609,1.0557e-17
3.0621,1.1751e-17
3.0633,1.1064e-17
3.0644,1.0736e-17
3.0656,9.8707e-18
3.0668,1.0796e-17
3.0679,1.0647e-17
3.0691,1.0498e-17
3.0703,1.0975e-17
3.0714,1.1184e-17
3.0726,1.1035e-17
3.0738,1.1244e-17
3.0749,1.1811e-17
3.0761,1.1214e-17
3.0773,1.0796e-17
3.0784,1.1453e-17
3.0796,1.1125e-17
3.0808,1.1065e-17
3.082,1.1274e-17
3.0831,1.1214e-17
3.0843,1.0797e-17
3.0855,1.1274e-17
3.0866,1.1483e-17
3.0878,1.2229e-17
3.089,1.2617e-17
3.0901,1.2468e-17
3.0913,1.3035e-17
3.0925,1.2349e-17
3.0936,1.2737e-17
3.0948,1.2051e-17
3.096,1.2797e-17
3.0971,1.3722e-17
3.0983,1.4647e-17
3.0995,1.4677e-17
3.1006,1.4886e-17
3.1018,1.5632e-17
3.103,1.602e-17
3.1041,1.605e-17
3.1053,1.5543e-17
3.1065,1.5394e-17
3.1076,1.5065e-17
3.1088,1.5095e-17
3.11,1.5841e-17
3.1111,1.6229e-17
3.1123,1.5901e-17
3.1135,1.611e-17
3.1146,1.6677e-17
3.1158,1.5812e-17
3.117,1.6379e-17
3.1181,1.7483e-17
3.1193,1.805e-17
3.1205,1.7185e-17
3.1216,1.632e-17
3.1228,1.5275e-17
3.124,1.6021e-17
3.1251,1.5514e-17
3.1263,1.5365e-17
3.1275,1.5932e-17
3.1286,1.632e-17
3.1298,1.6171e-17
3.131,1.7096e-17
3.1322,1.641e-17
3.1333,1.644e-17
3.1345,1.6111e-17
3.1357,1.5246e-17
3.1368,1.4739e-17
3.138,1.5664e-17
3.1392,1.5336e-17
3.1403,1.5724e-17
3.1415,1.5754e-17
3.1427,1.6679e-17
3.1438,1.6351e-17
3.145,1.6739e-17
3.1462,1.6768e-17
3.1473,1.6619e-17
3.1485,1.6828e-17
3.1497,1.5963e-17
3.1508,1.5456e-17
3.152,1.6202e-17
3.1532,1.5874e-17
3.1543,1.6799e-17
3.1555,1.7724e-17
3.1567,1.8291e-17
3.1578,1.7247e-17
3.159,1.7635e-17
3.1602,1.6948e-17
3.1613,1.662e-17
3.1625,1.665e-17
3.1637,1.6322e-17
3.1648,1.5456e-17
3.166,1.4412e-17
3.1672,1.5337e-17
3.1683,1.483e-17
3.1695,1.4323e-17
3.1707,1.4173e-17
3.1718,1.3308e-17
3.173,1.4233e-17
3.1742,1.4442e-17
3.1753,1.3935e-17
3.1765,1.486e-17
3.1777,1.4353e-17
3.1788,1.4562e-17
3.18,1.4413e-17
3.1812,1.5338e-17
3.1823,1.5547e-17
3.1835,1.5219e-17
3.1847,1.5248e-17
3.1859,1.6174e-17
3.187,1.7099e-17
3.1882,1.7308e-17
3.1894,1.7517e-17
3.1905,1.8442e-17
3.1917,1.9009e-17
3.1929,1.9755e-17
3.194,1.9785e-17
3.1952,1.9815e-17
3.1964,2.0203e-17
3.1975,1.9696e-17
3.1987,1.9188e-17
3.1999,1.9039e-17
3.201,1.9964e-17
3.2022,2.0532e-17
3.2034,2.1457e-17
3.2045,2.2382e-17
3.2057,2.2591e-17
3.2069,2.2084e-17
3.208,2.1576e-17
3.2092,2.2143e-17
3.2104,2.271e-17
3.2115,2.2561e-17
3.2127,2.277e-17
3.2139,2.2263e-17
3.215,2.2293e-17
3.2162,2.3039e-17
3.2174,2.2174e-17
3.2185,2.2024e-17
3.2197,2.1517e-17
3.2209,2.2801e-17
3.222,2.2472e-17
3.2232,2.286e-17
3.2244,2.3248e-17
3.2255,2.3099e-17
3.2267,2.2771e-17
3.2279,2.3338e-17
3.229,2.2473e-17
3.2302,2.2682e-17
3.2314,2.3607e-17
3.2325,2.4532e-17
3.2337,2.4025e-17
3.2349,2.3338e-17
3.236,2.2294e-17
3.2372,2.1966e-17
3.2384,2.2712e-17
3.2396,2.2742e-17
3.2407,2.2235e-17
3.2419,2.2802e-17
3.2431,2.3011e-17
3.2442,2.2503e-17
3.2454,2.1996e-17
3.2466,2.1668e-17
3.2477,2.2056e-17
3.2489,2.2623e-17
3.2501,2.2295e-17
3.2512,2.2862e-17
3.2524,2.3071e-17
3.2536,2.2384e-17
3.2547,2.2414e-17
3.2559,2.3698e-17
3.2571,2.3907e-17
3.2582,2.3578e-17
3.2594,2.4324e-17
3.2606,2.5966e-17
3.2617,2.5817e-17
3.2629,2.5309e-17
3.2641,2.6235e-17
3.2652,2.6086e-17
3.2664,2.6474e-17
3.2676,2.6503e-17
3.2687,2.7608e-17
3.2699,2.7638e-17
3.2711,2.7667e-17
3.2722,2.716e-17
3.2734,2.6653e-17
3.2746,2.7399e-17
3.2757,2.7429e-17
3.2769,2.7101e-17
3.2781,2.7489e-17
3.2792,2.7698e-17
3.2804,2.8444e-17
3.2816,2.9548e-17
3.2827,2.9578e-17
3.2839,2.9966e-17
3.2851,2.9101e-17
3.2862,2.8951e-17
3.2874,2.9519e-17
3.2886,3.0802e-17
3.2898,3.0474e-17
3.2909,3.1041e-17
3.2921,3.1966e-17
3.2933,3.1817e-17
3.2944,3.2742e-17
3.2956,3.2235e-17
3.2968,3.316e-17
3.2979,3.319e-17
3.2991,3.3399e-17
3.3003,3.3608e-17
3.3014,3.4533e-17
3.3026,3.4026e-17
3.3038,3.4593e-17
3.3049,3.4623e-17
3.3061,3.519e-17
3.3073,3.5757e-17
3.3084,3.4712e-17
3.3096,3.5458e-17
3.3108,3.5846e-17
3.3119,3.6772e-17
3.3131,3.6443e-17
3.3143,3.6473e-17
3.3154,3.7577e-17
3.3166,3.6891e-17
3.3178,3.6563e-17
3.3189,3.6951e-17
3.3201,3.6265e-17
3.3213,3.5936e-17
3.3224,3.5608e-17
3.3236,3.6892e-17
3.3248,3.728e-17
3.3259,3.7847e-17
3.3271,3.7697e-17
3.3283,3.8444e-17
3.3294,3.8473e-17
3.3306,3.9936e-17
3.3318,4.0682e-17
3.3329,3.9817e-17
3.3341,4.0384e-17
3.3353,4.0951e-17
3.3364,4.0443e-17
3.3376,4.0652e-17
3.3388,4.0503e-17
3.3399,4.107e-17
3.3411,4.1279e-17
3.3423,4.1488e-17
3.3435,4.0981e-17
3.3446,4.119e-17
3.3458,4.1399e-17
3.347,4.2324e-17
3.3481,4.2533e-17
3.3493,4.2742e-17
3.3505,4.3667e-17
3.3516,4.2444e-17
3.3528,4.1578e-17
3.354,4.1429e-17
3.3551,4.0564e-17
3.3563,4.0057e-17
3.3575,3.9549e-17
3.3586,4.0116e-17
3.3598,4.14e-17
3.361,4.2683e-17
3.3621,4.2892e-17
3.3633,4.3101e-17
3.3645,4.2235e-17
3.3656,4.2803e-17
3.3668,4.1937e-17
3.368,4.2146e-17
3.3691,4.2713e-17
3.3703,4.2564e-17
3.3715,4.2773e-17
3.3726,4.2982e-17
3.3738,4.3191e-17
3.375,4.3042e-17
3.3761,4.3251e-17
3.3773,4.3818e-17
3.3785,4.4027e-17
3.3796,4.4952e-17
3.3808,4.5877e-17
3.382,4.5728e-17
3.3831,4.5579e-17
3.3843,4.6146e-17
3.3855,4.7429e-17
3.3866,4.728e-17
3.3878,4.8205e-17
3.389,4.8772e-17
3.3901,4.8623e-17
3.3913,4.8474e-17
3.3925,4.9041e-17
3.3936,4.8892e-17
3.3948,4.731e-17
3.396,4.7877e-17
3.3972,4.737e-17
3.3983,4.6863e-17
3.3995,4.6714e-17
3.4007,4.6206e-17
3.4018,4.6773e-17
3.403,4.6982e-17
3.4042,4.7549e-17
3.4053,4.7758e-17
3.4065,4.7967e-17
3.4077,4.8176e-17
3.4088,4.8385e-17
3.41,5.0027e-17
3.4112,4.9878e-17
3.4123,5.0803e-17
3.4135,5.1012e-17
3.4147,5.0504e-17
3.4158,5.0713e-17
3.417,5.0564e-17
3.4182,5.1489e-17
3.4193,5.2056e-17
3.4205,5.2624e-17
3.4217,5.2833e-17
3.4228,5.3041e-17
3.424,5.325e-17
3.4252,5.2743e-17
3.4263,5.2952e-17
3.4275,5.2445e-17
3.4287,5.2654e-17
3.4298,5.3937e-17
3.431,5.5579e-17
3.4322,5.5787e-17
3.4333,5.6713e-17
3.4345,5.6922e-17
3.4357,5.7489e-17
3.4368,5.7698e-17
3.438,5.8265e-17
3.4392,5.9548e-17
3.4403,5.8683e-17
3.4415,5.9608e-17
3.4427,6.0175e-17
3.4438,6.0742e-17
3.445,6.2741e-17
3.4462,6.1876e-17
3.4473,6.2443e-17
3.4485,6.3726e-17
3.4497,6.4294e-17
3.4509,6.5935e-17
3.452,6.5786e-17
3.4532,6.5637e-17
3.4544,6.692e-17
3.4555,6.7487e-17
3.4567,6.8412e-17
3.4579,6.7905e-17
3.459,6.9188e-17
3.4602,6.9397e-17
3.4614,7.068e-17
3.4625,7.0531e-17
3.4637,7.1456e-17
3.4649,7.0949e-17
3.466,7.1516e-17
3.4672,7.2441e-17
3.4684,7.3367e-17
3.4695,7.3576e-17
3.4707,7.4859e-17
3.4719,7.5068e-17
3.473,7.5635e-17
3.4742,7.7276e-17
3.4754,7.7485e-17
3.4765,7.7694e-17
3.4777,7.7903e-17
3.4789,7.8828e-17
3.48,7.8321e-17
3.4812,8.0321e-17
3.4824,8.053e-17
3.4835,8.0739e-17
3.4847,8.0589e-17
3.4859,8.044e-17
3.487,8.0649e-17
3.4882,8.1574e-17
3.4894,8.2141e-17
3.4905,8.1992e-17
3.4917,8.3276e-17
3.4929,8.3126e-17
3.494,8.3335e-17
3.4952,8.3902e-17
3.4964,8.5186e-17
3.4975,8.6111e-17
3.4987,8.632e-17
3.4999,8.7961e-17
3.5011,8.8528e-17
3.5022,8.9095e-17
3.5034,8.8946e-17
3.5046,8.8797e-17
3.5057,8.9364e-17
3.5069,8.9931e-17
3.5081,9.1215e-17
3.5092,9.1782e-17
3.5104,9.2349e-17
3.5116,9.3632e-17
3.5127,9.4199e-17
3.5139,9.405e-17
3.5151,9.3184e-17
3.5162,9.4468e-17
3.5174,9.5035e-17
3.5186,9.4886e-17
3.5197,9.5095e-17
3.5209,9.5304e-17
3.5221,9.5154e-17
3.5232,9.5722e-17
3.5244,9.5572e-17
3.5256,9.5065e-17
3.5267,9.6707e-17
3.5279,9.6199e-17
3.5291,9.7124e-17
3.5302,9.8408e-17
3.5314,9.8975e-17
3.5326,9.8826e-17
3.5337,9.9393e-17
3.5349,9.9244e-17
3.5361,1.0053e-16
3.5372,1.0217e-16
3.5384,1.0184e-16
3.5396,1.0205e-16
3.5407,1.0208e-16
3.5419,1.0247e-16
3.5431,1.0321e-16
3.5442,1.0342e-16
3.5454,1.0399e-16
3.5466,1.0438e-16
3.5477,1.0369e-16
3.5489,1.0462e-16
3.5501,1.0393e-16
3.5512,1.0468e-16
3.5524,1.0471e-16
3.5536,1.0563e-16
3.5548,1.0691e-16
3.5559,1.0784e-16
3.5571,1.093e-16
3.5583,1.1041e-16
3.5594,1.099e-16
3.5606,1.1011e-16
3.5618,1.1103e-16
3.5629,1.1088e-16
3.5641,1.1127e-16
3.5653,1.1148e-16
3.5664,1.1169e-16
3.5676,1.1154e-16
3.5688,1.1139e-16
3.5699,1.1178e-16
3.5711,1.1235e-16
3.5723,1.1238e-16
3.5734,1.1312e-16
3.5746,1.1423e-16
3.5758,1.1354e-16
3.5769,1.1429e-16
3.5781,1.1575e-16
3.5793,1.1632e-16
3.5804,1.167e-16
3.5816,1.1602e-16
3.5828,1.1641e-16
3.5839,1.1644e-16
3.5851,1.1682e-16
3.5863,1.1614e-16
3.5874,1.1527e-16
3.5886,1.162e-16
3.5898,1.1623e-16
3.5909,1.1572e-16
3.5921,1.1521e-16
3.5933,1.1453e-16
3.5944,1.1366e-16
3.5956,1.1459e-16
3.5968,1.1497e-16
3.5979,1.1608e-16
3.5991,1.1682e-16
3.6003,1.1864e-16
3.6014,1.1778e-16
3.6026,1.1799e-16
3.6038,1.1891e-16
3.6049,1.1805e-16
3.6061,1.1844e-16
3.6073,1.1882e-16
3.6085,1.1832e-16
3.6096,1.1924e-16
3.6108,1.1873e-16
3.612,1.1859e-16
3.6131,1.1915e-16
3.6143,1.19e-16
3.6155,1.1957e-16
3.6166,1.2085e-16
3.6178,1.2035e-16
3.619,1.202e-16
3.6201,1.1933e-16
3.6213,1.1936e-16
3.6225,1.1975e-16
3.6236,1.2032e-16
3.6248,1.1981e-16
3.626,1.2056e-16
3.6271,1.2112e-16
3.6283,1.2062e-16
3.6295,1.1975e-16
3.6306,1.2085e-16
3.6318,1.1999e-16
3.633,1.1966e-16
3.6341,1.2059e-16
3.6353,1.2026e-16
3.6365,1.1993e-16
3.6376,1.2014e-16
3.6388,1.2035e-16
3.64,1.2038e-16
3.6411,1.213e-16
3.6423,1.208e-16
3.6435,1.219e-16
3.6446,1.2229e-16
3.6458,1.2268e-16
3.647,1.2342e-16
3.6481,1.2417e-16
3.6493,1.242e-16
3.6505,1.2459e-16
3.6516,1.2569e-16
3.6528,1.2697e-16
3.654,1.2647e-16
3.6551,1.2614e-16
3.6563,1.2653e-16
3.6575,1.262e-16
3.6587,1.273e-16
3.6598,1.2662e-16
3.661,1.2718e-16
3.6622,1.2721e-16
3.6633,1.2724e-16
3.6645,1.2727e-16
3.6657,1.2677e-16
3.6668,1.2697e-16
3.668,1.2718e-16
3.6692,1.2811e-16
3.6703,1.276e-16
3.6715,1.2853e-16
3.6727,1.2766e-16
3.6738,1.2751e-16
3.675,1.2772e-16
3.6762,1.2793e-16
3.6773,1.2742e-16
3.6785,1.2799e-16
3.6797,1.2874e-16
3.6808,1.2912e-16
3.682,1.2969e-16
3.6832,1.2847e-16
3.6843,1.2886e-16
3.6855,1.2996e-16
3.6867,1.3071e-16
3.6878,1.2984e-16
3.689,1.2897e-16
3.6902,1.2811e-16
3.6913,1.2832e-16
3.6925,1.2763e-16
3.6937,1.2838e-16
3.6948,1.2912e-16
3.696,1.2915e-16
3.6972,1.299e-16
3.6983,1.3029e-16
3.6995,1.2978e-16
3.7007,1.3071e-16
3.7018,1.302e-16
3.703,1.3077e-16
3.7042,1.3044e-16
3.7053,1.3047e-16
3.7065,1.2996e-16
3.7077,1.2981e-16
3.7088,1.3074e-16
3.71,1.3112e-16
3.7112,1.3098e-16
3.7124,1.3056e-16
3.7135,1.3014e-16
3.7147,1.3107e-16
3.7159,1.3154e-16
3.717,1.3211e-16
3.7182,1.3303e-16
3.7194,1.3342e-16
3.7205,1.3318e-16
3.7217,1.333e-16
3.7229,1.328e-16
3.724,1.3202e-16
3.7252,1.3142e-16
3.7264,1.3083e-16
3.7275,1.313e-16
3.7287,1.3214e-16
3.7299,1.3244e-16
3.731,1.3327e-16
3.7322,1.3402e-16
3.7334,1.3468e-16
3.7345,1.3533e-16
3.7357,1.359e-16
3.7369,1.3521e-16
3.738,1.348e-16
3.7392,1.3438e-16
3.7404,1.3521e-16
3.7415,1.3462e-16
3.7427,1.3366e-16
3.7439,1.3387e-16
3.745,1.339e-16
3.7462,1.3492e-16
3.7474,1.3548e-16
3.7485,1.348e-16
3.7497,1.3474e-16
3.7509,1.3423e-16
3.752,1.3417e-16
3.7532,1.3447e-16
3.7544,1.3387e-16
3.7555,1.3354e-16
3.7567,1.3268e-16
3.7579,1.3316e-16
3.759,1.322e-16
3.7602,1.3205e-16
3.7614,1.3146e-16
3.7625,1.3068e-16
3.7637,1.308e-16
3.7649,1.3155e-16
3.7661,1.3122e-16
3.7672,1.3125e-16
3.7684,1.3074e-16
3.7696,1.3005e-16
3.7707,1.2928e-16
3.7719,1.2904e-16
3.7731,1.2961e-16
3.7742,1.2981e-16
3.7754,1.3056e-16
3.7766,1.3113e-16
3.7777,1.3098e-16
3.7789,1.3137e-16
3.7801,1.314e-16
3.7812,1.325e-16
3.7824,1.3298e-16
3.7836,1.3256e-16
3.7847,1.3232e-16
3.7859,1.3316e-16
3.7871,1.331e-16
3.7882,1.3223e-16
3.7894,1.319e-16
3.7906,1.3193e-16
3.7917,1.317e-16
3.7929,1.3155e-16
3.7941,1.3229e-16
3.7952,1.3232e-16
3.7964,1.3235e-16
3.7976,1.322e-16
3.7987,1.3223e-16
3.7999,1.3244e-16
3.8011,1.3211e-16
3.8022,1.3286e-16
3.8034,1.3316e-16
3.8046,1.3417e-16
3.8057,1.3322e-16
3.8069,1.3432e-16
3.8081,1.3489e-16
3.8092,1.3519e-16
3.8104,1.3477e-16
3.8116,1.3426e-16
3.8127,1.3501e-16
3.8139,1.3495e-16
3.8151,1.3471e-16
3.8163,1.3555e-16
3.8174,1.3602e-16
3.8186,1.3534e-16
3.8198,1.351e-16
3.8209,1.3549e-16
3.8221,1.3623e-16
3.8233,1.3582e-16
3.8244,1.3656e-16
3.8256,1.3614e-16
3.8268,1.3617e-16
3.8279,1.3567e-16
3.8291,1.3552e-16
3.8303,1.3573e-16
3.8314,1.3576e-16
3.8326,1.3507e-16
3.8338,1.3501e-16
3.8349,1.3495e-16
3.8361,1.3453e-16
3.8373,1.3447e-16
3.8384,1.3504e-16
3.8396,1.3435e-16
3.8408,1.3474e-16
3.8419,1.3459e-16
3.8431,1.3552e-16
3.8443,1.3492e-16
3.8454,1.3567e-16
3.8466,1.3615e-16
3.8478,1.3689e-16
3.8489,1.3773e-16
3.8501,1.3731e-16
3.8513,1.3761e-16
3.8524,1.3755e-16
3.8536,1.3794e-16
3.8548,1.385e-16
3.8559,1.3952e-16
3.8571,1.3874e-16
3.8583,1.3886e-16
3.8594,1.3898e-16
3.8606,1.3919e-16
3.8618,1.3994e-16
3.8629,1.4077e-16
3.8641,1.4017e-16
3.8653,1.4012e-16
3.8664,1.3952e-16
3.8676,1.4017e-16
3.8688,1.3994e-16
3.87,1.397e-16
3.8711,1.3946e-16
3.8723,1.3958e-16
3.8735,1.397e-16
3.8746,1.3946e-16
3.8758,1.3922e-16
3.877,1.4006e-16
3.8781,1.4018e-16
3.8793,1.4021e-16
3.8805,1.397e-16
3.8816,1.3982e-16
3.8828,1.403e-16
3.884,1.4077e-16
3.8851,1.4125e-16
3.8863,1.4137e-16
3.8875,1.4185e-16
3.8886,1.4215e-16
3.8898,1.4244e-16
3.891,1.4185e-16
3.8921,1.4161e-16
3.8933,1.403e-16
3.8945,1.4059e-16
3.8956,1.4053e-16
3.8968,1.403e-16
3.898,1.4095e-16
3.8991,1.4107e-16
3.9003,1.4209e-16
3.9015,1.431e-16
3.9026,1.4215e-16
3.9038,0.00099905
3.905,0.0026614
3.9061,0.0036996
3.9073,0.0045644
3.9085,0.0061545
3.9096,0.0084407
3.9108,0.011204
3.912,0.014494
3.9131,0.018025
3.9143,0.021469
3.9155,0.025023
3.9166,0.02891
3.9178,0.033017
3.919,0.037321
3.9201,0.041999
3.9213,0.046946
3.9225,0.051848
3.9237,0.056643
3.9248,0.061473
3.926,0.066447
3.9272,0.071689
3.9283,0.077333
3.9295,0.08335
3.9307,0.089553
3.9318,0.095745
3.933,0.10179
3.9342,0.10771
3.9353,0.11366
3.9365,0.11985
3.9377,0.12631
3.9388,0.13296
3.94,0.13969
3.9412,0.14644
3.9423,0.15323
3.9435,0.16009
3.9447,0.16709
3.9458,0.17423
3.947,0.18147
3.9482,0.18881
3.9493,0.19625
3.9505,0.20379
3.9517,0.21143
3.9528,0.21911
3.954,0.22678
3.9552,0.23445
3.9563,0.2422
3.9575,0.25014
3.9587,0.25827
3.9598,0.26652
3.961,0.27479
3.9622,0.28302
3.9633,0.29123
3.9645,0.29947
3.9657,0.30781
3.9668,0.31629
3.968,0.32489
3.9692,0.33354
3.9703,0.34216
3.9715,0.35078
3.9727,0.35946
3.9739,0.36828
3.975,0.37723
3.9762,0.38625
3.9774,0.3953
3.9785,0.40437
3.9797,0.41343
3.9809,0.42252
3.982,0.43165
3.9832,0.44083
3.9844,0.45008
3.9855,0.4594
3.9867,0.46877
3.9879,0.47819
3.989,0.48767
3.9902,0.49721
3.9914,0.50681
3.9925,0.51643
3.9937,0.52608
3.9949,0.53574
3.996,0.5454
3.9972,0.55509
3.9984,0.56482
3.9995,0.5746
4.0007,0.58444
4.0019,0.59434
4.003,0.60429
4.0042,0.61428
4.0054,0.6243
4.0065,0.63434
4.0077,0.6444
4.0089,0.65446
4.01,0.66454
4.0112,0.67465
4.0124,0.68479
4.0135,0.69494
4.0147,0.7051
4.0159,0.71528
4.017,0.72551
4.0182,0.73579
4.0194,0.74614
4.0205,0.75653
4.0217,0.76693
4.0229,0.77733
4.024,0.78769
4.0252,0.79807
4.0264,0.80849
4.0276,0.81897
4.0287,0.82951
4.0299,0.84006
4.0311,0.85061
4.0322,0.86114
4.0334,0.87166
4.0346,0.8822
4.0357,0.89277
4.0369,0.90336
4.0381,0.91395
4.0392,0.92454
4.0404,0.9351
4.0416,0.94566
4.0427,0.95624
4.0439,0.96686
4.0451,0.97751
4.0462,0.9882
4.0474,0.99891
4.0486,1.0096
4.0497,1.0204
4.0509,1.0311
4.0521,1.0419
4.0532,1.0526
4.0544,1.0633
4.0556,1.074
4.0567,1.0847
4.0579,1.0954
4.0591,1.1061
4.0602,1.1168
4.0614,1.1275
4.0626,1.1383
4.0637,1.149
4.0649,1.1597
4.0661,1.1704
4.0672,1.1811
4.0684,1.1918
4.0696,1.2025
4.0707,1.2131
4.0719,1.2238
4.0731,1.2344
4.0742,1.2451
4.0754,1.2558
4.0766,1.2664
4.0777,1.2771
4.0789,1.2877
4.0801,1.2983
4.0813,1.3089
4.0824,1.3195
4.0836,1.3301
4.0848,1.3407
4.0859,1.3512
4.0871,1.3618
4.0883,1.3722
4.0894,1.3827
4.0906,1.3932
4.0918,1.4036
4.0929,1.414
4.0941,1.4245
4.0953,1.4349
4.0964,1.4452
4.0976,1.4556
4.0988,1.4658
4.0999,1.4761
4.1011,1.4863
4.1023,1.4965
4.1034,1.5066
4.1046,1.5168
4.1058,1.5269
4.1069,1.537
4.1081,1.547
4.1093,1.557
4.1104,1.5669
4.1116,1.5768
4.1128,1.5867
4.1139,1.5965
4.1151,1.6063
4.1163,1.6159
4.1174,1.6256
4.1186,1.6351
4.1198,1.6447
4.1209,1.6542
4.1221,1.6636
4.1233,1.673
4.1244,1.6822
4.1256,1.6913
4.1268,1.7003
4.1279,1.7092
4.1291,1.718
4.1303,1.7268
4.1314,1.7355
4.1326,1.744
4.1338,1.7525
4.135,1.7608
4.1361,1.7692
4.1373,1.7774
4.1385,1.7857
4.1396,1.7939
4.1408,1.8021
4.142,1.8101
4.1431,1.8182
4.1443,1.8261
4.1455,1.834
4.1466,1.8419
4.1478,1.8498
4.149,1.8576
4.1501,1.8655
4.1513,1.8732
4.1525,1.8809
4.1536,1.8886
4.1548,1.8962
4.156,1.9037
4.1571,1.9113
4.1583,1.9188
4.1595,1.9263
4.1606,1.9338
4.1618,1.9412
4.163,1.9485
4.1641,1.9559
4.1653,1.9632
4.1665,1.9704
4.1676,1.9777
4.1688,1.9849
4.17,1.9921
4.1711,1.9992
4.1723,2.0063
4.1735,2.0134
4.1746,2.0205
4.1758,2.0275
4.177,2.0346
4.1781,2.0416
4.1793,2.0486
4.1805,2.0556
4.1816,2.0625
4.1828,2.0694
4.184,2.0763
4.1852,2.0831
4.1863,2.09
4.1875,2.0968
4.1887,2.1035
4.1898,2.1103
4.191,2.117
4.1922,2.1237
4.1933,2.1304
4.1945,2.137
4.1957,2.1437
4.1968,2.1503
4.198,2.157
4.1992,2.1636
4.2003,2.1701
4.2015,2.1766
4.2027,2.1832
4.2038,2.1896
4.205,2.1961
4.2062,2.2025
4.2073,2.209
4.2085,2.2154
4.2097,2.2218
4.2108,2.2282
4.212,2.2345
4.2132,2.2409
4.2143,2.2472
4.2155,2.2536
4.2167,2.2599
4.2178,2.2662
4.219,2.2724
4.2202,2.2787
4.2213,2.2849
4.2225,2.2911
4.2237,2.2973
4.2248,2.3035
4.226,2.3097
4.2272,2.3158
4.2283,2.322
4.2295,2.3281
4.2307,2.3342
4.2318,2.3402
4.233,2.3463
4.2342,2.3523
4.2353,2.3584
4.2365,2.3644
4.2377,2.3704
4.2389,2.3764
4.24,2.3824
4.2412,2.3883
4.2424,2.3943
4.2435,2.4002
4.2447,2.4062
4.2459,2.4121
4.247,2.418
4.2482,2.4239
4.2494,2.4297
4.2505,2.4356
4.2517,2.4415
4.2529,2.4473
4.254,2.4531
4.2552,2.459
4.2564,2.4648
4.2575,2.4706
4.2587,2.4763
4.2599,2.4821
4.261,2.4878
4.2622,2.4935
4.2634,2.4992
4.2645,2.5049
4.2657,2.5105
4.2669,2.5162
4.268,2.5219
4.2692,2.5275
4.2704,2.5332
4.2715,2.5388
4.2727,2.5445
4.2739,2.5501
4.275,2.5557
4.2762,2.5613
4.2774,2.5669
4.2785,2.5724
4.2797,2.578
4.2809,2.5835
4.282,2.5891
4.2832,2.5946
4.2844,2.6001
4.2855,2.6056
4.2867,2.6111
4.2879,2.6166
4.289,2.622
4.2902,2.6275
4.2914,2.6329
4.2926,2.6384
4.2937,2.6438
4.2949,2.6492
4.2961,2.6546
4.2972,2.66
4.2984,2.6654
4.2996,2.6707
4.3007,2.6761
4.3019,2.6815
4.3031,2.6868
4.3042,2.6922
4.3054,2.6975
4.3066,2.7028
4.3077,2.7081
4.3089,2.7134
4.3101,2.7187
4.3112,2.724
4.3124,2.7293
4.3136,2.7345
4.3147,2.7398
4.3159,2.7451
4.3171,2.7503
4.3182,2.7555
4.3194,2.7608
4.3206,2.766
4.3217,2.7712
4.3229,2.7764
4.3241,2.7815
4.3252,2.7867
4.3264,2.7919
4.3276,2.797
4.3287,2.8022
4.3299,2.8073
4.3311,2.8125
4.3322,2.8176
4.3334,2.8227
4.3346,2.8278
4.3357,2.8329
4.3369,2.838
4.3381,2.843
4.3392,2.8481
4.3404,2.8532
4.3416,2.8583
4.3428,2.8633
4.3439,2.8684
4.3451,2.8735
4.3463,2.8785
4.3474,2.8835
4.3486,2.8886
4.3498,2.8936
4.3509,2.8986
4.3521,2.9036
4.3533,2.9085
4.3544,2.9135
4.3556,2.9185
4.3568,2.9234
4.3579,2.9284
4.3591,2.9333
4.3603,2.9382
4.3614,2.9432
4.3626,2.9481
4.3638,2.953
4.3649,2.9579
4.3661,2.9628
4.3673,2.9677
4.3684,2.9726
4.3696,2.9775
4.3708,2.9824
4.3719,2.9873
4.3731,2.9921
4.3743,2.997
4.3754,3.0019
4.3766,3.0067
4.3778,3.0116
4.3789,3.0164
4.3801,3.0212
4.3813,3.026
4.3824,3.0309
4.3836,3.0357
4.3848,3.0405
4.3859,3.0453
4.3871,3.05
4.3883,3.0548
4.3894,3.0596
4.3906,3.0644
4.3918,3.0691
4.3929,3.0739
4.3941,3.0786
4.3953,3.0833
4.3965,3.0881
4.3976,3.0928
4.3988,3.0975
4.4,3.1022
4.4011,3.1069
4.4023,3.1116
4.4035,3.1163
4.4046,3.121
4.4058,3.1257
4.407,3.1304
4.4081,3.1351
4.4093,3.1398
4.4105,3.1445
4.4116,3.1491
4.4128,3.1538
4.414,3.1584
4.4151,3.163
4.4163,3.1677
4.4175,3.1723
4.4186,3.1769
4.4198,3.1816
4.421,3.1862
4.4221,3.1908
4.4233,3.1954
4.4245,3.2
4.4256,3.2046
4.4268,3.2091
4.428,3.2137
4.4291,3.2183
4.4303,3.2228
4.4315,3.2274
4.4326,3.2319
4.4338,3.2365
4.435,3.241
4.4361,3.2456
4.4373,3.2501
4.4385,3.2547
4.4396,3.2592
4.4408,3.2637
4.442,3.2683
4.4431,3.2728
4.4443,3.2773
4.4455,3.2818
4.4466,3.2863
4.4478,3.2908
4.449,3.2953
4.4502,3.2998
4.4513,3.3042
4.4525,3.3087
4.4537,3.3132
4.4548,3.3176
4.456,3.3221
4.4572,3.3265
4.4583,3.3309
4.4595,3.3354
4.4607,3.3398
4.4618,3.3443
4.463,3.3487
4.4642,3.3531
4.4653,3.3575
4.4665,3.3619
4.4677,3.3663
4.4688,3.3708
4.47,3.3752
4.4712,3.3796
4.4723,3.384
4.4735,3.3883
4.4747,3.3927
4.4758,3.3971
4.477,3.4015
4.4782,3.4059
4.4793,3.4102
4.4805,3.4146
4.4817,3.419
4.4828,3.4233
4.484,3.4276
4.4852,3.432
4.4863,3.4363
4.4875,3.4406
4.4887,3.4449
4.4898,3.4493
4.491,3.4536
4.4922,3.4579
4.4933,3.4622
4.4945,3.4665
4.4957,3.4708
4.4968,3.4751
4.498,3.4794
4.4992,3.4837
4.5004,3.488
4.5015,3.4922
4.5027,3.4965
4.5039,3.5008
4.505,3.5051
4.5062,3.5093
4.5074,3.5136
4.5085,3.5178
4.5097,3.5221
4.5109,3.5263
4.512,3.5306
4.5132,3.5348
4.5144,3.5391
4.5155,3.5433
4.5167,3.5475
4.5179,3.5517
4.519,3.5559
4.5202,3.5602
4.5214,3.5644
4.5225,3.5686
4.5237,3.5728
4.5249,3.577
4.526,3.5811
4.5272,3.5853
4.5284,3.5895
4.5295,3.5937
4.5307,3.5979
4.5319,3.6021
4.533,3.6062
4.5342,3.6104
4.5354,3.6146
4.5365,3.6188
4.5377,3.6229
4.5389,3.6271
4.54,3.6312
4.5412,3.6354
4.5424,3.6395
4.5435,3.6437
4.5447,3.6478
4.5459,3.6519
4.547,3.6561
4.5482,3.6602
4.5494,3.6643
4.5505,3.6684
4.5517,3.6725
4.5529,3.6766
4.5541,3.6807
4.5552,3.6848
4.5564,3.6889
4.5576,3.693
4.5587,3.6971
4.5599,3.7012
4.5611,3.7053
4.5622,3.7093
4.5634,3.7134
4.5646,3.7175
4.5657,3.7216
4.5669,3.7257
4.5681,3.7297
4.5692,3.7338
4.5704,3.7379
4.5716,3.7419
4.5727,3.746
4.5739,3.75
4.5751,3.7541
4.5762,3.7581
4.5774,3.7621
4.5786,3.7662
4.5797,3.7702
4.5809,3.7742
4.5821,3.7782
4.5832,3.7823
4.5844,3.7863
4.5856,3.7903
4.5867,3.7943
4.5879,3.7983
4.5891,3.8023
4.5902,3.8063
4.5914,3.8103
4.5926,3.8143
4.5937,3.8183
4.5949,3.8222
4.5961,3.8262
4.5972,3.8302
4.5984,3.8342
4.5996,3.8382
4.6007,3.8421
4.6019,3.8461
4.6031,3.8501
4.6042,3.8541
4.6054,3.858
4.6066,3.862
4.6078,3.8659
4.6089,3.8699
4.6101,3.8738
4.6113,3.8778
4.6124,3.8817
4.6136,3.8856
4.6148,3.8896
4.6159,3.8935
4.6171,3.8974
4.6183,3.9013
4.6194,3.9053
4.6206,3.9092
4.6218,3.9131
4.6229,3.917
4.6241,3.9209
4.6253,3.9248
4.6264,3.9287
4.6276,3.9326
4.6288,3.9366
4.6299,3.9405
4.6311,3.9444
4.6323,3.9482
4.6334,3.9521
4.6346,3.956
4.6358,3.9599
4.6369,3.9638
4.6381,3.9677
4.6393,3.9716
4.6404,3.9754
4.6416,3.9793
4.6428,3.9832
4.6439,3.987
4.6451,3.9909
4.6463,3.9947
4.6474,3.9986
4.6486,4.0024
4.6498,4.0063
4.6509,4.0101
4.6521,4.0139
4.6533,4.0178
4.6544,4.0216
4.6556,4.0255
4.6568,4.0293
4.658,4.0331
4.6591,4.0369
4.6603,4.0408
4.6615,4.0446
4.6626,4.0484
4.6638,4.0522
4.665,4.0561
4.6661,4.0599
4.6673,4.0637
4.6685,4.0675
4.6696,4.0713
4.6708,4.0751
4.672,4.0789
4.6731,4.0827
4.6743,4.0865
4.6755,4.0903
4.6766,4.0941
4.6778,4.0978
4.679,4.1016
4.6801,4.1054
4.6813,4.1092
4.6825,4.1129
4.6836,4.1167
4.6848,4.1205
4.686,4.1242
4.6871,4.128
4.6883,4.1318
4.6895,4.1355
4.6906,4.1393
4.6918,4.143
4.693,4.1468
4.6941,4.1505
4.6953,4.1543
4.6965,4.158
4.6976,4.1618
4.6988,4.1655
4.7,4.1693
4.7011,4.173
4.7023,4.1767
4.7035,4.1805
4.7046,4.1842
4.7058,4.1879
4.707,4.1916
4.7081,4.1954
4.7093,4.1991
4.7105,4.2028
4.7117,4.2065
4.7128,4.2102
4.714,4.2139
4.7152,4.2176
4.7163,4.2213
4.7175,4.225
4.7187,4.2287
4.7198,4.2324
4.721,4.2361
4.7222,4.2398
4.7233,4.2435
4.7245,4.2472
4.7257,4.2509
4.7268,4.2545
4.728,4.2582
4.7292,4.2619
4.7303,4.2656
4.7315,4.2693
4.7327,4.2729
4.7338,4.2766
4.735,4.2803
4.7362,4.2839
4.7373,4.2876
4.7385,4.2913
4.7397,4.2949
4.7408,4.2986
4.742,4.3022
4.7432,4.3059
4.7443,4.3095
4.7455,4.3132
4.7467,4.3168
4.7478,4.3204
4.749,4.3241
4.7502,4.3277
4.7513,4.3313
4.7525,4.335
4.7537,4.3386
4.7548,4.3422
4.756,4.3459
4.7572,4.3495
4.7583,4.3531
4.7595,4.3568
4.7607,4.3604
4.7618,4.364
4.763,4.3676
4.7642,4.3712
4.7654,4.3748
4.7665,4.3785
4.7677,4.3821
4.7689,4.3857
4.77,4.3893
4.7712,4.3929
4.7724,4.3965
4.7735,4.4001
4.7747,4.4037
4.7759,4.4072
4.777,4.4108
4.7782,4.4144
4.7794,4.418
4.7805,4.4216
4.7817,4.4251
4.7829,4.4287
4.784,4.4323
4.7852,4.4359
4.7864,4.4394
4.7875,4.443
4.7887,4.4466
4.7899,4.4502
4.791,4.4537
4.7922,4.4573
4.7934,4.4609
4.7945,4.4644
4.7957,4.468
4.7969,4.4715
4.798,4.4751
4.7992,4.4786
4.8004,4.4822
4.8015,4.4857
4.8027,4.4893
4.8039,4.4928
4.805,4.4963
4.8062,4.4999
4.8074,4.5034
4.8085,4.507
4.8097,4.5105
4.8109,4.514
4.812,4.5175
4.8132,4.5211
4.8144,4.5246
4.8155,4.5281
4.8167,4.5316
4.8179,4.5351
4.8191,4.5387
4.8202,4.5422
4.8214,4.5457
4.8226,4.5492
4.8237,4.5527
4.8249,4.5563
4.8261,4.5598
4.8272,4.5633
4.8284,4.5668
4.8296,4.5703
4.8307,4.5738
4.8319,4.5773
4.8331,4.5808
4.8342,4.5843
4.8354,4.5878
4.8366,4.5913
4.8377,4.5947
4.8389,4.5982
4.8401,4.6017
4.8412,4.6052
4.8424,4.6087
4.8436,4.6121
4.8447,4.6156
4.8459,4.6191
4.8471,4.6226
4.8482,4.626
4.8494,4.6295
4.8506,4.633
4.8517,4.6365
4.8529,4.6399
4.8541,4.6434
4.8552,4.6468
4.8564,4.6503
4.8576,4.6538
4.8587,4.6572
4.8599,4.6607
4.8611,4.6642
4.8622,4.6676
4.8634,4.6711
4.8646,4.6745
4.8657,4.678
4.8669,4.6814
4.8681,4.6848
4.8693,4.6883
4.8704,4.6917
4.8716,4.6951
4.8728,4.6986
4.8739,4.702
4.8751,4.7054
4.8763,4.7089
4.8774,4.7123
4.8786,4.7157
4.8798,4.7191
4.8809,4.7226
4.8821,4.726
4.8833,4.7294
4.8844,4.7328
4.8856,4.7362
4.8868,4.7397
4.8879,4.7431
4.8891,4.7465
4.8903,4.7499
4.8914,4.7533
4.8926,4.7567
4.8938,4.7601
4.8949,4.7635
4.8961,4.7669
4.8973,4.7703
4.8984,4.7737
4.8996,4.7771
4.9008,4.7805
4.9019,4.7839
4.9031,4.7873
4.9043,4.7907
4.9054,4.7941
4.9066,4.7975
4.9078,4.8009
4.9089,4.8042
4.9101,4.8076
4.9113,4.811
4.9124,4.8144
4.9136,4.8178
4.9148,4.8211
4.9159,4.8245
4.9171,4.8279
4.9183,4.8313
4.9194,4.8346
4.9206,4.838
4.9218,4.8414
4.923,4.8448
4.9241,4.8481
4.9253,4.8515
4.9265,4.8549
4.9276,4.8582
4.9288,4.8616
4.93,4.8649
4.9311,4.8683
4.9323,4.8716
4.9335,4.875
4.9346,4.8783
4.9358,4.8817
4.937,4.885
4.9381,4.8884
4.9393,4.8917
4.9405,4.8951
4.9416,4.8984
4.9428,4.9017
4.944,4.9051
4.9451,4.9084
4.9463,4.9118
4.9475,4.9151
4.9486,4.9184
4.9498,4.9218
4.951,4.9251
4.9521,4.9284
4.9533,4.9318
4.9545,4.9351
4.9556,4.9384
4.9568,4.9417
4.958,4.9451
4.9591,4.9484
4.9603,4.9517
4.9615,4.955
4.9626,4.9583
4.9638,4.9616
4.965,4.965
4.9661,4.9683
4.9673,4.9716
4.9685,4.9749
4.9696,4.9782
4.9708,4.9815
4.972,4.9848
4.9731,4.9881
4.9743,4.9914
4.9755,4.9947
4.9767,4.998
4.9778,5.0013
4.979,5.0046
4.9802,5.0079
4.9813,5.0112
4.9825,5.0145
4.9837,5.0177
4.9848,5.021
4.986,5.0243
4.9872,5.0276
4.9883,5.0309
4.9895,5.0342
4.9907,5.0375
4.9918,5.0407
4.993,5.044
4.9942,5.0473
4.9953,5.0506
4.9965,5.0538
4.9977,5.0571
4.9988,5.0604
5,5.0637
