0,1e-12
0.0011674,0
0.0023348,0
0.0035022,0
0.0046696,0
0.005837,0
0.0070044,0
0.0081718,0
0.0093392,0
0.010507,0
0.011674,0
0.012841,0
0.014009,0
0.015176,0
0.016344,0
0.017511,0
0.018678,0
0.019846,0
0.021013,0
0.022181,0
0.023348,0
0.024516,0
0.025683,0
0.02685,0
0.028018,0
0.029185,0
0.030353,0
0.03152,0
0.032687,0
0.033855,0
0.035022,0
0.03619,0
0.037357,0
0.038524,0
0.039692,0
0.040859,0
0.042027,0
0.043194,0
0.044361,0
0.045529,0
0.046696,0
0.047864,0
0.049031,0
0.050198,-0
0.051366,0
0.052533,0
0.053701,-0
0.054868,0
0.056035,-0
0.057203,-0
0.05837,0
0.059538,-0
0.060705,-0
0.061873,0
0.06304,-0
0.064207,-0
0.065375,0
0.066542,0
0.06771,-0
0.068877,-0
0.070044,0
0.071212,0
0.072379,-0
0.073547,0
0.074714,0
0.075881,-0
0.077049,-0
0.078216,0
0.079384,0
0.080551,-0
0.081718,0
0.082886,0
0.084053,-0
0.085221,-0
0.086388,0
0.087555,0
0.088723,-0
0.08989,-0
0.091058,0
0.092225,0
0.093392,-0
0.09456,-0
0.095727,0
0.096895,0
0.098062,-0
0.09923,-0
0.1004,0
0.10156,0
0.10273,-0
0.1039,-0
0.10507,0
0.10623,0
0.1074,-0
0.10857,-0
0.10974,0
0.1109,0
0.11207,-0
0.11324,-0
0.11441,0
0.11557,0
0.11674,-0
0.11791,-0
0.11908,0
0.12024,0
0.12141,-0
0.12258,-0
0.12375,0
0.12491,0
0.12608,-0
0.12725,-0
0.12841,0
0.12958,0
0.13075,-0
0.13192,-0
0.13308,0
0.13425,0
0.13542,-0
0.13659,-0
0.13775,0
0.13892,0
0.14009,-0
0.14126,-0
0.14242,0
0.14359,0
0.14476,-0
0.14593,-0
0.14709,0
0.14826,0
0.14943,-0
0.1506,-0
0.15176,0
0.15293,0
0.1541,-0
0.15527,-0
0.15643,-0
0.1576,0
0.15877,0
0.15993,-0
0.1611,-0
0.16227,0
0.16344,0
0.1646,-0
0.16577,-0
0.16694,0
0.16811,0
0.16927,-0
0.17044,-0
0.17161,0
0.17278,0
0.17394,-0
0.17511,-0
0.17628,0
0.17745,0
0.17861,-0
0.17978,-0
0.18095,0
0.18212,0
0.18328,0
0.18445,-0
0.18562,-0
0.18678,0
0.18795,0
0.18912,-0
0.19029,-0
0.19145,0
0.19262,0
0.19379,-0
0.19496,-0
0.19612,0
0.19729,2.1305e-38
0.19846,-0
0.19963,-3.5328e-38
0.20079,0
0.20196,4.8021e-38
0.20313,-0
0.2043,-7.7746e-38
0.20546,0
0.20663,1.6341e-37
0.2078,5.9751e-38
0.20897,-2.6742e-37
0.21013,-2.5733e-37
0.2113,2.284e-37
0.21247,4.2272e-37
0.21364,-7.377e-38
0.2148,-3.1248e-37
0.21597,3.2668e-37
0.21714,4.2758e-37
0.2183,-1.1112e-36
0.21947,-1.9191e-36
0.22064,7.4642e-37
0.22181,4.0015e-36
0.22297,2.1945e-36
0.22414,-3.1522e-36
0.22531,-4.0821e-36
0.22648,8.0207e-38
0.22764,4.2379e-37
0.22881,-3.794e-36
0.22998,2.8714e-37
0.23115,1.3954e-35
0.23231,1.4532e-35
0.23348,-8.578e-36
0.23465,-2.5346e-35
0.23582,-9.7266e-36
0.23698,7.1948e-36
0.23815,-1.3065e-35
0.23932,-2.7395e-35
0.24049,3.9073e-35
0.24165,1.4112e-34
0.24282,1.2152e-34
0.24399,-7.6883e-35
0.24516,-3.0999e-34
0.24632,-3.922e-34
0.24749,-2.1907e-34
0.24866,2.9719e-34
0.24982,1.0894e-33
0.25099,1.5049e-33
0.25216,4.6998e-34
0.25333,-2.1646e-33
0.25449,-4.4462e-33
0.25566,-3.3804e-33
0.25683,2.0529e-33
0.258,8.8358e-33
0.25916,1.1054e-32
0.26033,3.8177e-33
0.2615,-1.1865e-32
0.26267,-2.5997e-32
0.26383,-2.3016e-32
0.265,5.3113e-33
0.26617,4.5192e-32
0.26734,6.2011e-32
0.2685,2.6495e-32
0.26967,-5.1607e-32
0.27084,-1.1616e-31
0.27201,-1.0071e-31
0.27317,1.2531e-32
0.27434,1.5731e-31
0.27551,2.1218e-31
0.27668,9.4973e-32
0.27784,-1.3906e-31
0.27901,-2.9963e-31
0.28018,-2.1524e-31
0.28134,6.8387e-32
0.28251,2.6933e-31
0.28368,1.3782e-31
0.28485,-1.9975e-31
0.28601,-2.3462e-31
0.28718,4.0562e-31
0.28835,1.2902e-30
0.28952,1.1459e-30
0.29068,-1.0605e-30
0.29185,-4.455e-30
0.29302,-5.6615e-30
0.29419,-9.2415e-31
0.29535,9.4691e-30
0.29652,1.8083e-29
0.29769,1.3396e-29
0.29886,-9.9463e-30
0.30002,-4.0422e-29
0.30119,-5.0314e-29
0.30236,-1.4628e-29
0.30353,6.0481e-29
0.30469,1.2394e-28
0.30586,1.0406e-28
0.30703,-3.1092e-29
0.3082,-2.1752e-28
0.30936,-3.0284e-28
0.31053,-1.467e-28
0.3117,2.3474e-28
0.31286,6.0016e-28
0.31403,5.9808e-28
0.3152,4.6067e-29
0.31637,-8.1533e-28
0.31753,-1.3483e-27
0.3187,-9.2537e-28
0.31987,4.9326e-28
0.32104,2.0761e-27
0.3222,2.5123e-27
0.32337,9.9085e-28
0.32454,-1.9001e-27
0.32571,-4.2012e-27
0.32687,-3.8336e-27
0.32804,-3.4306e-28
0.32921,4.28e-27
0.33038,6.6919e-27
0.33154,4.7002e-27
0.33271,-7.5195e-28
0.33388,-6.024e-27
0.33505,-7.6501e-27
0.33621,-5.2569e-27
0.33738,-1.563e-27
0.33855,1.0316e-27
0.33972,3.8952e-27
0.34088,1.0907e-26
0.34205,2.1637e-26
0.34322,2.5237e-26
0.34438,4.8042e-27
0.34555,-4.4711e-26
0.34672,-9.7162e-26
0.34789,-9.7525e-26
0.34905,-2.434e-28
0.35022,1.7316e-25
0.35139,3.0669e-25
0.35256,2.4219e-25
0.35372,-9.0648e-26
0.35489,-5.4944e-25
0.35606,-7.8579e-25
0.35723,-4.538e-25
0.35839,4.6601e-25
0.35956,1.4712e-24
0.36073,1.7202e-24
0.3619,6.1534e-25
0.36306,-1.5482e-24
0.36423,-3.4209e-24
0.3654,-3.2884e-24
0.36657,-3.8094e-25
0.36773,4.0705e-24
0.3689,7.0458e-24
0.37007,5.5421e-24
0.37124,-9.3701e-25
0.3724,-9.0504e-24
0.37357,-1.2975e-23
0.37474,-8.2468e-24
0.3759,4.2509e-24
0.37707,1.7363e-23
0.37824,2.1429e-23
0.37941,1.1028e-23
0.38057,-9.8613e-24
0.38174,-2.8693e-23
0.38291,-3.1856e-23
0.38408,-1.4374e-23
0.38524,1.5251e-23
0.38641,3.9452e-23
0.38758,4.2955e-23
0.38875,2.2908e-23
0.38991,-9.9814e-24
0.39108,-3.9763e-23
0.39225,-5.533e-23
0.39342,-5.328e-23
0.39458,-3.236e-23
0.39575,1.1538e-23
0.39692,7.8699e-23
0.39809,1.4775e-22
0.39925,1.6561e-22
0.40042,7.0557e-23
0.40159,-1.4865e-22
0.40276,-3.9631e-22
0.40392,-4.804e-22
0.40509,-2.259e-22
0.40626,3.5439e-22
0.40742,9.5922e-22
0.40859,1.1022e-21
0.40976,4.3661e-22
0.41093,-8.7812e-22
0.41209,-2.074e-21
0.41326,-2.148e-21
0.41443,-5.897e-22
0.4156,2.007e-21
0.41676,4.0031e-21
0.41793,3.6429e-21
0.4191,4.1492e-22
0.42027,-4.1181e-21
0.42143,-6.8898e-21
0.4226,-5.298e-21
0.42377,6.0903e-22
0.42494,7.4543e-21
0.4261,1.0325e-20
0.42727,6.2373e-21
0.42844,-3.1059e-21
0.42961,-1.1643e-20
0.43077,-1.2834e-20
0.43194,-4.7332e-21
0.43311,7.6145e-21
0.43428,1.5012e-20
0.43544,1.0981e-20
0.43661,-2.2412e-21
0.43778,-1.4015e-20
0.43894,-1.32e-20
0.44011,1.6377e-21
0.44128,1.8548e-20
0.44245,2.0122e-20
0.44361,-1.3534e-21
0.44478,-3.3394e-20
0.44595,-4.8128e-20
0.44712,-2.2679e-20
0.44828,3.7834e-20
0.44945,9.4138e-20
0.45062,9.4935e-20
0.45179,1.7435e-20
0.45295,-1.036e-19
0.45412,-1.8706e-19
0.45529,-1.5813e-19
0.45646,-8.1641e-21
0.45762,1.8456e-19
0.45879,2.9604e-19
0.45996,2.3831e-19
0.46113,2.6334e-20
0.46229,-2.2285e-19
0.46346,-3.6672e-19
0.46463,-3.338e-19
0.4658,-1.6076e-19
0.46696,5.9517e-20
0.46813,2.6567e-19
0.4693,4.5765e-19
0.47046,6.2335e-19
0.47163,6.327e-19
0.4728,2.495e-19
0.47397,-6.542e-19
0.47513,-1.8007e-18
0.4763,-2.4187e-18
0.47747,-1.6002e-18
0.47864,9.6293e-19
0.4798,4.3098e-18
0.48097,6.2477e-18
0.48214,4.4805e-18
0.48331,-1.4888e-18
0.48447,-9.0526e-18
0.48564,-1.3269e-17
0.48681,-9.7362e-18
0.48798,1.9843e-18
0.48914,1.6561e-17
0.49031,2.4977e-17
0.49148,1.8785e-17
0.49265,-2.0015e-18
0.49381,-2.6884e-17
0.49498,-4.0895e-17
0.49615,-3.2888e-17
0.49731,-2.515e-18
0.49848,3.6561e-17
0.49965,6.3412e-17
0.50082,5.6739e-17
0.50198,1.4135e-17
0.50315,-4.3614e-17
0.50432,-8.7496e-17
0.50549,-9.3353e-17
0.50665,-4.2302e-17
0.50782,3.9045e-17
0.50899,1.0365e-16
0.51016,1.2878e-16
0.51132,1.0985e-16
0.51249,2.6321e-17
0.51366,-1.1742e-16
0.51483,-2.2979e-16
0.51599,-2.4258e-16
0.51716,-1.1414e-16
0.51833,1.1917e-16
0.5195,3.3906e-16
0.52066,4.1851e-16
0.52183,3.7047e-16
0.523,-8.6928e-18
0.52417,-4.2098e-16
0.52533,-7.2298e-16
0.5265,-5.4283e-16
0.52767,1.3658e-16
0.52883,4.1245e-16
0.53,6.6818e-16
0.53117,-6.7102e-16
0.53234,-2.1389e-16
0.5335,-2.9646e-16
0.53467,-1.8509e-16
0.53584,-6.8173e-16
0.53701,6.5236e-16
0.53817,3.0755e-16
0.53934,1.3556e-16
0.54051,-7.3092e-17
0.54168,7.2485e-16
0.54284,-3.8841e-16
0.54401,4.0353e-16
0.54518,2.4105e-16
0.54635,3.8573e-16
0.54751,-1.8811e-16
0.54868,3.7519e-17
0.54985,-4.6289e-16
0.55102,-6.3815e-16
0.55218,-7.7566e-17
0.55335,-1.4971e-16
0.55452,-5.6909e-16
0.55569,6.7388e-16
0.55685,-4.4572e-16
0.55802,-1.5972e-16
0.55919,-2.3311e-16
0.56035,5.2151e-16
0.56152,4.1072e-16
0.56269,6.1842e-16
0.56386,-3.8253e-16
0.56502,6.6798e-17
0.56619,-3.6174e-16
0.56736,-4.5125e-16
0.56853,-3.1921e-16
0.56969,1.7956e-16
0.57086,1.0976e-16
0.57203,-4.8889e-16
0.5732,-3.9072e-16
0.57436,-1.7273e-17
0.57553,-5.3536e-16
0.5767,5.7974e-17
0.57787,-6.9051e-16
0.57903,7.2467e-17
0.5802,-6.3629e-16
0.58137,4.7075e-16
0.58254,8.36e-17
0.5837,6.3544e-16
0.58487,7.1785e-16
0.58604,3.0019e-17
0.58721,7.2238e-16
0.58837,-5.0963e-16
0.58954,5.0787e-16
0.59071,5.6978e-16
0.59187,-7.5407e-18
0.59304,9.2468e-17
0.59421,5.8996e-16
0.59538,6.3385e-16
0.59654,-6.3227e-16
0.59771,-1.5828e-16
0.59888,-6.3247e-16
0.60005,4.8729e-16
0.60121,5.7756e-16
0.60238,-3.1089e-16
0.60355,6.0464e-16
0.60472,4.7268e-17
0.60588,-3.537e-16
0.60705,-5.3525e-16
0.60822,5.8156e-16
0.60939,-4.1709e-16
0.61055,-6.2856e-16
0.61172,-7.0989e-16
0.61289,-3.0311e-16
0.61406,-2.1099e-16
0.61522,3.2543e-16
0.61639,-7.1596e-16
0.61756,5.6195e-17
0.61873,2.4811e-16
0.61989,3.1397e-16
0.62106,6.4577e-16
0.62223,-7.2833e-16
0.62339,-6.864e-16
0.62456,5.298e-16
0.62573,-5.1389e-17
0.6269,-5.8905e-16
0.62806,5.8932e-16
0.62923,-3.2585e-16
0.6304,7.0248e-16
0.63157,-3.5975e-16
0.63273,-2.7663e-16
0.6339,-5.7362e-16
0.63507,3.4334e-16
0.63624,-3.4528e-16
0.6374,-3.5387e-16
0.63857,-5.8143e-16
0.63974,6.853e-16
0.64091,-3.5744e-16
0.64207,5.3142e-16
0.64324,-2.0409e-16
0.64441,5.5371e-16
0.64558,1.7111e-16
0.64674,4.1669e-16
0.64791,6.8607e-16
0.64908,-5.3856e-16
0.65025,2.9532e-16
0.65141,-4.8938e-16
0.65258,2.8979e-16
0.65375,-4.8528e-16
0.65491,-3.6766e-16
0.65608,2.8548e-16
0.65725,3.9585e-16
0.65842,5.5967e-16
0.65958,3.5794e-16
0.66075,6.5172e-16
0.66192,-2.7679e-16
0.66309,-4.165e-16
0.66425,-1.7746e-16
0.66542,-4.7456e-16
0.66659,-2.5754e-16
0.66776,-8.1185e-17
0.66892,-7.2075e-16
0.67009,4.2021e-16
0.67126,-4.4335e-16
0.67243,4.1308e-16
0.67359,3.8897e-16
0.67476,-2.0509e-16
0.67593,-4.607e-17
0.6771,2.787e-16
0.67826,-8.4589e-17
0.67943,4.4882e-16
0.6806,4.6704e-16
0.68177,-5.6667e-16
0.68293,6.1623e-16
0.6841,4.6437e-16
0.68527,3.5269e-16
0.68643,4.9619e-16
0.6876,-1.9979e-16
0.68877,-3.9393e-16
0.68994,-4.9538e-16
0.6911,-7.1999e-16
0.69227,-1.7418e-16
0.69344,1.7403e-16
0.69461,-4.7483e-17
0.69577,6.034e-16
0.69694,3.0451e-16
0.69811,2.1691e-16
0.69928,-5.8975e-16
0.70044,-4.7359e-16
0.70161,-1.9002e-16
0.70278,7.1329e-16
0.70395,-3.1719e-16
0.70511,3.2009e-16
0.70628,-6.8912e-16
0.70745,5.7536e-16
0.70862,6.3042e-16
0.70978,-1.117e-16
0.71095,1.5268e-16
0.71212,6.3968e-16
0.71329,1.7575e-16
0.71445,6.2442e-16
0.71562,-6.603e-16
0.71679,-4.5595e-16
0.71795,2.351e-16
0.71912,5.6057e-16
0.72029,-4.1864e-16
0.72146,-6.1448e-16
0.72262,-3.9044e-17
0.72379,7.0235e-18
0.72496,-2.4394e-16
0.72613,3.7497e-16
0.72729,-2.2426e-16
0.72846,4.6725e-16
0.72963,-3.0146e-16
0.7308,1.1233e-16
0.73196,-4.3324e-16
0.73313,-1.9502e-16
0.7343,6.9569e-16
0.73547,-5.3737e-16
0.73663,2.7259e-16
0.7378,-6.8651e-16
0.73897,-4.8328e-16
0.74014,2.4617e-16
0.7413,-7.0099e-16
0.74247,4.8176e-16
0.74364,-6.6349e-16
0.74481,2.5244e-16
0.74597,3.4346e-16
0.74714,3.8945e-16
0.74831,-1.1e-16
0.74947,-3.6386e-16
0.75064,4.8411e-16
0.75181,-4.2788e-16
0.75298,-4.6202e-16
0.75414,8.6455e-17
0.75531,-6.268e-17
0.75648,-4.1589e-16
0.75765,7.0455e-16
0.75881,-4.4617e-16
0.75998,6.0357e-16
0.76115,3.1759e-16
0.76232,-6.1988e-16
0.76348,4.8273e-17
0.76465,-3.2871e-16
0.76582,-1.828e-16
0.76699,-5.5431e-16
0.76815,1.0152e-16
0.76932,4.8933e-16
0.77049,-2.9337e-16
0.77166,-3.371e-16
0.77282,1.5399e-16
0.77399,-1.2929e-16
0.77516,-4.1053e-16
0.77633,2.7681e-16
0.77749,-1.8096e-16
0.77866,1.0932e-16
0.77983,-4.9465e-16
0.78099,2.2157e-16
0.78216,-4.6342e-17
0.78333,-5.8413e-16
0.7845,-7.2129e-16
0.78566,3.862e-18
0.78683,5.3718e-16
0.788,-2.233e-16
0.78917,6.7885e-16
0.79033,-6.8085e-16
0.7915,-4.0361e-16
0.79267,-6.9282e-16
0.79384,-3.2806e-17
0.795,8.5357e-17
0.79617,2.0163e-16
0.79734,7.2383e-16
0.79851,4.1347e-16
0.79967,4.1617e-16
0.80084,3.9633e-16
0.80201,3.7542e-16
0.80318,-4.9644e-16
0.80434,-6.8233e-17
0.80551,3.6941e-16
0.80668,5.9325e-16
0.80784,1.687e-16
0.80901,8.1342e-17
0.81018,3.6599e-16
0.81135,3.0509e-16
0.81251,-4.2564e-16
0.81368,2.7883e-16
0.81485,1.9821e-16
0.81602,-5.221e-16
0.81718,3.3354e-16
0.81835,7.18e-16
0.81952,-7.2418e-16
0.82069,5.9417e-16
0.82185,5.4724e-16
0.82302,-3.4286e-16
0.82419,7.1398e-16
0.82536,-4.1388e-16
0.82652,-3.4715e-16
0.82769,6.0047e-16
0.82886,-4.0202e-16
0.83003,6.9228e-16
0.83119,-1.4106e-16
0.83236,1.3731e-16
0.83353,-5.7849e-16
0.8347,-2.5269e-16
0.83586,-6.7095e-16
0.83703,2.857e-16
0.8382,-2.7715e-16
0.83936,-7.9409e-17
0.84053,-1.1396e-17
0.8417,-8.7024e-17
0.84287,3.1971e-16
0.84403,-4.1075e-16
0.8452,1.283e-16
0.84637,5.574e-16
0.84754,-5.9562e-16
0.8487,-7.0858e-17
0.84987,-5.7284e-16
0.85104,-3.7692e-16
0.85221,-4.2416e-16
0.85337,6.1821e-16
0.85454,-3.2759e-16
0.85571,-5.9052e-16
0.85688,-3.1012e-16
0.85804,2.3335e-16
0.85921,-6.1498e-16
0.86038,3.3206e-16
0.86155,3.5171e-16
0.86271,6.4153e-16
0.86388,-3.5378e-16
0.86505,-1.1152e-16
0.86622,-1.6015e-16
0.86738,-4.7365e-16
0.86855,5.7327e-16
0.86972,3.5406e-16
0.87088,-7.2065e-16
0.87205,6.1259e-16
0.87322,4.2392e-16
0.87439,6.1192e-16
0.87555,-5.6718e-16
0.87672,6.0649e-16
0.87789,-3.6671e-16
0.87906,-3.8468e-17
0.88022,3.3909e-17
0.88139,2.2858e-16
0.88256,-5.4333e-16
0.88373,-6.8481e-16
0.88489,-5.031e-16
0.88606,1.983e-16
0.88723,-3.7143e-16
0.8884,6.692e-17
0.88956,4.4258e-16
0.89073,6.554e-16
0.8919,2.3069e-16
0.89307,-5.4956e-16
0.89423,-9.3746e-17
0.8954,-6.5136e-16
0.89657,-2.6233e-16
0.89774,3.355e-17
0.8989,-2.4772e-17
0.90007,5.5751e-16
0.90124,-2.4625e-16
0.9024,-3.8016e-16
0.90357,-4.1612e-16
0.90474,6.8129e-16
0.90591,8.0211e-17
0.90707,-4.5202e-16
0.90824,-3.5096e-16
0.90941,-3.9904e-16
0.91058,5.2789e-16
0.91174,-7.1818e-16
0.91291,2.2736e-16
0.91408,4.4067e-16
0.91525,6.8873e-16
0.91641,-6.427e-16
0.91758,4.0277e-16
0.91875,-4.5365e-16
0.91992,-3.5792e-16
0.92108,-3.8906e-16
0.92225,2.1777e-16
0.92342,-1.7997e-16
0.92459,2.744e-16
0.92575,7.7776e-17
0.92692,-1.4169e-16
0.92809,-3.8406e-16
0.92926,2.0856e-16
0.93042,2.8205e-16
0.93159,5.0351e-16
0.93276,1.0662e-16
0.93392,6.415e-17
0.93509,2.7555e-16
0.93626,-2.1357e-16
0.93743,-5.0518e-16
0.93859,-5.0499e-16
0.93976,-3.3428e-16
0.94093,4.6629e-16
0.9421,3.1393e-16
0.94326,-6.5746e-16
0.94443,-1.3457e-16
0.9456,3.9885e-16
0.94677,-5.4812e-16
0.94793,2.3329e-16
0.9491,2.1455e-16
0.95027,-1.5062e-16
0.95144,1.981e-16
0.9526,3.246e-17
0.95377,-7.4115e-17
0.95494,9.1358e-18
0.95611,3.2275e-16
0.95727,3.0304e-16
0.95844,1.2778e-16
0.95961,3.1785e-16
0.96078,7.2471e-16
0.96194,-4.1297e-16
0.96311,-4.7317e-16
0.96428,2.7181e-16
0.96544,2.1605e-16
0.96661,1.3571e-16
0.96778,-6.7474e-16
0.96895,4.579e-16
0.97011,-6.7819e-16
0.97128,-2.8707e-16
0.97245,-9.5046e-17
0.97362,-5.8833e-16
0.97478,-8.1897e-17
0.97595,9.2997e-17
0.97712,6.4323e-16
0.97829,1.337e-16
0.97945,2.4855e-16
0.98062,1.9863e-16
0.98179,1.2193e-16
0.98296,-1.8468e-16
0.98412,-4.125e-16
0.98529,-5.0128e-16
0.98646,-4.8187e-16
0.98763,-1.9603e-17
0.98879,1.9154e-16
0.98996,1.926e-16
0.99113,-1.3024e-16
0.9923,-6.3008e-16
0.99346,3.2788e-16
0.99463,-1.8341e-16
0.9958,-5.4783e-16
0.99696,-1.6269e-16
0.99813,2.4731e-16
0.9993,-4.1066e-16
1.0005,1.4881e-16
1.0016,-4.7334e-16
1.0028,-5.9954e-16
1.004,1.4105e-16
1.0051,5.6051e-16
1.0063,1.766e-16
1.0075,-3.8743e-16
1.0086,6.9116e-18
1.0098,3.721e-16
1.011,6.2592e-16
1.0121,-5.4944e-16
1.0133,5.7277e-16
1.0145,1.6449e-16
1.0156,-2.5259e-16
1.0168,1.3253e-16
1.018,-1.1183e-16
1.0191,3.629e-17
1.0203,-4.5331e-16
1.0215,4.4162e-16
1.0226,5.5087e-16
1.0238,6.4743e-16
1.025,-6.6552e-16
1.0261,-4.8736e-16
1.0273,-9.6529e-17
1.0285,-1.6839e-16
1.0297,-2.077e-16
1.0308,-9.4113e-17
1.032,-3.8592e-17
1.0332,-7.3041e-17
1.0343,-4.1371e-16
1.0355,6.584e-16
1.0367,5.0203e-16
1.0378,2.3825e-16
1.039,-8.6726e-17
1.0402,-2.1106e-16
1.0413,7.0038e-18
1.0425,-3.8579e-16
1.0437,-4.8309e-16
1.0448,-1.3391e-16
1.046,-4.644e-16
1.0472,-4.5205e-17
1.0483,-3.3559e-16
1.0495,1.3361e-16
1.0507,6.0562e-16
1.0518,4.7649e-17
1.053,6.0857e-16
1.0542,7.1495e-16
1.0553,-3.974e-16
1.0565,-1.6573e-16
1.0577,4.9585e-17
1.0588,-1.7899e-16
1.06,-2.6061e-16
1.0612,-1.504e-16
1.0623,-4.5323e-17
1.0635,2.6423e-16
1.0647,-4.4104e-16
1.0658,5.8968e-16
1.067,7.0082e-16
1.0682,4.3284e-16
1.0693,4.6547e-16
1.0705,2.6991e-16
1.0717,-4.2745e-17
1.0728,-1.1444e-16
1.074,-3.395e-17
1.0752,-2.8747e-16
1.0763,6.7984e-16
1.0775,6.1965e-16
1.0787,-1.2613e-16
1.0799,1.6304e-16
1.081,-4.6544e-16
1.0822,-7.2852e-16
1.0834,-7.2237e-16
1.0845,-2.155e-16
1.0857,-6.6764e-16
1.0869,-4.6962e-16
1.088,2.7582e-16
1.0892,2.79e-16
1.0904,-6.6494e-16
1.0915,5.0049e-16
1.0927,3.1149e-16
1.0939,-1.6695e-16
1.095,1.3446e-16
1.0962,4.8176e-16
1.0974,-1.4605e-16
1.0985,2.1114e-16
1.0997,3.3366e-16
1.1009,3.3358e-16
1.102,-1.0926e-17
1.1032,-6.5596e-18
1.1044,-3.5184e-16
1.1055,-5.5841e-16
1.1067,5.0022e-16
1.1079,-1.4171e-16
1.109,-4.7483e-16
1.1102,-5.6095e-16
1.1114,-2.3321e-16
1.1125,-2.1344e-16
1.1137,-3.9156e-16
1.1149,-2.265e-16
1.116,5.7989e-16
1.1172,4.996e-16
1.1184,3.7904e-16
1.1195,-3.5693e-16
1.1207,-6.8816e-16
1.1219,4.4008e-16
1.123,4.5595e-16
1.1242,3.3524e-16
1.1254,-5.9258e-16
1.1265,-2.969e-16
1.1277,-1.7034e-16
1.1289,-9.4814e-17
1.13,-2.7171e-16
1.1312,-3.1989e-16
1.1324,3.4127e-16
1.1336,-2.3291e-16
1.1347,-2.8458e-16
1.1359,-6.7128e-17
1.1371,1.5579e-16
1.1382,-3.9259e-16
1.1394,2.5167e-16
1.1406,2.3057e-16
1.1417,-3.3248e-16
1.1429,6.998e-17
1.1441,-1.5194e-16
1.1452,-1.3544e-16
1.1464,5.4242e-16
1.1476,-1.3219e-16
1.1487,6.7032e-16
1.1499,-4.0214e-16
1.1511,-6.6072e-17
1.1522,2.5771e-16
1.1534,3.4668e-16
1.1546,-3.6263e-17
1.1557,1.9524e-16
1.1569,4.5023e-16
1.1581,6.5703e-17
1.1592,8.3781e-17
1.1604,-3.6498e-16
1.1616,1.4644e-16
1.1627,5.5507e-16
1.1639,6.2602e-16
1.1651,-4.0732e-16
1.1662,7.2531e-16
1.1674,-9.2309e-17
1.1686,1.8748e-16
1.1697,4.974e-16
1.1709,-4.669e-16
1.1721,5.233e-16
1.1732,2.1705e-16
1.1744,-4.333e-16
1.1756,4.3816e-16
1.1767,-3.0319e-17
1.1779,6.0642e-16
1.1791,-3.5315e-16
1.1802,-3.6646e-16
1.1814,-6.7894e-17
1.1826,-5.2188e-16
1.1837,5.2033e-16
1.1849,3.9384e-17
1.1861,-1.0826e-16
1.1873,-2.0232e-16
1.1884,3.0335e-16
1.1896,-4.5353e-16
1.1908,6.372e-16
1.1919,5.6911e-16
1.1931,7.2463e-16
1.1943,4.1682e-17
1.1954,-4.4959e-16
1.1966,4.9751e-16
1.1978,-4.704e-16
1.1989,8.024e-17
1.2001,-4.2783e-16
1.2013,-6.1383e-16
1.2024,-4.6989e-17
1.2036,1.9022e-18
1.2048,-5.1853e-16
1.2059,6.8878e-16
1.2071,4.8436e-16
1.2083,1.0325e-18
1.2094,-7.2016e-16
1.2106,1.6011e-16
1.2118,5.6116e-16
1.2129,4.7582e-16
1.2141,-3.4988e-16
1.2153,-2.0338e-17
1.2164,-6.9658e-16
1.2176,6.0355e-16
1.2188,4.015e-17
1.2199,-5.0635e-16
1.2211,4.7315e-16
1.2223,-5.0876e-16
1.2234,-6.4518e-16
1.2246,1.137e-16
1.2258,-1.8343e-16
1.2269,-5.7759e-16
1.2281,-1.2734e-16
1.2293,6.3403e-16
1.2304,1.5444e-16
1.2316,-2.7985e-18
1.2328,-2.0596e-16
1.2339,3.0852e-16
1.2351,-6.0281e-16
1.2363,6.4267e-16
1.2375,-8.737e-17
1.2386,5.3969e-16
1.2398,3.2395e-16
1.241,-6.2437e-17
1.2421,-2.7049e-16
1.2433,9.2127e-17
1.2445,5.8373e-17
1.2456,6.2674e-16
1.2468,-3.2918e-16
1.248,2.7641e-16
1.2491,-2.1949e-16
1.2503,4.2463e-16
1.2515,2.7525e-16
1.2526,3.5406e-16
1.2538,-6.3081e-16
1.255,-8.2752e-17
1.2561,-1.0462e-16
1.2573,-3.8919e-16
1.2585,-6.8718e-16
1.2596,-5.1919e-16
1.2608,7.1496e-16
1.262,-5.1787e-16
1.2631,-1.6157e-16
1.2643,-2.5285e-16
1.2655,1.3489e-16
1.2666,-2.9695e-16
1.2678,3.7593e-16
1.269,-5.1211e-16
1.2701,-6.9753e-16
1.2713,3.4333e-16
1.2725,1.3499e-17
1.2736,5.6922e-16
1.2748,-6.896e-17
1.276,5.9204e-16
1.2771,3.1513e-16
1.2783,-1.2437e-16
1.2795,-4.4154e-16
1.2806,-2.5073e-16
1.2818,-2.8238e-16
1.283,4.4228e-16
1.2841,-3.3589e-16
1.2853,-7.7117e-16
1.2865,1.5238e-17
1.2876,-4.1916e-17
1.2888,-3.8401e-16
1.29,5.6462e-16
1.2912,-1.9648e-16
1.2923,-1.0615e-16
1.2935,-4.5554e-16
1.2947,-2.3674e-16
1.2958,-9.2153e-17
1.297,4.5416e-16
1.2982,-6.6763e-16
1.2993,3.4333e-16
1.3005,1.8676e-17
1.3017,8.5604e-17
1.3028,-7.0022e-16
1.304,2.9098e-16
1.3052,-3.8977e-16
1.3063,3.6558e-16
1.3075,-1.6637e-16
1.3087,-2.0567e-16
1.3098,-3.7154e-16
1.311,6.6414e-16
1.3122,4.0916e-17
1.3133,6.8791e-16
1.3145,-6.1739e-16
1.3157,-7.4623e-16
1.3168,1.0594e-16
1.318,3.23e-16
1.3192,4.0277e-16
1.3203,6.1217e-16
1.3215,-3.1518e-16
1.3227,-1.5486e-16
1.3238,5.4851e-16
1.325,-2.2083e-16
1.3262,-9.733e-17
1.3273,4.3499e-16
1.3285,4.4112e-16
1.3297,5.8417e-16
1.3308,-2.4883e-16
1.332,6.5168e-16
1.3332,-3.1365e-16
1.3343,-3.1555e-16
1.3355,5.4698e-16
1.3367,-5.7175e-16
1.3378,-2.5227e-16
1.339,2.5359e-16
1.3402,2.4936e-16
1.3413,-7.2025e-17
1.3425,6.0604e-16
1.3437,-3.6235e-16
1.3449,5.8367e-18
1.346,-3.4048e-16
1.3472,5.8367e-18
1.3484,-6.1623e-16
1.3495,3.7286e-16
1.3507,-3.5506e-16
1.3519,6.9732e-16
1.353,8.4444e-17
1.3542,-5.6752e-16
1.3554,-1.5792e-16
1.3565,4.3499e-16
1.3577,-3.8306e-16
1.3589,2.3288e-16
1.36,6.0671e-17
1.3612,2.95e-16
1.3624,-4.4212e-16
1.3635,-4.1296e-16
1.3647,1.6653e-16
1.3659,5.0317e-17
1.367,2.463e-16
1.3682,-2.4307e-16
1.3694,4.9098e-16
1.3705,-3.4471e-16
1.3717,5.4698e-16
1.3729,2.9078e-16
1.374,1.2702e-16
1.3752,3.717e-16
1.3764,-3.3674e-17
1.3775,5.8839e-16
1.3787,1.4044e-16
1.3799,-3.8612e-16
1.381,2.9923e-16
1.3822,6.0671e-17
1.3834,-4.7318e-16
1.3845,3.3834e-17
1.3857,-3.6848e-16
1.3869,-2.8755e-16
1.388,-1.8285e-16
1.3892,-4.5554e-16
1.3904,8.9828e-17
1.3915,3.4371e-16
1.3927,3.9241e-16
1.3939,6.1217e-16
1.3951,4.4418e-16
1.3962,-8.9668e-17
1.3974,2.8465e-16
1.3986,-5.6446e-16
1.3997,6.4861e-16
1.4009,-3.52e-16
1.4021,7.7402e-16
1.4032,-9.9013e-18
1.4044,-1.9743e-16
1.4056,4.6299e-16
1.4067,-6.6609e-16
1.4079,-5.9436e-16
1.4091,6.1026e-16
1.4102,4.6093e-17
1.4114,5.324e-16
1.4126,1.9643e-16
1.4137,2.2136e-16
1.4149,-2.4307e-16
1.4161,1.696e-16
1.4172,-6.9716e-16
1.4184,-2.7298e-16
1.4196,2.8158e-16
1.4207,4.6771e-18
1.4219,-1.3108e-16
1.4231,3.7899e-16
1.4242,-6.9716e-16
1.4254,5.232e-16
1.4266,5.9452e-16
1.4277,-4.8252e-17
1.4289,3.997e-16
1.4301,-3.3435e-16
1.4312,5.4542e-17
1.4324,4.557e-16
1.4336,-4.4941e-16
1.4347,-7.0635e-16
1.4359,7.326e-16
1.4371,-4.8469e-16
1.4382,2.6088e-16
1.4394,-7.915e-16
1.4406,1.0441e-16
1.4417,-6.7951e-16
1.4429,-6.7106e-16
1.4441,5.4391e-16
1.4452,1.0209e-16
1.4464,-2.2543e-16
1.4476,2.8465e-16
1.4488,1.1667e-16
1.4499,-4.1412e-16
1.4511,2.4323e-16
1.4523,-1.6031e-17
1.4534,-4.3483e-16
1.4546,3.3834e-17
1.4558,4.1734e-16
1.4569,-3.727e-16
1.4581,-5.5295e-16
1.4593,2.7852e-16
1.4604,-2.0472e-16
1.4616,-5.1153e-16
1.4628,-6.5036e-16
1.4639,1.4582e-16
1.4651,-5.4682e-16
1.4663,-5.7365e-16
1.4674,-1.9627e-16
1.4686,-5.3224e-16
1.4698,-5.7365e-16
1.4709,-5.9436e-16
1.4721,1.4582e-16
1.4733,-2.6072e-16
1.4744,-5.7447e-17
1.4756,-3.6739e-17
1.4768,7.525e-17
1.4779,3.0536e-16
1.4791,-1.8401e-16
1.4803,1.9255e-17
1.4814,-2.4614e-16
1.4826,-2.6685e-16
1.4838,-5.3224e-16
1.4849,-1.7556e-16
1.4861,-3.9954e-16
1.4873,-4.7624e-16
1.4884,-4.4096e-16
1.4896,-3.8496e-16
1.4908,5.4542e-17
1.4919,2.4936e-16
1.4931,1.3737e-16
1.4943,7.8015e-16
1.4954,5.2088e-16
1.4966,2.3478e-16
1.4978,4.5876e-16
1.4989,5.5617e-16
1.5001,2.9078e-16
1.5013,-4.4941e-16
1.5025,2.4323e-16
1.5036,3.8206e-16
1.5048,-2.6072e-16
1.506,-5.3224e-16
1.5071,-3.0826e-16
1.5083,6.6203e-16
1.5095,3.6748e-16
1.5106,-3.1671e-16
1.5118,-2.216e-17
1.513,3.9963e-17
1.5141,2.2865e-16
1.5153,4.6771e-18
1.5165,-3.6739e-17
1.5176,-2.4614e-16
1.5188,5.4542e-17
1.52,3.9963e-17
1.5211,1.7266e-16
1.5223,5.9146e-16
1.5235,-1.426e-16
1.5246,-1.1344e-16
1.5258,-2.4614e-16
1.527,-6.6493e-16
1.5281,6.912e-17
1.5293,-1.6944e-16
1.5305,2.8465e-16
1.5316,-6.5881e-16
1.5328,-2.5227e-16
1.534,-8.1834e-16
1.5351,-7.0635e-16
1.5363,-5.5908e-16
1.5375,-5.1766e-16
1.5386,-5.9436e-16
1.5398,-2.216e-17
1.541,8.1543e-16
1.5421,4.4418e-16
1.5433,-8.6604e-17
1.5445,2.8465e-16
1.5456,-1.6331e-16
1.5468,9.5958e-17
1.548,4.0277e-16
1.5491,-5.4682e-16
1.5503,1.6653e-16
1.5515,3.6135e-16
1.5527,1.0209e-16
1.5538,1.7266e-16
1.555,5.9146e-16
1.5562,6.3287e-16
1.5573,-2.7529e-16
1.5585,-2.216e-17
1.5597,-2.4614e-16
1.5608,2.8465e-16
1.562,-9.5948e-16
1.5632,8.0318e-16
1.5643,6.7429e-16
1.5655,-1.2189e-16
1.5667,2.8465e-16
1.5678,2.1408e-16
1.569,6.0671e-17
1.5702,-4.7011e-16
1.5713,-1.7556e-16
1.5725,-9.2733e-17
1.5737,-1.3415e-16
1.5748,-7.7692e-16
1.576,-5.5295e-16
1.5772,-5.9436e-16
1.5783,2.4323e-16
1.5795,3.6748e-16
1.5807,2.5549e-16
1.5818,-1.6331e-16
1.583,-3.9954e-16
1.5842,-1.3415e-16
1.5853,1.9255e-17
1.5865,3.2606e-16
1.5877,-1.6331e-16
1.5888,-9.2733e-17
1.59,1.9255e-17
1.5912,1.9255e-17
1.5923,6.0671e-17
1.5935,-3.5813e-16
1.5947,-8.1834e-16
1.5958,-9.7174e-16
1.597,4.2579e-16
1.5982,-9.5948e-16
1.5993,-9.0117e-16
1.6005,7.326e-16
1.6017,-6.5268e-16
1.6028,-1.7556e-16
1.604,3.9664e-16
1.6052,-3.1671e-16
1.6064,2.4323e-16
1.6075,5.9146e-16
1.6087,6.7429e-16
1.6099,3.6748e-16
1.611,6.3287e-16
1.6122,1.0209e-16
1.6134,-5.821e-16
1.6145,-1.7556e-16
1.6157,-2.4614e-16
1.6169,-1.3415e-16
1.618,7.0345e-16
1.6192,-3.8728e-16
1.6204,-1.0837e-15
1.6215,-6.3576e-17
1.6227,-5.1153e-16
1.6239,-1.7556e-16
1.625,-5.1153e-16
1.6262,-7.0635e-16
1.6274,-1.7556e-16
1.6285,-3.9954e-16
1.6297,2.4323e-16
1.6309,-5.821e-16
1.632,1.3124e-16
1.6332,-1.0009e-15
1.6344,-3.7039e-16
1.6355,-1.3415e-16
1.6367,-3.5813e-16
1.6379,1.3124e-16
1.639,-5.821e-16
1.6402,-4.4096e-16
1.6414,-1.1957e-15
1.6425,-3.7039e-16
1.6437,-1.3415e-16
1.6449,3.2606e-16
1.646,-1.6331e-16
1.6472,1.7266e-16
1.6484,-9.2733e-17
1.6495,1.7266e-16
1.6507,-2.0472e-16
1.6519,9.6884e-16
1.653,-8.7665e-16
1.6542,9.1516e-16
1.6554,1.8492e-16
1.6565,1.0209e-16
1.6577,1.0209e-16
1.6589,-4.287e-16
1.6601,-5.1153e-16
1.6612,1.3048e-15
1.6624,-3.9058e-17
1.6636,-6.6493e-16
1.6647,-2.1698e-16
1.6659,-2.0472e-16
1.6671,-8.1834e-16
1.6682,-1.1251e-15
1.6694,-7.5836e-17
1.6706,-5.1153e-16
1.6717,9.2742e-16
1.6729,3.3832e-16
1.6741,-1.2189e-16
1.6752,-1.2663e-15
1.6764,-5.9436e-16
1.6776,-2.8755e-16
1.6787,-4.287e-16
1.6799,-7.3551e-16
1.6811,-2.8755e-16
1.6822,1.9255e-17
1.6834,-2.0472e-16
1.6846,-2.8755e-16
1.6857,2.4323e-16
1.6869,1.0209e-16
1.6881,1.0209e-16
1.6892,1.9255e-17
1.6904,-2.0472e-16
1.6916,3.2606e-16
1.6927,-5.1153e-16
1.6939,-2.0472e-16
1.6951,-7.3551e-16
1.6962,-6.3576e-17
1.6974,6.3287e-16
1.6986,-1.2189e-16
1.6997,-4.287e-16
1.7009,3.2606e-16
1.7021,-4.287e-16
1.7032,1.9255e-17
1.7044,-4.287e-16
1.7056,-1.2663e-15
1.7067,-5.9436e-16
1.7079,-1.1251e-15
1.7091,9.1516e-16
1.7102,-8.7665e-16
1.7114,-2.8755e-16
1.7126,-1.2663e-15
1.7138,-5.9436e-16
1.7149,2.4323e-16
1.7161,-1.2189e-16
1.7173,5.5004e-16
1.7184,-4.287e-16
1.7196,1.9255e-17
1.7208,1.0209e-16
1.7219,-2.0472e-16
1.7231,-5.1153e-16
1.7243,1.9255e-17
1.7254,-1.0423e-15
1.7266,-6.3576e-17
1.7278,-8.1834e-16
1.7289,-2.8755e-16
1.7301,-2.8755e-16
1.7313,-2.0472e-16
1.7324,1.9255e-17
1.7336,-2.0472e-16
1.7348,-2.0472e-16
1.7359,-2.0472e-16
1.7371,2.4323e-16
1.7383,4.089e-16
1.7394,1.0209e-16
1.7406,5.5004e-16
1.7418,-8.7665e-16
1.7429,2.4323e-16
1.7441,5.5004e-16
1.7453,-6.5268e-16
1.7464,-2.8755e-16
1.7476,7.7402e-16
1.7488,-1.2189e-16
1.7499,-7.3551e-16
1.7511,-2.8755e-16
1.7523,-2.0472e-16
1.7534,-1.2189e-16
1.7546,3.2606e-16
1.7558,1.0209e-16
1.7569,1.0209e-16
1.7581,-5.1153e-16
1.7593,1.9255e-17
1.7604,-1.2189e-16
1.7616,-7.3551e-16
1.7628,-5.1153e-16
1.764,7.7402e-16
1.7651,-6.5268e-16
1.7663,7.7402e-16
1.7675,-1.3369e-15
1.7686,6.9962e-18
1.7698,2.4323e-16
1.771,-5.821e-16
1.7721,-4.4096e-16
1.7733,1.7266e-16
1.7745,-5.821e-16
1.7756,-6.6493e-16
1.7768,-4.4096e-16
1.778,-4.4096e-16
1.7791,-1.3415e-16
1.7803,1.9255e-17
1.7815,1.7266e-16
1.7826,-5.1317e-17
1.7838,2.5549e-16
1.785,1.0209e-16
1.7861,1.7266e-16
1.7873,7.0345e-16
1.7885,3.1515e-17
1.7896,-9.2733e-17
1.7908,-1.3415e-16
1.792,-8.475e-16
1.7931,3.5522e-16
1.7943,1.435e-16
1.7955,9.6884e-16
1.7966,-2.3388e-16
1.7978,-2.4614e-16
1.799,1.3124e-16
1.8001,-5.1317e-17
1.8013,7.0345e-16
1.8025,3.1515e-17
1.8036,-5.1317e-17
1.8048,-2.0472e-16
1.806,2.8465e-16
1.8071,-3.1671e-16
1.8083,-1.3415e-16
1.8095,1.9255e-17
1.8106,2.8465e-16
1.8118,-4.7011e-16
1.813,5.5004e-16
1.8141,-1.2189e-16
1.8153,-3.5813e-16
1.8165,-6.6493e-16
1.8177,-9.7174e-16
1.8188,-1.0499e-16
1.82,3.2606e-16
1.8212,3.6748e-16
1.8223,-5.1317e-17
1.8235,8.5685e-16
1.8247,-2.3388e-16
1.8258,1.9255e-17
1.827,-1.1543e-15
1.8282,-3.7039e-16
1.8293,8.1543e-16
1.8305,2.9691e-16
1.8317,1.0209e-16
1.8328,4.7947e-16
1.834,-5.1317e-17
1.8352,6.0671e-17
1.8363,5.9146e-16
1.8375,-9.5948e-16
1.8387,4.6721e-16
1.8398,-1.0715e-15
1.841,1.604e-16
1.8422,4.7947e-16
1.8433,-4.287e-16
1.8445,2.4323e-16
1.8457,-3.1671e-16
1.8468,3.9664e-16
1.848,4.7947e-16
1.8492,-2.7529e-16
1.8503,-1.3415e-16
1.8515,1.3124e-16
1.8527,-4.7011e-16
1.8538,-2.4614e-16
1.855,-8.1834e-16
1.8562,-4.4096e-16
1.8573,-4.4096e-16
1.8585,-9.7174e-16
1.8597,-7.4777e-16
1.8608,4.8412e-17
1.862,5.9146e-16
1.8632,2.9691e-16
1.8643,-2.0472e-16
1.8655,-1.3415e-16
1.8667,-9.3033e-16
1.8678,3.1381e-16
1.869,-5.1317e-17
1.8702,-3.5813e-16
1.8714,3.5522e-16
1.8725,-4.7011e-16
1.8737,-2.8755e-16
1.8749,-3.9954e-16
1.876,-1.3415e-16
1.8772,1.7266e-16
1.8784,-2.0472e-16
1.8795,-2.8755e-16
1.8807,-2.4614e-16
1.8819,2.8465e-16
1.883,-2.0472e-16
1.8842,-5.1153e-16
1.8854,6.6203e-16
1.8865,4.7947e-16
1.8877,-9.9013e-18
1.8889,7.0345e-16
1.89,-1.0715e-15
1.8912,2.7239e-16
1.8924,-3.1671e-16
1.8935,-3.9954e-16
1.8947,-2.8755e-16
1.8959,2.4323e-16
1.897,-6.2352e-16
1.8982,8.9828e-17
1.8994,-5.1317e-17
1.9005,-8.8891e-16
1.9017,-4.8237e-16
1.9029,-2.8755e-16
1.904,-3.9954e-16
1.9052,3.5522e-16
1.9064,-4.7011e-16
1.9075,-3.2897e-16
1.9087,3.9664e-16
1.9099,-5.821e-16
1.911,3.5522e-16
1.9122,-1.6331e-16
1.9134,-8.1834e-16
1.9145,-2.216e-17
1.9157,-9.2733e-17
1.9169,6.6203e-16
1.918,-3.8728e-16
1.9192,2.4323e-16
1.9204,2.1408e-16
1.9216,1.3737e-16
1.9227,-4.3483e-16
1.9239,0.74972
1.9251,0.86571
1.9262,0.3885
1.9274,0.48159
1.9286,0.93291
1.9297,1.1864
1.9309,1.447
1.9321,1.7582
1.9332,1.7836
1.9344,1.6834
1.9356,1.7954
1.9367,1.9636
1.9379,2.0347
1.9391,2.1698
1.9402,2.3859
1.9414,2.4611
1.9426,2.3898
1.9437,2.3523
1.9449,2.3836
1.9461,2.4557
1.9472,2.6155
1.9484,2.8429
1.9496,3.0234
1.9507,3.1072
1.9519,3.0961
1.9531,3.0096
1.9542,2.9378
1.9554,2.9825
1.9566,3.1283
1.9577,3.2785
1.9589,3.3756
1.9601,3.4158
1.9612,3.4203
1.9624,3.4311
1.9636,3.488
1.9647,3.5804
1.9659,3.6686
1.9671,3.736
1.9682,3.789
1.9694,3.8377
1.9706,3.8938
1.9717,3.9547
1.9729,3.9957
1.9741,4.0076
1.9753,4.0212
1.9764,4.0778
1.9776,4.1849
1.9788,4.3053
1.9799,4.3861
1.9811,4.4093
1.9823,4.4053
1.9834,4.4144
1.9846,4.455
1.9858,4.5291
1.9869,4.6252
1.9881,4.7112
1.9893,4.7543
1.9904,4.7594
1.9916,4.7724
1.9928,4.834
1.9939,4.9392
1.9951,5.0473
1.9963,5.1236
1.9974,5.1655
1.9986,5.1921
1.9998,5.2211
2.0009,5.2605
2.0021,5.3126
2.0033,5.3768
2.0044,5.4477
2.0056,5.5159
2.0068,5.5755
2.0079,5.6315
2.0091,5.6927
2.0103,5.7592
2.0114,5.8218
2.0126,5.8754
2.0138,5.9221
2.0149,5.9637
2.0161,5.9998
2.0173,6.0344
2.0184,6.0756
2.0196,6.1284
2.0208,6.19
2.0219,6.2537
2.0231,6.3135
2.0243,6.366
2.0254,6.4108
2.0266,6.4481
2.0278,6.4784
2.029,6.505
2.0301,6.5342
2.0313,6.5694
2.0325,6.6066
2.0336,6.6389
2.0348,6.6652
2.036,6.691
2.0371,6.7233
2.0383,6.7645
2.0395,6.811
2.0406,6.8546
2.0418,6.8864
2.043,6.9022
2.0441,6.9072
2.0453,6.9151
2.0465,6.9393
2.0476,6.9797
2.0488,7.0224
2.05,7.0521
2.0511,7.0648
2.0523,7.0672
2.0535,7.0701
2.0546,7.0808
2.0558,7.1
2.057,7.1213
2.0581,7.1353
2.0593,7.1371
2.0605,7.1313
2.0616,7.1286
2.0628,7.1377
2.064,7.1584
2.0651,7.1832
2.0663,7.2048
2.0675,7.2213
2.0686,7.2342
2.0698,7.2441
2.071,7.2491
2.0721,7.2479
2.0733,7.2414
2.0745,7.2323
2.0756,7.2242
2.0768,7.2205
2.078,7.2216
2.0792,7.2248
2.0803,7.2259
2.0815,7.2224
2.0827,7.2155
2.0838,7.209
2.085,7.2052
2.0862,7.2027
2.0873,7.1983
2.0885,7.1888
2.0897,7.1737
2.0908,7.1554
2.092,7.1376
2.0932,7.1243
2.0943,7.1172
2.0955,7.1135
2.0967,7.1058
2.0978,7.0888
2.099,7.0635
2.1002,7.0371
2.1013,7.0168
2.1025,7.0028
2.1037,6.9902
2.1048,6.9726
2.106,6.9453
2.1072,6.9097
2.1083,6.8723
2.1095,6.8396
2.1107,6.8132
2.1118,6.7885
2.113,6.7579
2.1142,6.7202
2.1153,6.6741
2.1165,6.6217
2.1177,6.5719
2.1188,6.5278
2.12,6.4812
2.1212,6.4237
2.1223,6.3524
2.1235,6.2468
2.1247,6.1468
2.1258,6.0757
2.127,6.0213
2.1282,5.9884
2.1293,5.9458
2.1305,5.8767
2.1317,5.7777
2.1329,5.6798
2.134,5.6128
2.1352,5.5709
2.1364,5.5391
2.1375,5.512
2.1387,5.4823
2.1399,5.4437
2.141,5.406
2.1422,5.371
2.1434,5.335
2.1445,5.3047
2.1457,5.2847
2.1469,5.2648
2.148,5.2336
2.1492,5.189
2.1504,5.1339
2.1515,5.0776
2.1527,5.0342
2.1539,5.0138
2.155,5.0111
2.1562,5.011
2.1574,5.0007
2.1585,4.9758
2.1597,4.9408
2.1609,4.9062
2.162,4.8793
2.1632,4.8584
2.1644,4.8387
2.1655,4.8169
2.1667,4.7928
2.1679,4.7683
2.169,4.7458
2.1702,4.7261
2.1714,4.708
2.1725,4.6908
2.1737,4.6752
2.1749,4.6621
2.176,4.6501
2.1772,4.6346
2.1784,4.612
2.1795,4.5832
2.1807,4.5538
2.1819,4.5301
2.183,4.5149
2.1842,4.5056
2.1854,4.4969
2.1866,4.4834
2.1877,4.4634
2.1889,4.4397
2.1901,4.4174
2.1912,4.4011
2.1924,4.391
2.1936,4.3837
2.1947,4.3746
2.1959,4.3617
2.1971,4.3464
2.1982,4.3311
2.1994,4.3173
2.2006,4.3049
2.2017,4.2931
2.2029,4.2812
2.2041,4.2684
2.2052,4.2539
2.2064,4.2373
2.2076,4.2188
2.2087,4.1999
2.2099,4.1824
2.2111,4.1677
2.2122,4.1559
2.2134,4.1468
2.2146,4.1395
2.2157,4.1335
2.2169,4.128
2.2181,4.1217
2.2192,4.1136
2.2204,4.1025
2.2216,4.0881
2.2227,4.0709
2.2239,4.0522
2.2251,4.0337
2.2262,4.0168
2.2274,4.0025
2.2286,3.9919
2.2297,3.9853
2.2309,3.9818
2.2321,3.9797
2.2332,3.9766
2.2344,3.9708
2.2356,3.9621
2.2367,3.951
2.2379,3.9388
2.2391,3.9261
2.2403,3.9133
2.2414,3.9004
2.2426,3.8879
2.2438,3.8766
2.2449,3.8675
2.2461,3.8605
2.2473,3.8546
2.2484,3.8484
2.2496,3.8408
2.2508,3.8317
2.2519,3.8219
2.2531,3.8121
2.2543,3.8028
2.2554,3.7937
2.2566,3.7845
2.2578,3.7752
2.2589,3.7663
2.2601,3.7586
2.2613,3.7522
2.2624,3.7468
2.2636,3.741
2.2648,3.7338
2.2659,3.7252
2.2671,3.7158
2.2683,3.7068
2.2694,3.6987
2.2706,3.6917
2.2718,3.6858
2.2729,3.6805
2.2741,3.6755
2.2753,3.6702
2.2764,3.6639
2.2776,3.656
2.2788,3.646
2.2799,3.6345
2.2811,3.6223
2.2823,3.6107
2.2834,3.6008
2.2846,3.5929
2.2858,3.587
2.2869,3.5825
2.2881,3.5789
2.2893,3.5759
2.2905,3.5731
2.2916,3.5701
2.2928,3.5666
2.294,3.5619
2.2951,3.5557
2.2963,3.5479
2.2975,3.5388
2.2986,3.5293
2.2998,3.52
2.301,3.5115
2.3021,3.5039
2.3033,3.4972
2.3045,3.4913
2.3056,3.4863
2.3068,3.4821
2.308,3.4784
2.3091,3.4748
2.3103,3.4706
2.3115,3.4653
2.3126,3.4586
2.3138,3.4506
2.315,3.4419
2.3161,3.4332
2.3173,3.4252
2.3185,3.4185
2.3196,3.4134
2.3208,3.4097
2.322,3.4069
2.3231,3.4044
2.3243,3.4014
2.3255,3.3972
2.3266,3.3919
2.3278,3.3855
2.329,3.3787
2.3301,3.3721
2.3313,3.3659
2.3325,3.3605
2.3336,3.3557
2.3348,3.3513
2.336,3.3472
2.3371,3.3432
2.3383,3.3391
2.3395,3.3345
2.3406,3.3291
2.3418,3.3229
2.343,3.3163
2.3442,3.3098
2.3453,3.304
2.3465,3.2994
2.3477,3.2957
2.3488,3.2925
2.35,3.2893
2.3512,3.2856
2.3523,3.2811
2.3535,3.2758
2.3547,3.2698
2.3558,3.2634
2.357,3.257
2.3582,3.2509
2.3593,3.2456
2.3605,3.2414
2.3617,3.2384
2.3628,3.2367
2.364,3.2356
2.3652,3.2348
2.3663,3.2334
2.3675,3.2309
2.3687,3.227
2.3698,3.2216
2.371,3.2148
2.3722,3.2071
2.3733,3.1991
2.3745,3.1913
2.3757,3.1845
2.3768,3.1789
2.378,3.1745
2.3792,3.1711
2.3803,3.1685
2.3815,3.1661
2.3827,3.1638
2.3838,3.1614
2.385,3.1588
2.3862,3.1558
2.3873,3.1525
2.3885,3.1488
2.3897,3.1447
2.3908,3.1405
2.392,3.1363
2.3932,3.1322
2.3943,3.1282
2.3955,3.1245
2.3967,3.121
2.3979,3.1176
2.399,3.1144
2.4002,3.1112
2.4014,3.108
2.4025,3.1046
2.4037,3.1009
2.4049,3.0967
2.406,3.0922
2.4072,3.0874
2.4084,3.0827
2.4095,3.0782
2.4107,3.074
2.4119,3.0701
2.413,3.0666
2.4142,3.0632
2.4154,3.0598
2.4165,3.0565
2.4177,3.0532
2.4189,3.0499
2.42,3.0467
2.4212,3.0439
2.4224,3.0414
2.4235,3.0394
2.4247,3.0376
2.4259,3.0357
2.427,3.0333
2.4282,3.0302
2.4294,3.0262
2.4305,3.0214
2.4317,3.0161
2.4329,3.0105
2.434,3.0052
2.4352,3.0007
2.4364,2.9972
2.4375,2.995
2.4387,2.9939
2.4399,2.9935
2.441,2.9932
2.4422,2.9922
2.4434,2.9902
2.4445,2.9867
2.4457,2.9818
2.4469,2.976
2.4481,2.9697
2.4492,2.9637
2.4504,2.9585
2.4516,2.9544
2.4527,2.9517
2.4539,2.9503
2.4551,2.9498
2.4562,2.9497
2.4574,2.9494
2.4586,2.9486
2.4597,2.947
2.4609,2.9446
2.4621,2.9415
2.4632,2.9378
2.4644,2.934
2.4656,2.9301
2.4667,2.9263
2.4679,2.9226
2.4691,2.919
2.4702,2.9156
2.4714,2.9121
2.4726,2.9088
2.4737,2.9057
2.4749,2.9027
2.4761,2.9
2.4772,2.8976
2.4784,2.8955
2.4796,2.8934
2.4807,2.8913
2.4819,2.889
2.4831,2.8865
2.4842,2.8838
2.4854,2.881
2.4866,2.8783
2.4877,2.8756
2.4889,2.8732
2.4901,2.8711
2.4912,2.8692
2.4924,2.8675
2.4936,2.8659
2.4947,2.8642
2.4959,2.8624
2.4971,2.8602
2.4982,2.8577
2.4994,2.8547
2.5006,2.8514
2.5018,2.8478
2.5029,2.844
2.5041,2.8402
2.5053,2.8363
2.5064,2.8326
2.5076,2.8292
2.5088,2.8262
2.5099,2.8237
2.5111,2.8217
2.5123,2.8202
2.5134,2.8191
2.5146,2.8182
2.5158,2.8174
2.5169,2.8163
2.5181,2.8148
2.5193,2.8127
2.5204,2.81
2.5216,2.8067
2.5228,2.8029
2.5239,2.799
2.5251,2.7953
2.5263,2.7921
2.5274,2.7895
2.5286,2.7878
2.5298,2.7867
2.5309,2.7862
2.5321,2.7858
2.5333,2.7851
2.5344,2.7837
2.5356,2.7813
2.5368,2.7781
2.5379,2.7741
2.5391,2.7698
2.5403,2.7656
2.5414,2.762
2.5426,2.7591
2.5438,2.7571
2.5449,2.7557
2.5461,2.7549
2.5473,2.7541
2.5484,2.7532
2.5496,2.7519
2.5508,2.7503
2.5519,2.7484
2.5531,2.7464
2.5543,2.7444
2.5555,2.7426
2.5566,2.741
2.5578,2.7394
2.559,2.7377
2.5601,2.7357
2.5613,2.7333
2.5625,2.7306
2.5636,2.7276
2.5648,2.7247
2.566,2.7219
2.5671,2.7196
2.5683,2.7176
2.5695,2.7159
2.5706,2.7145
2.5718,2.7129
2.573,2.7111
2.5741,2.7089
2.5753,2.7064
2.5765,2.7036
2.5776,2.7007
2.5788,2.6981
2.58,2.6957
2.5811,2.6938
2.5823,2.6924
2.5835,2.6914
2.5846,2.6907
2.5858,2.6902
2.587,2.6897
2.5881,2.6891
2.5893,2.6882
2.5905,2.6869
2.5916,2.6851
2.5928,2.6829
2.594,2.6803
2.5951,2.6774
2.5963,2.6743
2.5975,2.6711
2.5986,2.668
2.5998,2.665
2.601,2.6624
2.6021,2.6601
2.6033,2.6582
2.6045,2.6566
2.6057,2.6553
2.6068,2.6541
2.608,2.653
2.6092,2.6518
2.6103,2.6504
2.6115,2.6489
2.6127,2.6471
2.6138,2.6452
2.615,2.6431
2.6162,2.6411
2.6173,2.6392
2.6185,2.6374
2.6197,2.636
2.6208,2.6348
2.622,2.6338
2.6232,2.6328
2.6243,2.6318
2.6255,2.6305
2.6267,2.629
2.6278,2.6271
2.629,2.6249
2.6302,2.6226
2.6313,2.6201
2.6325,2.6178
2.6337,2.6156
2.6348,2.6137
2.636,2.6119
2.6372,2.6102
2.6383,2.6085
2.6395,2.6068
2.6407,2.605
2.6418,2.6033
2.643,2.6018
2.6442,2.6004
2.6453,2.5993
2.6465,2.5984
2.6477,2.5978
2.6488,2.5971
2.65,2.5964
2.6512,2.5954
2.6523,2.594
2.6535,2.5922
2.6547,2.5901
2.6558,2.5879
2.657,2.5857
2.6582,2.5838
2.6594,2.5821
2.6605,2.5808
2.6617,2.5796
2.6629,2.5784
2.664,2.577
2.6652,2.5754
2.6664,2.5733
2.6675,2.571
2.6687,2.5685
2.6699,2.566
2.671,2.5638
2.6722,2.5619
2.6734,2.5603
2.6745,2.5592
2.6757,2.5583
2.6769,2.5575
2.678,2.5568
2.6792,2.556
2.6804,2.5551
2.6815,2.5541
2.6827,2.553
2.6839,2.552
2.685,2.5509
2.6862,2.5498
2.6874,2.5486
2.6885,2.5472
2.6897,2.5456
2.6909,2.5438
2.692,2.5418
2.6932,2.5397
2.6944,2.5377
2.6955,2.5357
2.6967,2.5339
2.6979,2.5323
2.699,2.5309
2.7002,2.5295
2.7014,2.5282
2.7025,2.5269
2.7037,2.5255
2.7049,2.524
2.706,2.5225
2.7072,2.5209
2.7084,2.5194
2.7095,2.518
2.7107,2.5167
2.7119,2.5157
2.7131,2.5147
2.7142,2.5139
2.7154,2.5131
2.7166,2.5122
2.7177,2.5113
2.7189,2.5103
2.7201,2.5092
2.7212,2.508
2.7224,2.5067
2.7236,2.5054
2.7247,2.504
2.7259,2.5025
2.7271,2.5009
2.7282,2.4991
2.7294,2.4971
2.7306,2.4951
2.7317,2.493
2.7329,2.4911
2.7341,2.4894
2.7352,2.488
2.7364,2.487
2.7376,2.4862
2.7387,2.4857
2.7399,2.4853
2.7411,2.4848
2.7422,2.4841
2.7434,2.4831
2.7446,2.4819
2.7457,2.4804
2.7469,2.4788
2.7481,2.4773
2.7492,2.476
2.7504,2.4749
2.7516,2.474
2.7527,2.4732
2.7539,2.4724
2.7551,2.4716
2.7562,2.4705
2.7574,2.4692
2.7586,2.4676
2.7597,2.4658
2.7609,2.464
2.7621,2.4621
2.7633,2.4602
2.7644,2.4585
2.7656,2.457
2.7668,2.4555
2.7679,2.4542
2.7691,2.453
2.7703,2.4518
2.7714,2.4508
2.7726,2.4499
2.7738,2.4492
2.7749,2.4487
2.7761,2.4484
2.7773,2.4482
2.7784,2.4481
2.7796,2.4478
2.7808,2.4472
2.7819,2.4463
2.7831,2.445
2.7843,2.4434
2.7854,2.4415
2.7866,2.4396
2.7878,2.4377
2.7889,2.4361
2.7901,2.4347
2.7913,2.4336
2.7924,2.4326
2.7936,2.4317
2.7948,2.4307
2.7959,2.4296
2.7971,2.4283
2.7983,2.4268
2.7994,2.4253
2.8006,2.4238
2.8018,2.4224
2.8029,2.4211
2.8041,2.42
2.8053,2.4189
2.8064,2.4179
2.8076,2.417
2.8088,2.4161
2.8099,2.4153
2.8111,2.4146
2.8123,2.414
2.8134,2.4136
2.8146,2.4133
2.8158,2.4129
2.817,2.4124
2.8181,2.4116
2.8193,2.4104
2.8205,2.4088
2.8216,2.4069
2.8228,2.4047
2.824,2.4026
2.8251,2.4007
2.8263,2.3991
2.8275,2.3979
2.8286,2.3971
2.8298,2.3965
2.831,2.396
2.8321,2.3954
2.8333,2.3946
2.8345,2.3937
2.8356,2.3925
2.8368,2.3913
2.838,2.3901
2.8391,2.389
2.8403,2.3882
2.8415,2.3876
2.8426,2.3872
2.8438,2.3869
2.845,2.3866
2.8461,2.3863
2.8473,2.3857
2.8485,2.385
2.8496,2.3841
2.8508,2.383
2.852,2.3818
2.8531,2.3806
2.8543,2.3792
2.8555,2.3778
2.8566,2.3762
2.8578,2.3746
2.859,2.373
2.8601,2.3713
2.8613,2.3697
2.8625,2.3683
2.8636,2.3672
2.8648,2.3664
2.866,2.3658
2.8671,2.3656
2.8683,2.3654
2.8695,2.3653
2.8707,2.3652
2.8718,2.3648
2.873,2.3642
2.8742,2.3633
2.8753,2.3623
2.8765,2.361
2.8777,2.3598
2.8788,2.3586
2.88,2.3576
2.8812,2.3568
2.8823,2.3562
2.8835,2.3556
2.8847,2.3551
2.8858,2.3544
2.887,2.3535
2.8882,2.3523
2.8893,2.3509
2.8905,2.3493
2.8917,2.3476
2.8928,2.3459
2.894,2.3442
2.8952,2.3428
2.8963,2.3416
2.8975,2.3407
2.8987,2.3399
2.8998,2.3393
2.901,2.3388
2.9022,2.3383
2.9033,2.3379
2.9045,2.3375
2.9057,2.337
2.9068,2.3366
2.908,2.336
2.9092,2.3353
2.9103,2.3345
2.9115,2.3334
2.9127,2.3323
2.9138,2.3311
2.915,2.3299
2.9162,2.3288
2.9173,2.3278
2.9185,2.3271
2.9197,2.3266
2.9208,2.3261
2.922,2.3256
2.9232,2.3249
2.9244,2.324
2.9255,2.3228
2.9267,2.3213
2.9279,2.3198
2.929,2.3184
2.9302,2.3171
2.9314,2.3161
2.9325,2.3153
2.9337,2.3149
2.9349,2.3146
2.936,2.3145
2.9372,2.3143
2.9384,2.3141
2.9395,2.3137
2.9407,2.3133
2.9419,2.3129
2.943,2.3124
2.9442,2.3118
2.9454,2.3111
2.9465,2.3103
2.9477,2.3094
2.9489,2.3082
2.95,2.3069
2.9512,2.3056
2.9524,2.3041
2.9535,2.3027
2.9547,2.3015
2.9559,2.3004
2.957,2.2995
2.9582,2.2987
2.9594,2.298
2.9605,2.2973
2.9617,2.2965
2.9629,2.2958
2.964,2.2949
2.9652,2.2941
2.9664,2.2934
2.9675,2.2928
2.9687,2.2923
2.9699,2.292
2.971,2.2918
2.9722,2.2917
2.9734,2.2915
2.9746,2.2912
2.9757,2.2908
2.9769,2.29
2.9781,2.2891
2.9792,2.2879
2.9804,2.2866
2.9816,2.2852
2.9827,2.2839
2.9839,2.2827
2.9851,2.2816
2.9862,2.2807
2.9874,2.2799
2.9886,2.2792
2.9897,2.2785
2.9909,2.2778
2.9921,2.2769
2.9932,2.276
2.9944,2.2751
2.9956,2.2741
2.9967,2.2732
2.9979,2.2725
2.9991,2.2719
3.0002,2.2714
3.0014,2.271
3.0026,2.2707
3.0037,2.2704
3.0049,2.27
3.0061,2.2695
3.0072,2.2689
3.0084,2.2683
3.0096,2.2676
3.0107,2.267
3.0119,2.2664
3.0131,2.2657
3.0142,2.265
3.0154,2.2641
3.0166,2.2631
3.0177,2.262
3.0189,2.2608
3.0201,2.2596
3.0212,2.2586
3.0224,2.2577
3.0236,2.257
3.0247,2.2564
3.0259,2.256
3.0271,2.2556
3.0283,2.2551
3.0294,2.2546
3.0306,2.2539
3.0318,2.2532
3.0329,2.2525
3.0341,2.2519
3.0353,2.2514
3.0364,2.2511
3.0376,2.2509
3.0388,2.2508
3.0399,2.2506
3.0411,2.2503
3.0423,2.2499
3.0434,2.2492
3.0446,2.2484
3.0458,2.2474
3.0469,2.2463
3.0481,2.2451
3.0493,2.2439
3.0504,2.2427
3.0516,2.2416
3.0528,2.2405
3.0539,2.2394
3.0551,2.2383
3.0563,2.2374
3.0574,2.2366
3.0586,2.2361
3.0598,2.2357
3.0609,2.2355
3.0621,2.2353
3.0633,2.2353
3.0644,2.2351
3.0656,2.2349
3.0668,2.2345
3.0679,2.2339
3.0691,2.2333
3.0703,2.2327
3.0714,2.2321
3.0726,2.2316
3.0738,2.2313
3.0749,2.2309
3.0761,2.2306
3.0773,2.2301
3.0784,2.2295
3.0796,2.2286
3.0808,2.2275
3.082,2.2262
3.0831,2.2247
3.0843,2.2233
3.0855,2.2219
3.0866,2.2208
3.0878,2.22
3.089,2.2194
3.0901,2.2191
3.0913,2.2189
3.0925,2.2188
3.0936,2.2187
3.0948,2.2185
3.096,2.2181
3.0971,2.2176
3.0983,2.217
3.0995,2.2163
3.1006,2.2156
3.1018,2.2149
3.103,2.2143
3.1041,2.2137
3.1053,2.2132
3.1065,2.2127
3.1076,2.2121
3.1088,2.2115
3.11,2.2109
3.1111,2.2103
3.1123,2.2096
3.1135,2.209
3.1146,2.2084
3.1158,2.2078
3.117,2.2071
3.1181,2.2063
3.1193,2.2054
3.1205,2.2044
3.1216,2.2033
3.1228,2.2023
3.124,2.2013
3.1251,2.2006
3.1263,2.2002
3.1275,2.2
3.1286,2.2
3.1298,2.2002
3.131,2.2004
3.1322,2.2005
3.1333,2.2004
3.1345,2.2
3.1357,2.1995
3.1368,2.1988
3.138,2.198
3.1392,2.1971
3.1403,2.1963
3.1415,2.1956
3.1427,2.1949
3.1438,2.1943
3.145,2.1937
3.1462,2.193
3.1473,2.1923
3.1485,2.1916
3.1497,2.1908
3.1508,2.1899
3.152,2.1891
3.1532,2.1883
3.1543,2.1875
3.1555,2.1868
3.1567,2.1862
3.1578,2.1857
3.159,2.1852
3.1602,2.1849
3.1613,2.1847
3.1625,2.1846
3.1637,2.1847
3.1648,2.1848
3.166,2.1849
3.1672,2.1849
3.1683,2.1847
3.1695,2.1844
3.1707,2.1838
3.1718,2.183
3.173,2.182
3.1742,2.1809
3.1753,2.1797
3.1765,2.1786
3.1777,2.1776
3.1788,2.1767
3.18,2.1761
3.1812,2.1755
3.1823,2.1751
3.1835,2.1746
3.1847,2.1742
3.1859,2.1736
3.187,2.1729
3.1882,2.1722
3.1894,2.1714
3.1905,2.1707
3.1917,2.17
3.1929,2.1695
3.194,2.1691
3.1952,2.1688
3.1964,2.1687
3.1975,2.1686
3.1987,2.1685
3.1999,2.1683
3.201,2.168
3.2022,2.1676
3.2034,2.1671
3.2045,2.1664
3.2057,2.1656
3.2069,2.1648
3.208,2.1639
3.2092,2.1631
3.2104,2.1623
3.2115,2.1616
3.2127,2.1609
3.2139,2.1603
3.215,2.1598
3.2162,2.1594
3.2174,2.159
3.2185,2.1586
3.2197,2.1583
3.2209,2.158
3.222,2.1576
3.2232,2.1572
3.2244,2.1568
3.2255,2.1564
3.2267,2.156
3.2279,2.1556
3.229,2.1552
3.2302,2.1549
3.2314,2.1546
3.2325,2.1544
3.2337,2.1542
3.2349,2.1541
3.236,2.1539
3.2372,2.1536
3.2384,2.1532
3.2396,2.1527
3.2407,2.152
3.2419,2.1511
3.2431,2.1501
3.2442,2.1491
3.2454,2.148
3.2466,2.1471
3.2477,2.1462
3.2489,2.1454
3.2501,2.1449
3.2512,2.1444
3.2524,2.1441
3.2536,2.1438
3.2547,2.1437
3.2559,2.1435
3.2571,2.1434
3.2582,2.1433
3.2594,2.1432
3.2606,2.143
3.2617,2.1429
3.2629,2.1426
3.2641,2.1423
3.2652,2.1418
3.2664,2.1413
3.2676,2.1408
3.2687,2.1402
3.2699,2.1396
3.2711,2.139
3.2722,2.1384
3.2734,2.1378
3.2746,2.1372
3.2757,2.1364
3.2769,2.1356
3.2781,2.1346
3.2792,2.1336
3.2804,2.1327
3.2816,2.1318
3.2827,2.1311
3.2839,2.1306
3.2851,2.1303
3.2862,2.1302
3.2874,2.1302
3.2886,2.1302
3.2898,2.1302
3.2909,2.1301
3.2921,2.1298
3.2933,2.1294
3.2944,2.1289
3.2956,2.1284
3.2968,2.1279
3.2979,2.1275
3.2991,2.1271
3.3003,2.1267
3.3014,2.1264
3.3026,2.126
3.3038,2.1255
3.3049,2.125
3.3061,2.1244
3.3073,2.1237
3.3084,2.123
3.3096,2.1223
3.3108,2.1217
3.3119,2.1211
3.3131,2.1205
3.3143,2.12
3.3154,2.1196
3.3166,2.1192
3.3178,2.1189
3.3189,2.1187
3.3201,2.1185
3.3213,2.1183
3.3224,2.1182
3.3236,2.1181
3.3248,2.118
3.3259,2.1178
3.3271,2.1177
3.3283,2.1175
3.3294,2.1172
3.3306,2.1169
3.3318,2.1165
3.3329,2.1159
3.3341,2.1153
3.3353,2.1146
3.3364,2.1139
3.3376,2.1131
3.3388,2.1124
3.3399,2.1117
3.3411,2.1112
3.3423,2.1106
3.3435,2.1102
3.3446,2.1097
3.3458,2.1092
3.347,2.1087
3.3481,2.1082
3.3493,2.1076
3.3505,2.107
3.3516,2.1065
3.3528,2.1061
3.354,2.1059
3.3551,2.1058
3.3563,2.1058
3.3575,2.1058
3.3586,2.1059
3.3598,2.106
3.361,2.106
3.3621,2.1059
3.3633,2.1056
3.3645,2.1052
3.3656,2.1047
3.3668,2.1041
3.368,2.1033
3.3691,2.1025
3.3703,2.1016
3.3715,2.1008
3.3726,2.1
3.3738,2.0993
3.375,2.0987
3.3761,2.0982
3.3773,2.0978
3.3785,2.0974
3.3796,2.097
3.3808,2.0966
3.382,2.0962
3.3831,2.0957
3.3843,2.0953
3.3855,2.0949
3.3866,2.0946
3.3878,2.0945
3.389,2.0944
3.3901,2.0943
3.3913,2.0943
3.3925,2.0942
3.3936,2.094
3.3948,2.0937
3.396,2.0933
3.3972,2.0928
3.3983,2.0922
3.3995,2.0917
3.4007,2.0911
3.4018,2.0905
3.403,2.0899
3.4042,2.0894
3.4053,2.0888
3.4065,2.0882
3.4077,2.0877
3.4088,2.0872
3.41,2.0867
3.4112,2.0864
3.4123,2.0861
3.4135,2.0859
3.4147,2.0857
3.4158,2.0856
3.417,2.0854
3.4182,2.0852
3.4193,2.085
3.4205,2.0847
3.4217,2.0844
3.4228,2.0841
3.424,2.0838
3.4252,2.0835
3.4263,2.0833
3.4275,2.083
3.4287,2.0828
3.4298,2.0826
3.431,2.0823
3.4322,2.082
3.4333,2.0815
3.4345,2.081
3.4357,2.0803
3.4368,2.0796
3.438,2.0788
3.4392,2.078
3.4403,2.0772
3.4415,2.0765
3.4427,2.076
3.4438,2.0756
3.445,2.0753
3.4462,2.0752
3.4473,2.0753
3.4485,2.0754
3.4497,2.0754
3.4509,2.0754
3.452,2.0753
3.4532,2.0751
3.4544,2.0748
3.4555,2.0744
3.4567,2.0741
3.4579,2.0737
3.459,2.0734
3.4602,2.0732
3.4614,2.073
3.4625,2.0727
3.4637,2.0724
3.4649,2.072
3.466,2.0716
3.4672,2.071
3.4684,2.0704
3.4695,2.0697
3.4707,2.069
3.4719,2.0683
3.473,2.0676
3.4742,2.0669
3.4754,2.0662
3.4765,2.0656
3.4777,2.0652
3.4789,2.0648
3.48,2.0646
3.4812,2.0645
3.4824,2.0644
3.4835,2.0645
3.4847,2.0645
3.4859,2.0646
3.487,2.0645
3.4882,2.0643
3.4894,2.064
3.4905,2.0636
3.4917,2.0631
3.4929,2.0626
3.494,2.0621
3.4952,2.0616
3.4964,2.0611
3.4975,2.0606
3.4987,2.0601
3.4999,2.0597
3.5011,2.0592
3.5022,2.0588
3.5034,2.0583
3.5046,2.0579
3.5057,2.0574
3.5069,2.057
3.5081,2.0566
3.5092,2.0563
3.5104,2.056
3.5116,2.0558
3.5127,2.0556
3.5139,2.0555
3.5151,2.0554
3.5162,2.0554
3.5174,2.0555
3.5186,2.0555
3.5197,2.0556
3.5209,2.0556
3.5221,2.0555
3.5232,2.0552
3.5244,2.0549
3.5256,2.0544
3.5267,2.0538
3.5279,2.0532
3.5291,2.0525
3.5302,2.0518
3.5314,2.0513
3.5326,2.0508
3.5337,2.0504
3.5349,2.0501
3.5361,2.0498
3.5372,2.0496
3.5384,2.0493
3.5396,2.049
3.5407,2.0486
3.5419,2.0481
3.5431,2.0476
3.5442,2.0472
3.5454,2.0468
3.5466,2.0465
3.5477,2.0464
3.5489,2.0464
3.5501,2.0465
3.5512,2.0467
3.5524,2.0468
3.5536,2.0469
3.5548,2.0469
3.5559,2.0467
3.5571,2.0465
3.5583,2.0461
3.5594,2.0455
3.5606,2.0449
3.5618,2.0442
3.5629,2.0434
3.5641,2.0426
3.5653,2.0419
3.5664,2.0412
3.5676,2.0406
3.5688,2.0401
3.5699,2.0398
3.5711,2.0395
3.5723,2.0393
3.5734,2.0391
3.5746,2.0389
3.5758,2.0387
3.5769,2.0384
3.5781,2.038
3.5793,2.0376
3.5804,2.0372
3.5816,2.0368
3.5828,2.0365
3.5839,2.0363
3.5851,2.0363
3.5863,2.0363
3.5874,2.0364
3.5886,2.0365
3.5898,2.0364
3.5909,2.0363
3.5921,2.0359
3.5933,2.0354
3.5944,2.0348
3.5956,2.0341
3.5968,2.0334
3.5979,2.0327
3.5991,2.0322
3.6003,2.0317
3.6014,2.0314
3.6026,2.0311
3.6038,2.031
3.6049,2.0308
3.6061,2.0307
3.6073,2.0306
3.6085,2.0305
3.6096,2.0304
3.6108,2.0303
3.612,2.0302
3.6131,2.0301
3.6143,2.03
3.6155,2.0299
3.6166,2.0297
3.6178,2.0296
3.619,2.0294
3.6201,2.0291
3.6213,2.0289
3.6225,2.0286
3.6236,2.0283
3.6248,2.028
3.626,2.0277
3.6271,2.0273
3.6283,2.0269
3.6295,2.0264
3.6306,2.0258
3.6318,2.0251
3.633,2.0244
3.6341,2.0238
3.6353,2.0232
3.6365,2.0228
3.6376,2.0225
3.6388,2.0224
3.64,2.0224
3.6411,2.0225
3.6423,2.0226
3.6435,2.0227
3.6446,2.0227
3.6458,2.0226
3.647,2.0224
3.6481,2.0221
3.6493,2.0218
3.6505,2.0214
3.6516,2.021
3.6528,2.0206
3.654,2.0203
3.6551,2.02
3.6563,2.0198
3.6575,2.0196
3.6587,2.0194
3.6598,2.0192
3.661,2.0189
3.6622,2.0185
3.6633,2.018
3.6645,2.0174
3.6657,2.0166
3.6668,2.0159
3.668,2.0151
3.6692,2.0145
3.6703,2.014
3.6715,2.0137
3.6727,2.0136
3.6738,2.0137
3.675,2.0138
3.6762,2.0141
3.6773,2.0142
3.6785,2.0143
3.6797,2.0142
3.6808,2.014
3.682,2.0137
3.6832,2.0133
3.6843,2.0128
3.6855,2.0124
3.6867,2.012
3.6878,2.0117
3.689,2.0114
3.6902,2.0112
3.6913,2.0109
3.6925,2.0107
3.6937,2.0104
3.6948,2.0101
3.696,2.0097
3.6972,2.0093
3.6983,2.0088
3.6995,2.0084
3.7007,2.008
3.7018,2.0076
3.703,2.0073
3.7042,2.0071
3.7053,2.007
3.7065,2.0069
3.7077,2.0069
3.7088,2.007
3.71,2.0071
3.7112,2.0071
3.7124,2.0072
3.7135,2.0072
3.7147,2.0071
3.7159,2.0069
3.717,2.0067
3.7182,2.0064
3.7194,2.006
3.7205,2.0055
3.7217,2.0049
3.7229,2.0043
3.724,2.0037
3.7252,2.0031
3.7264,2.0026
3.7275,2.0023
3.7287,2.002
3.7299,2.0018
3.731,2.0016
3.7322,2.0014
3.7334,2.0012
3.7345,2.001
3.7357,2.0007
3.7369,2.0003
3.738,2
3.7392,1.9997
3.7404,1.9996
3.7415,1.9995
3.7427,1.9997
3.7439,1.9999
3.745,2.0001
3.7462,2.0003
3.7474,2.0004
3.7485,2.0003
3.7497,2.0001
3.7509,1.9996
3.752,1.9991
3.7532,1.9985
3.7544,1.9978
3.7555,1.9972
3.7567,1.9966
3.7579,1.9961
3.759,1.9957
3.7602,1.9954
3.7614,1.9951
3.7625,1.9949
3.7637,1.9947
3.7649,1.9945
3.7661,1.9943
3.7672,1.9941
3.7684,1.9938
3.7696,1.9934
3.7707,1.9931
3.7719,1.9927
3.7731,1.9924
3.7742,1.9921
3.7754,1.9919
3.7766,1.9918
3.7777,1.9918
3.7789,1.9919
3.7801,1.992
3.7812,1.992
3.7824,1.9919
3.7836,1.9918
3.7847,1.9915
3.7859,1.9911
3.7871,1.9906
3.7882,1.99
3.7894,1.9894
3.7906,1.9889
3.7917,1.9883
3.7929,1.9879
3.7941,1.9875
3.7952,1.9873
3.7964,1.9871
3.7976,1.987
3.7987,1.9869
3.7999,1.9869
3.8011,1.9869
3.8022,1.9868
3.8034,1.9868
3.8046,1.9867
3.8057,1.9865
3.8069,1.9864
3.8081,1.9863
3.8092,1.9862
3.8104,1.9861
3.8116,1.986
3.8127,1.986
3.8139,1.9858
3.8151,1.9857
3.8163,1.9855
3.8174,1.9852
3.8186,1.9849
3.8198,1.9845
3.8209,1.9841
3.8221,1.9837
3.8233,1.9832
3.8244,1.9827
3.8256,1.9822
3.8268,1.9817
3.8279,1.9813
3.8291,1.9809
3.8303,1.9807
3.8314,1.9806
3.8326,1.9806
3.8338,1.9807
3.8349,1.9809
3.8361,1.981
3.8373,1.9811
3.8384,1.981
3.8396,1.9808
3.8408,1.9805
3.8419,1.9802
3.8431,1.9799
3.8443,1.9797
3.8454,1.9796
3.8466,1.9795
3.8478,1.9794
3.8489,1.9793
3.8501,1.9791
3.8513,1.9788
3.8524,1.9784
3.8536,1.9779
3.8548,1.9773
3.8559,1.9767
3.8571,1.9761
3.8583,1.9757
3.8594,1.9753
3.8606,1.9749
3.8618,1.9747
3.8629,1.9744
3.8641,1.9741
3.8653,1.9739
3.8664,1.9736
3.8676,1.9735
3.8688,1.9734
3.87,1.9734
3.8711,1.9734
3.8723,1.9734
3.8735,1.9734
3.8746,1.9734
3.8758,1.9732
3.877,1.9729
3.8781,1.9725
3.8793,1.9721
3.8805,1.9717
3.8816,1.9714
3.8828,1.9711
3.884,1.9709
3.8851,1.9708
3.8863,1.9707
3.8875,1.9705
3.8886,1.9703
3.8898,1.9701
3.891,1.9698
3.8921,1.9694
3.8933,1.9689
3.8945,1.9685
3.8956,1.9682
3.8968,1.9679
3.898,1.9678
3.8991,1.9677
3.9003,1.9678
3.9015,1.9679
3.9026,1.9681
3.9038,1.9683
3.905,1.9685
3.9061,1.9685
3.9073,1.9685
3.9085,1.9683
3.9096,1.9681
3.9108,1.9678
3.912,1.9675
3.9131,1.9672
3.9143,1.9668
3.9155,1.9665
3.9166,1.9661
3.9178,1.9657
3.919,1.9654
3.9201,1.965
3.9213,1.9646
3.9225,1.9642
3.9237,1.9638
3.9248,1.9636
3.926,1.9633
3.9272,1.9632
3.9283,1.9631
3.9295,1.963
3.9307,1.9629
3.9318,1.9628
3.933,1.9627
3.9342,1.9627
3.9353,1.9626
3.9365,1.9626
3.9377,1.9626
3.9388,1.9626
3.94,1.9626
3.9412,1.9625
3.9423,1.9623
3.9435,1.9621
3.9447,1.9617
3.9458,1.9614
3.947,1.9609
3.9482,1.9605
3.9493,1.96
3.9505,1.9596
3.9517,1.9592
3.9528,1.9588
3.954,1.9584
3.9552,1.958
3.9563,1.9577
3.9575,1.9575
3.9587,1.9572
3.9598,1.9571
3.961,1.9569
3.9622,1.9568
3.9633,1.9567
3.9645,1.9566
3.9657,1.9564
3.9668,1.9563
3.968,1.9561
3.9692,1.9559
3.9703,1.9558
3.9715,1.9557
3.9727,1.9556
3.9739,1.9556
3.975,1.9556
3.9762,1.9555
3.9774,1.9554
3.9785,1.9551
3.9797,1.9548
3.9809,1.9544
3.982,1.954
3.9832,1.9535
3.9844,1.9531
3.9855,1.9527
3.9867,1.9524
3.9879,1.9522
3.989,1.952
3.9902,1.952
3.9914,1.9519
3.9925,1.9519
3.9937,1.9519
3.9949,1.9519
3.996,1.9519
3.9972,1.9518
3.9984,1.9518
3.9995,1.9517
4.0007,1.9516
4.0019,1.9516
4.003,1.9515
4.0042,1.9514
4.0054,1.9513
4.0065,1.9511
4.0077,1.951
4.0089,1.9508
4.01,1.9505
4.0112,1.9503
4.0124,1.95
4.0135,1.9496
4.0147,1.9493
4.0159,1.9489
4.017,1.9485
4.0182,1.9482
4.0194,1.9478
4.0205,1.9474
4.0217,1.947
4.0229,1.9467
4.024,1.9465
4.0252,1.9463
4.0264,1.9462
4.0276,1.9463
4.0287,1.9464
4.0299,1.9465
4.0311,1.9467
4.0322,1.9468
4.0334,1.9469
4.0346,1.9469
4.0357,1.9468
4.0369,1.9466
4.0381,1.9463
4.0392,1.946
4.0404,1.9457
4.0416,1.9454
4.0427,1.945
4.0439,1.9448
4.0451,1.9445
4.0462,1.9442
4.0474,1.944
4.0486,1.9437
4.0497,1.9433
4.0509,1.943
4.0521,1.9426
4.0532,1.9423
4.0544,1.9419
4.0556,1.9416
4.0567,1.9413
4.0579,1.9412
4.0591,1.941
4.0602,1.941
4.0614,1.9409
4.0626,1.9409
4.0637,1.9409
4.0649,1.9409
4.0661,1.9408
4.0672,1.9407
4.0684,1.9406
4.0696,1.9404
4.0707,1.9402
4.0719,1.94
4.0731,1.9398
4.0742,1.9396
4.0754,1.9393
4.0766,1.939
4.0777,1.9388
4.0789,1.9385
4.0801,1.9382
4.0813,1.938
4.0824,1.9378
4.0836,1.9376
4.0848,1.9374
4.0859,1.9372
4.0871,1.937
4.0883,1.9368
4.0894,1.9366
4.0906,1.9365
4.0918,1.9363
4.0929,1.9362
4.0941,1.9361
4.0953,1.9361
4.0964,1.9361
4.0976,1.9362
4.0988,1.9363
4.0999,1.9364
4.1011,1.9364
4.1023,1.9364
4.1034,1.9363
4.1046,1.9362
4.1058,1.9359
4.1069,1.9356
4.1081,1.9353
4.1093,1.9348
4.1104,1.9343
4.1116,1.9339
4.1128,1.9335
4.1139,1.9331
4.1151,1.9329
4.1163,1.9327
4.1174,1.9326
4.1186,1.9326
4.1198,1.9326
4.1209,1.9326
4.1221,1.9325
4.1233,1.9324
4.1244,1.9322
4.1256,1.932
4.1268,1.9318
4.1279,1.9317
4.1291,1.9316
4.1303,1.9316
4.1314,1.9317
4.1326,1.9318
4.1338,1.9319
4.135,1.932
4.1361,1.9319
4.1373,1.9318
4.1385,1.9315
4.1396,1.9312
4.1408,1.9307
4.142,1.9302
4.1431,1.9298
4.1443,1.9293
4.1455,1.9289
4.1466,1.9285
4.1478,1.9281
4.149,1.9279
4.1501,1.9276
4.1513,1.9274
4.1525,1.9273
4.1536,1.9272
4.1548,1.9271
4.156,1.9271
4.1571,1.9271
4.1583,1.927
4.1595,1.9269
4.1606,1.9268
4.1618,1.9266
4.163,1.9264
4.1641,1.9262
4.1653,1.926
4.1665,1.9258
4.1676,1.9256
4.1688,1.9255
4.17,1.9254
4.1711,1.9254
4.1723,1.9253
4.1735,1.9251
4.1746,1.9249
4.1758,1.9246
4.177,1.9243
4.1781,1.9239
4.1793,1.9234
4.1805,1.923
4.1816,1.9227
4.1828,1.9225
4.184,1.9224
4.1852,1.9224
4.1863,1.9226
4.1875,1.9228
4.1887,1.923
4.1898,1.9232
4.191,1.9233
4.1922,1.9233
4.1933,1.9231
4.1945,1.9229
4.1957,1.9226
4.1968,1.9224
4.198,1.9222
4.1992,1.9221
4.2003,1.922
4.2015,1.922
4.2027,1.922
4.2038,1.922
4.205,1.9219
4.2062,1.9217
4.2073,1.9215
4.2085,1.9211
4.2097,1.9207
4.2108,1.9203
4.212,1.9198
4.2132,1.9194
4.2143,1.919
4.2155,1.9187
4.2167,1.9185
4.2178,1.9184
4.219,1.9185
4.2202,1.9186
4.2213,1.9188
4.2225,1.919
4.2237,1.9192
4.2248,1.9193
4.226,1.9194
4.2272,1.9193
4.2283,1.9191
4.2295,1.9189
4.2307,1.9185
4.2318,1.9182
4.233,1.9179
4.2342,1.9176
4.2353,1.9173
4.2365,1.9171
4.2377,1.9169
4.2389,1.9167
4.24,1.9165
4.2412,1.9163
4.2424,1.916
4.2435,1.9158
4.2447,1.9155
4.2459,1.9152
4.247,1.9148
4.2482,1.9145
4.2494,1.9141
4.2505,1.9138
4.2517,1.9135
4.2529,1.9133
4.254,1.9133
4.2552,1.9133
4.2564,1.9134
4.2575,1.9136
4.2587,1.9138
4.2599,1.9139
4.261,1.9139
4.2622,1.9138
4.2634,1.9135
4.2645,1.9132
4.2657,1.9128
4.2669,1.9124
4.268,1.912
4.2692,1.9117
4.2704,1.9115
4.2715,1.9114
4.2727,1.9113
4.2739,1.9113
4.275,1.9113
4.2762,1.9112
4.2774,1.9112
4.2785,1.911
4.2797,1.9109
4.2809,1.9106
4.282,1.9104
4.2832,1.9102
4.2844,1.91
4.2855,1.9098
4.2867,1.9098
4.2879,1.9098
4.289,1.9099
4.2902,1.9102
4.2914,1.9104
4.2926,1.9106
4.2937,1.9107
4.2949,1.9108
4.2961,1.9106
4.2972,1.9103
4.2984,1.9099
4.2996,1.9095
4.3007,1.909
4.3019,1.9086
4.3031,1.9082
4.3042,1.908
4.3054,1.9078
4.3066,1.9077
4.3077,1.9076
4.3089,1.9076
4.3101,1.9075
4.3112,1.9074
4.3124,1.9072
4.3136,1.907
4.3147,1.9068
4.3159,1.9066
4.3171,1.9064
4.3182,1.9062
4.3194,1.9061
4.3206,1.9061
4.3217,1.9061
4.3229,1.9061
4.3241,1.9062
4.3252,1.9063
4.3264,1.9064
4.3276,1.9064
4.3287,1.9064
4.3299,1.9064
4.3311,1.9062
4.3322,1.906
4.3334,1.9056
4.3346,1.9051
4.3357,1.9046
4.3369,1.9041
4.3381,1.9036
4.3392,1.9032
4.3404,1.9029
4.3416,1.9027
4.3428,1.9026
4.3439,1.9026
4.3451,1.9027
4.3463,1.9027
4.3474,1.9028
4.3486,1.9027
4.3498,1.9026
4.3509,1.9024
4.3521,1.9021
4.3533,1.9018
4.3544,1.9015
4.3556,1.9013
4.3568,1.9012
4.3579,1.9011
4.3591,1.9012
4.3603,1.9013
4.3614,1.9014
4.3626,1.9015
4.3638,1.9015
4.3649,1.9013
4.3661,1.901
4.3673,1.9007
4.3684,1.9003
4.3696,1.8998
4.3708,1.8995
4.3719,1.8992
4.3731,1.8989
4.3743,1.8988
4.3754,1.8987
4.3766,1.8987
4.3778,1.8987
4.3789,1.8988
4.3801,1.8989
4.3813,1.8989
4.3824,1.899
4.3836,1.899
4.3848,1.899
4.3859,1.8989
4.3871,1.8988
4.3883,1.8986
4.3894,1.8984
4.3906,1.8983
4.3918,1.8982
4.3929,1.8981
4.3941,1.8981
4.3953,1.8981
4.3965,1.8981
4.3976,1.898
4.3988,1.8978
4.4,1.8976
4.4011,1.8973
4.4023,1.8968
4.4035,1.8964
4.4046,1.8959
4.4058,1.8955
4.407,1.8952
4.4081,1.8951
4.4093,1.895
4.4105,1.8951
4.4116,1.8952
4.4128,1.8954
4.414,1.8955
4.4151,1.8957
4.4163,1.8958
4.4175,1.8959
4.4186,1.8958
4.4198,1.8957
4.421,1.8955
4.4221,1.8953
4.4233,1.895
4.4245,1.8947
4.4256,1.8945
4.4268,1.8943
4.428,1.8942
4.4291,1.8941
4.4303,1.8941
4.4315,1.894
4.4326,1.8939
4.4338,1.8937
4.435,1.8935
4.4361,1.8931
4.4373,1.8927
4.4385,1.8923
4.4396,1.8918
4.4408,1.8914
4.442,1.8912
4.4431,1.891
4.4443,1.891
4.4455,1.891
4.4466,1.8912
4.4478,1.8913
4.449,1.8914
4.4502,1.8915
4.4513,1.8914
4.4525,1.8913
4.4537,1.8911
4.4548,1.8909
4.456,1.8907
4.4572,1.8904
4.4583,1.8902
4.4595,1.89
4.4607,1.8898
4.4618,1.8896
4.463,1.8894
4.4642,1.8893
4.4653,1.8891
4.4665,1.889
4.4677,1.8888
4.4688,1.8887
4.47,1.8886
4.4712,1.8884
4.4723,1.8883
4.4735,1.8882
4.4747,1.8881
4.4758,1.888
4.477,1.8879
4.4782,1.8878
4.4793,1.8878
4.4805,1.8878
4.4817,1.8879
4.4828,1.888
4.484,1.8882
4.4852,1.8883
4.4863,1.8884
4.4875,1.8884
4.4887,1.8883
4.4898,1.8882
4.491,1.8879
4.4922,1.8876
4.4933,1.8872
4.4945,1.8869
4.4957,1.8866
4.4968,1.8864
4.498,1.8862
4.4992,1.8861
4.5004,1.8861
4.5015,1.886
4.5027,1.886
4.5039,1.8859
4.505,1.8857
4.5062,1.8856
4.5074,1.8853
4.5085,1.8851
4.5097,1.8849
4.5109,1.8848
4.512,1.8847
4.5132,1.8847
4.5144,1.8849
4.5155,1.885
4.5167,1.8852
4.5179,1.8854
4.519,1.8855
4.5202,1.8855
4.5214,1.8853
4.5225,1.8851
4.5237,1.8847
4.5249,1.8843
4.526,1.8839
4.5272,1.8835
4.5284,1.8832
4.5295,1.8829
4.5307,1.8827
4.5319,1.8825
4.533,1.8824
4.5342,1.8823
4.5354,1.8821
4.5365,1.882
4.5377,1.8818
4.5389,1.8817
4.54,1.8815
4.5412,1.8813
4.5424,1.8812
4.5435,1.881
4.5447,1.8808
4.5459,1.8807
4.547,1.8806
4.5482,1.8805
4.5494,1.8805
4.5505,1.8805
4.5517,1.8805
4.5529,1.8805
4.5541,1.8805
4.5552,1.8805
4.5564,1.8803
4.5576,1.8801
4.5587,1.8799
4.5599,1.8796
4.5611,1.8794
4.5622,1.8791
4.5634,1.8789
4.5646,1.8788
4.5657,1.8786
4.5669,1.8786
4.5681,1.8785
4.5692,1.8784
4.5704,1.8784
4.5716,1.8783
4.5727,1.8783
4.5739,1.8784
4.5751,1.8784
4.5762,1.8785
4.5774,1.8785
4.5786,1.8786
4.5797,1.8786
4.5809,1.8786
4.5821,1.8785
4.5832,1.8784
4.5844,1.8783
4.5856,1.8783
4.5867,1.8782
4.5879,1.8781
4.5891,1.878
4.5902,1.8779
4.5914,1.8777
4.5926,1.8775
4.5937,1.8772
4.5949,1.8769
4.5961,1.8766
4.5972,1.8763
4.5984,1.876
4.5996,1.8758
4.6007,1.8757
4.6019,1.8756
4.6031,1.8757
4.6042,1.8758
4.6054,1.8758
4.6066,1.8759
4.6078,1.8759
4.6089,1.8758
4.6101,1.8757
4.6113,1.8756
4.6124,1.8755
4.6136,1.8753
4.6148,1.8753
4.6159,1.8752
4.6171,1.8752
4.6183,1.8752
4.6194,1.8752
4.6206,1.8751
4.6218,1.8749
4.6229,1.8747
4.6241,1.8743
4.6253,1.874
4.6264,1.8736
4.6276,1.8732
4.6288,1.8729
4.6299,1.8727
4.6311,1.8726
4.6323,1.8725
4.6334,1.8724
4.6346,1.8723
4.6358,1.8722
4.6369,1.8721
4.6381,1.8719
4.6393,1.8718
4.6404,1.8717
4.6416,1.8717
4.6428,1.8717
4.6439,1.8718
4.6451,1.8718
4.6463,1.8718
4.6474,1.8717
4.6486,1.8716
4.6498,1.8714
4.6509,1.8711
4.6521,1.8709
4.6533,1.8707
4.6544,1.8705
4.6556,1.8704
4.6568,1.8703
4.658,1.8703
4.6591,1.8702
4.6603,1.87
4.6615,1.8699
4.6626,1.8697
4.6638,1.8696
4.665,1.8694
4.6661,1.8694
4.6673,1.8693
4.6685,1.8694
4.6696,1.8694
4.6708,1.8695
4.672,1.8695
4.6731,1.8694
4.6743,1.8694
4.6755,1.8693
4.6766,1.8693
4.6778,1.8693
4.679,1.8693
4.6801,1.8693
4.6813,1.8693
4.6825,1.8693
4.6836,1.8692
4.6848,1.8691
4.686,1.8689
4.6871,1.8687
4.6883,1.8684
4.6895,1.8682
4.6906,1.8679
4.6918,1.8676
4.693,1.8674
4.6941,1.8672
4.6953,1.867
4.6965,1.8668
4.6976,1.8667
4.6988,1.8667
4.7,1.8667
4.7011,1.8667
4.7023,1.8668
4.7035,1.8669
4.7046,1.867
4.7058,1.867
4.707,1.867
4.7081,1.867
4.7093,1.867
4.7105,1.8669
4.7117,1.8667
4.7128,1.8666
4.714,1.8665
4.7152,1.8663
4.7163,1.8662
4.7175,1.8661
4.7187,1.8659
4.7198,1.8658
4.721,1.8656
4.7222,1.8653
4.7233,1.8651
4.7245,1.8648
4.7257,1.8646
4.7268,1.8644
4.728,1.8641
4.7292,1.864
4.7303,1.8638
4.7315,1.8637
4.7327,1.8636
4.7338,1.8635
4.735,1.8635
4.7362,1.8635
4.7373,1.8635
4.7385,1.8634
4.7397,1.8634
4.7408,1.8633
4.742,1.8632
4.7432,1.863
4.7443,1.8629
4.7455,1.8627
4.7467,1.8626
4.7478,1.8625
4.749,1.8624
4.7502,1.8623
4.7513,1.8622
4.7525,1.8621
4.7537,1.862
4.7548,1.8619
4.756,1.8617
4.7572,1.8615
4.7583,1.8614
4.7595,1.8612
4.7607,1.861
4.7618,1.8609
4.763,1.8608
4.7642,1.8607
4.7654,1.8606
4.7665,1.8606
4.7677,1.8607
4.7689,1.8608
4.77,1.861
4.7712,1.8611
4.7724,1.8612
4.7735,1.8613
4.7747,1.8613
4.7759,1.8612
4.777,1.861
4.7782,1.8608
4.7794,1.8606
4.7805,1.8604
4.7817,1.8602
4.7829,1.8601
4.784,1.86
4.7852,1.8599
4.7864,1.8599
4.7875,1.8599
4.7887,1.8598
4.7899,1.8597
4.791,1.8595
4.7922,1.8593
4.7934,1.859
4.7945,1.8588
4.7957,1.8586
4.7969,1.8584
4.798,1.8583
4.7992,1.8583
4.8004,1.8584
4.8015,1.8585
4.8027,1.8586
4.8039,1.8588
4.805,1.859
4.8062,1.8591
4.8074,1.8591
4.8085,1.8591
4.8097,1.8589
4.8109,1.8587
4.812,1.8584
4.8132,1.8581
4.8144,1.8578
4.8155,1.8575
4.8167,1.8573
4.8179,1.8571
4.8191,1.8569
4.8202,1.8567
4.8214,1.8566
4.8226,1.8565
4.8237,1.8564
4.8249,1.8563
4.8261,1.8561
4.8272,1.856
4.8284,1.8558
4.8296,1.8557
4.8307,1.8555
4.8319,1.8553
4.8331,1.8552
4.8342,1.8551
4.8354,1.855
4.8366,1.855
4.8377,1.855
4.8389,1.855
4.8401,1.855
4.8412,1.8551
4.8424,1.855
4.8436,1.8549
4.8447,1.8548
4.8459,1.8545
4.8471,1.8543
4.8482,1.854
4.8494,1.8537
4.8506,1.8535
4.8517,1.8534
4.8529,1.8533
4.8541,1.8533
4.8552,1.8534
4.8564,1.8535
4.8576,1.8535
4.8587,1.8535
4.8599,1.8535
4.8611,1.8535
4.8622,1.8534
4.8634,1.8532
4.8646,1.8531
4.8657,1.853
4.8669,1.8529
4.8681,1.8529
4.8693,1.8529
4.8704,1.853
4.8716,1.8532
4.8728,1.8534
4.8739,1.8536
4.8751,1.8537
4.8763,1.8537
4.8774,1.8536
4.8786,1.8534
4.8798,1.853
4.8809,1.8526
4.8821,1.8522
4.8833,1.8518
4.8844,1.8515
4.8856,1.8512
4.8868,1.8512
4.8879,1.8512
4.8891,1.8513
4.8903,1.8514
4.8914,1.8516
4.8926,1.8516
4.8938,1.8517
4.8949,1.8516
4.8961,1.8515
4.8973,1.8513
4.8984,1.8512
4.8996,1.851
4.9008,1.8509
4.9019,1.8508
4.9031,1.8508
4.9043,1.8508
4.9054,1.8508
4.9066,1.8508
4.9078,1.8507
4.9089,1.8507
4.9101,1.8506
4.9113,1.8505
4.9124,1.8503
4.9136,1.85
4.9148,1.8498
4.9159,1.8495
4.9171,1.8492
4.9183,1.8488
4.9194,1.8485
4.9206,1.8483
4.9218,1.8481
4.923,1.848
4.9241,1.848
4.9253,1.848
4.9265,1.8481
4.9276,1.8482
4.9288,1.8483
4.93,1.8483
4.9311,1.8483
4.9323,1.8481
4.9335,1.8479
4.9346,1.8476
4.9358,1.8474
4.937,1.8472
4.9381,1.847
4.9393,1.847
4.9405,1.847
4.9416,1.8471
4.9428,1.8472
4.944,1.8472
4.9451,1.8472
4.9463,1.8471
4.9475,1.847
4.9486,1.8468
4.9498,1.8465
4.951,1.8462
4.9521,1.846
4.9533,1.8458
4.9545,1.8457
4.9556,1.8456
4.9568,1.8457
4.958,1.8458
4.9591,1.846
4.9603,1.8462
4.9615,1.8464
4.9626,1.8465
4.9638,1.8466
4.965,1.8466
4.9661,1.8465
4.9673,1.8463
4.9685,1.8461
4.9696,1.8458
4.9708,1.8456
4.972,1.8455
4.9731,1.8454
4.9743,1.8454
4.9755,1.8454
4.9767,1.8455
4.9778,1.8455
4.979,1.8455
4.9802,1.8455
4.9813,1.8453
4.9825,1.8451
4.9837,1.8447
4.9848,1.8444
4.986,1.844
4.9872,1.8437
4.9883,1.8435
4.9895,1.8434
4.9907,1.8434
4.9918,1.8435
4.993,1.8437
4.9942,1.844
4.9953,1.8442
4.9965,1.8444
4.9977,1.8445
4.9988,1.8446
5,1.8445
