0,0
0.0011674,0
0.0023348,4.2744e-05
0.0035022,8.871e-05
0.0046696,0.00010459
0.005837,0.0001194
0.0070044,0.00022465
0.0081718,0.00041193
0.0093392,0.00060829
0.010507,0.00079759
0.011674,0.00098999
0.012841,0.00118
0.014009,0.0013866
0.015176,0.0016277
0.016344,0.0018975
0.017511,0.0021882
0.018678,0.0024951
0.019846,0.0027991
0.021013,0.0030873
0.022181,0.0033838
0.023348,0.0037321
0.024516,0.0041578
0.025683,0.0046554
0.02685,0.0051895
0.028018,0.005715
0.029185,0.0062072
0.030353,0.0066729
0.03152,0.0071375
0.032687,0.0076294
0.033855,0.0081685
0.035022,0.0087573
0.03619,0.0093843
0.037357,0.010035
0.038524,0.010697
0.039692,0.011358
0.040859,0.012014
0.042027,0.012675
0.043194,0.01336
0.044361,0.014087
0.045529,0.014857
0.046696,0.015656
0.047864,0.016463
0.049031,0.017271
0.050198,0.018089
0.051366,0.01893
0.052533,0.019806
0.053701,0.020729
0.054868,0.021693
0.056035,0.022675
0.057203,0.023651
0.05837,0.024616
0.059538,0.025582
0.060705,0.026556
0.061873,0.027546
0.06304,0.028562
0.064207,0.029618
0.065375,0.030718
0.066542,0.031852
0.06771,0.033004
0.068877,0.034164
0.070044,0.035333
0.071212,0.036518
0.072379,0.037727
0.073547,0.038967
0.074714,0.040245
0.075881,0.041555
0.077049,0.042876
0.078216,0.044188
0.079384,0.045486
0.080551,0.046785
0.081718,0.04811
0.082886,0.049475
0.084053,0.050881
0.085221,0.052316
0.086388,0.053766
0.087555,0.055218
0.088723,0.056675
0.08989,0.058153
0.091058,0.059676
0.092225,0.061257
0.093392,0.062888
0.09456,0.064546
0.095727,0.066203
0.096895,0.06784
0.098062,0.06946
0.09923,0.071077
0.1004,0.072716
0.10156,0.074392
0.10273,0.076104
0.1039,0.077838
0.10507,0.079582
0.10623,0.081335
0.1074,0.083106
0.10857,0.08491
0.10974,0.086755
0.1109,0.08864
0.11207,0.090554
0.11324,0.092483
0.11441,0.094415
0.11557,0.096352
0.11674,0.098304
0.11791,0.10028
0.11908,0.10229
0.12024,0.10434
0.12141,0.1064
0.12258,0.10847
0.12375,0.11054
0.12491,0.11261
0.12608,0.11468
0.12725,0.11674
0.12841,0.11882
0.12958,0.12095
0.13075,0.12309
0.13192,0.12523
0.13308,0.12734
0.13425,0.12941
0.13542,0.1315
0.13659,0.13361
0.13775,0.13573
0.13892,0.13786
0.14009,0.13999
0.14126,0.1421
0.14242,0.1442
0.14359,0.14628
0.14476,0.14837
0.14593,0.15047
0.14709,0.15259
0.14826,0.15473
0.14943,0.15686
0.1506,0.15896
0.15176,0.16102
0.15293,0.16307
0.1541,0.16513
0.15527,0.16722
0.15643,0.16935
0.1576,0.17151
0.15877,0.17366
0.15993,0.17579
0.1611,0.1779
0.16227,0.17999
0.16344,0.18208
0.1646,0.18416
0.16577,0.18624
0.16694,0.18831
0.16811,0.19038
0.16927,0.19246
0.17044,0.19455
0.17161,0.19665
0.17278,0.19874
0.17394,0.20084
0.17511,0.20294
0.17628,0.20506
0.17745,0.2072
0.17861,0.20935
0.17978,0.21149
0.18095,0.2136
0.18212,0.21568
0.18328,0.21775
0.18445,0.21981
0.18562,0.22189
0.18678,0.22398
0.18795,0.22608
0.18912,0.22817
0.19029,0.23025
0.19145,0.23233
0.19262,0.23441
0.19379,0.23651
0.19496,0.23862
0.19612,0.24073
0.19729,0.24283
0.19846,0.24492
0.19963,0.247
0.20079,0.24909
0.20196,0.25118
0.20313,0.25328
0.2043,0.25539
0.20546,0.25749
0.20663,0.25959
0.2078,0.26169
0.20897,0.26377
0.21013,0.26585
0.2113,0.26793
0.21247,0.27002
0.21364,0.27211
0.2148,0.27421
0.21597,0.2763
0.21714,0.2784
0.2183,0.2805
0.21947,0.28259
0.22064,0.28469
0.22181,0.28678
0.22297,0.28886
0.22414,0.29094
0.22531,0.29301
0.22648,0.29508
0.22764,0.29714
0.22881,0.29921
0.22998,0.30128
0.23115,0.30336
0.23231,0.30545
0.23348,0.30755
0.23465,0.30965
0.23582,0.31175
0.23698,0.31385
0.23815,0.31596
0.23932,0.31806
0.24049,0.32017
0.24165,0.32227
0.24282,0.32437
0.24399,0.32645
0.24516,0.32852
0.24632,0.33059
0.24749,0.33265
0.24866,0.33472
0.24982,0.33678
0.25099,0.33885
0.25216,0.34091
0.25333,0.34297
0.25449,0.34504
0.25566,0.34712
0.25683,0.34921
0.258,0.3513
0.25916,0.35339
0.26033,0.35548
0.2615,0.35758
0.26267,0.35967
0.26383,0.36177
0.265,0.36386
0.26617,0.36595
0.26734,0.36804
0.2685,0.37011
0.26967,0.37219
0.27084,0.37426
0.27201,0.37633
0.27317,0.3784
0.27434,0.38046
0.27551,0.38253
0.27668,0.38461
0.27784,0.38669
0.27901,0.38877
0.28018,0.39085
0.28134,0.39293
0.28251,0.395
0.28368,0.39707
0.28485,0.39915
0.28601,0.40122
0.28718,0.40329
0.28835,0.40535
0.28952,0.40742
0.29068,0.40949
0.29185,0.41156
0.29302,0.41363
0.29419,0.4157
0.29535,0.41779
0.29652,0.41987
0.29769,0.42196
0.29886,0.42404
0.30002,0.42613
0.30119,0.42821
0.30236,0.43029
0.30353,0.43237
0.30469,0.43444
0.30586,0.43651
0.30703,0.43857
0.3082,0.44063
0.30936,0.44269
0.31053,0.44474
0.3117,0.4468
0.31286,0.44886
0.31403,0.45092
0.3152,0.45298
0.31637,0.45504
0.31753,0.45711
0.3187,0.45917
0.31987,0.46124
0.32104,0.46331
0.3222,0.46539
0.32337,0.46747
0.32454,0.46955
0.32571,0.47164
0.32687,0.47372
0.32804,0.47579
0.32921,0.47786
0.33038,0.47993
0.33154,0.48199
0.33271,0.48405
0.33388,0.48611
0.33505,0.48817
0.33621,0.49023
0.33738,0.49229
0.33855,0.49435
0.33972,0.49641
0.34088,0.49848
0.34205,0.50054
0.34322,0.5026
0.34438,0.50466
0.34555,0.50671
0.34672,0.50877
0.34789,0.51082
0.34905,0.51288
0.35022,0.51494
0.35139,0.517
0.35256,0.51906
0.35372,0.52113
0.35489,0.52319
0.35606,0.52526
0.35723,0.52733
0.35839,0.5294
0.35956,0.53147
0.36073,0.53354
0.3619,0.53561
0.36306,0.53768
0.36423,0.53974
0.3654,0.5418
0.36657,0.54386
0.36773,0.54591
0.3689,0.54796
0.37007,0.55001
0.37124,0.55206
0.3724,0.5541
0.37357,0.55614
0.37474,0.55818
0.3759,0.56023
0.37707,0.56227
0.37824,0.56432
0.37941,0.56638
0.38057,0.56844
0.38174,0.57051
0.38291,0.57257
0.38408,0.57464
0.38524,0.57671
0.38641,0.57878
0.38758,0.58085
0.38875,0.58291
0.38991,0.58497
0.39108,0.58702
0.39225,0.58908
0.39342,0.59112
0.39458,0.59317
0.39575,0.59522
0.39692,0.59726
0.39809,0.5993
0.39925,0.60135
0.40042,0.60339
0.40159,0.60544
0.40276,0.60748
0.40392,0.60953
0.40509,0.61158
0.40626,0.61363
0.40742,0.61568
0.40859,0.61773
0.40976,0.61979
0.41093,0.62184
0.41209,0.62389
0.41326,0.62594
0.41443,0.62799
0.4156,0.63004
0.41676,0.63209
0.41793,0.63414
0.4191,0.63619
0.42027,0.63824
0.42143,0.64029
0.4226,0.64234
0.42377,0.64438
0.42494,0.64643
0.4261,0.64848
0.42727,0.65053
0.42844,0.65258
0.42961,0.65462
0.43077,0.65667
0.43194,0.65871
0.43311,0.66075
0.43428,0.66278
0.43544,0.66482
0.43661,0.66685
0.43778,0.66889
0.43894,0.67092
0.44011,0.67296
0.44128,0.675
0.44245,0.67705
0.44361,0.6791
0.44478,0.68115
0.44595,0.6832
0.44712,0.68525
0.44828,0.68731
0.44945,0.68936
0.45062,0.6914
0.45179,0.69345
0.45295,0.69549
0.45412,0.69752
0.45529,0.69956
0.45646,0.70159
0.45762,0.70362
0.45879,0.70565
0.45996,0.70769
0.46113,0.70972
0.46229,0.71176
0.46346,0.7138
0.46463,0.71584
0.4658,0.71788
0.46696,0.71992
0.46813,0.72196
0.4693,0.724
0.47046,0.72603
0.47163,0.72807
0.4728,0.73011
0.47397,0.73215
0.47513,0.73418
0.4763,0.73622
0.47747,0.73825
0.47864,0.74029
0.4798,0.74232
0.48097,0.74436
0.48214,0.74639
0.48331,0.74843
0.48447,0.75046
0.48564,0.7525
0.48681,0.75454
0.48798,0.75657
0.48914,0.75861
0.49031,0.76064
0.49148,0.76267
0.49265,0.7647
0.49381,0.76673
0.49498,0.76875
0.49615,0.77078
0.49731,0.77281
0.49848,0.77483
0.49965,0.77686
0.50082,0.77889
0.50198,0.78092
0.50315,0.78295
0.50432,0.78498
0.50549,0.78702
0.50665,0.78905
0.50782,0.79109
0.50899,0.79312
0.51016,0.79515
0.51132,0.79718
0.51249,0.79921
0.51366,0.80124
0.51483,0.80327
0.51599,0.80529
0.51716,0.80731
0.51833,0.80933
0.5195,0.81136
0.52066,0.81338
0.52183,0.81541
0.523,0.81743
0.52417,0.81946
0.52533,0.82148
0.5265,0.82351
0.52767,0.82554
0.52883,0.82757
0.53,0.8296
0.53117,0.83162
0.53234,0.83365
0.5335,0.83568
0.53467,0.83771
0.53584,0.83973
0.53701,0.84175
0.53817,0.84377
0.53934,0.84579
0.54051,0.84781
0.54168,0.84983
0.54284,0.85184
0.54401,0.85386
0.54518,0.85588
0.54635,0.85791
0.54751,0.85993
0.54868,0.86195
0.54985,0.86398
0.55102,0.866
0.55218,0.86803
0.55335,0.87005
0.55452,0.87207
0.55569,0.87409
0.55685,0.87611
0.55802,0.87813
0.55919,0.88015
0.56035,0.88217
0.56152,0.88419
0.56269,0.88621
0.56386,0.88823
0.56502,0.89025
0.56619,0.89227
0.56736,0.89428
0.56853,0.8963
0.56969,0.89831
0.57086,0.90033
0.57203,0.90234
0.5732,0.90436
0.57436,0.90637
0.57553,0.90838
0.5767,0.9104
0.57787,0.91241
0.57903,0.91443
0.5802,0.91644
0.58137,0.91846
0.58254,0.92047
0.5837,0.92249
0.58487,0.92451
0.58604,0.92653
0.58721,0.92854
0.58837,0.93056
0.58954,0.93258
0.59071,0.9346
0.59187,0.93662
0.59304,0.93863
0.59421,0.94065
0.59538,0.94266
0.59654,0.94467
0.59771,0.94668
0.59888,0.94869
0.60005,0.9507
0.60121,0.95271
0.60238,0.95471
0.60355,0.95672
0.60472,0.95872
0.60588,0.96073
0.60705,0.96274
0.60822,0.96475
0.60939,0.96676
0.61055,0.96878
0.61172,0.97079
0.61289,0.97281
0.61406,0.97482
0.61522,0.97684
0.61639,0.97886
0.61756,0.98087
0.61873,0.98288
0.61989,0.9849
0.62106,0.98691
0.62223,0.98891
0.62339,0.99092
0.62456,0.99293
0.62573,0.99494
0.6269,0.99694
0.62806,0.99895
0.62923,1.001
0.6304,1.003
0.63157,1.005
0.63273,1.007
0.6339,1.009
0.63507,1.011
0.63624,1.013
0.6374,1.015
0.63857,1.017
0.63974,1.019
0.64091,1.021
0.64207,1.023
0.64324,1.025
0.64441,1.027
0.64558,1.029
0.64674,1.031
0.64791,1.0331
0.64908,1.0351
0.65025,1.0371
0.65141,1.0391
0.65258,1.0411
0.65375,1.0431
0.65491,1.0451
0.65608,1.0471
0.65725,1.0491
0.65842,1.0511
0.65958,1.0531
0.66075,1.0551
0.66192,1.0571
0.66309,1.0591
0.66425,1.0611
0.66542,1.0631
0.66659,1.0651
0.66776,1.0671
0.66892,1.0691
0.67009,1.0711
0.67126,1.0731
0.67243,1.0751
0.67359,1.0771
0.67476,1.0791
0.67593,1.0811
0.6771,1.0831
0.67826,1.0851
0.67943,1.0872
0.6806,1.0892
0.68177,1.0912
0.68293,1.0932
0.6841,1.0952
0.68527,1.0972
0.68643,1.0992
0.6876,1.1012
0.68877,1.1032
0.68994,1.1052
0.6911,1.1071
0.69227,1.1091
0.69344,1.1111
0.69461,1.1131
0.69577,1.1151
0.69694,1.1171
0.69811,1.1191
0.69928,1.1211
0.70044,1.1231
0.70161,1.1251
0.70278,1.1271
0.70395,1.1291
0.70511,1.1311
0.70628,1.1331
0.70745,1.1351
0.70862,1.1371
0.70978,1.1391
0.71095,1.1411
0.71212,1.1431
0.71329,1.1451
0.71445,1.1471
0.71562,1.1491
0.71679,1.1511
0.71795,1.1531
0.71912,1.1551
0.72029,1.1571
0.72146,1.1591
0.72262,1.1611
0.72379,1.1631
0.72496,1.1651
0.72613,1.1671
0.72729,1.1691
0.72846,1.171
0.72963,1.173
0.7308,1.175
0.73196,1.177
0.73313,1.179
0.7343,1.181
0.73547,1.183
0.73663,1.185
0.7378,1.187
0.73897,1.189
0.74014,1.191
0.7413,1.193
0.74247,1.195
0.74364,1.197
0.74481,1.199
0.74597,1.201
0.74714,1.203
0.74831,1.205
0.74947,1.207
0.75064,1.209
0.75181,1.211
0.75298,1.213
0.75414,1.2149
0.75531,1.2169
0.75648,1.2189
0.75765,1.2209
0.75881,1.2229
0.75998,1.2249
0.76115,1.2269
0.76232,1.2289
0.76348,1.2309
0.76465,1.2328
0.76582,1.2348
0.76699,1.2368
0.76815,1.2388
0.76932,1.2408
0.77049,1.2428
0.77166,1.2448
0.77282,1.2468
0.77399,1.2488
0.77516,1.2508
0.77633,1.2528
0.77749,1.2548
0.77866,1.2568
0.77983,1.2588
0.78099,1.2608
0.78216,1.2627
0.78333,1.2647
0.7845,1.2667
0.78566,1.2687
0.78683,1.2707
0.788,1.2727
0.78917,1.2747
0.79033,1.2766
0.7915,1.2786
0.79267,1.2806
0.79384,1.2826
0.795,1.2846
0.79617,1.2866
0.79734,1.2886
0.79851,1.2906
0.79967,1.2926
0.80084,1.2946
0.80201,1.2966
0.80318,1.2986
0.80434,1.3005
0.80551,1.3025
0.80668,1.3045
0.80784,1.3065
0.80901,1.3085
0.81018,1.3105
0.81135,1.3125
0.81251,1.3145
0.81368,1.3164
0.81485,1.3184
0.81602,1.3204
0.81718,1.3224
0.81835,1.3244
0.81952,1.3264
0.82069,1.3283
0.82185,1.3303
0.82302,1.3323
0.82419,1.3343
0.82536,1.3363
0.82652,1.3383
0.82769,1.3403
0.82886,1.3423
0.83003,1.3443
0.83119,1.3462
0.83236,1.3482
0.83353,1.3502
0.8347,1.3522
0.83586,1.3542
0.83703,1.3562
0.8382,1.3582
0.83936,1.3602
0.84053,1.3621
0.8417,1.3641
0.84287,1.3661
0.84403,1.3681
0.8452,1.3701
0.84637,1.3721
0.84754,1.374
0.8487,1.376
0.84987,1.378
0.85104,1.38
0.85221,1.382
0.85337,1.384
0.85454,1.3859
0.85571,1.3879
0.85688,1.3899
0.85804,1.3919
0.85921,1.3939
0.86038,1.3959
0.86155,1.3979
0.86271,1.3999
0.86388,1.4018
0.86505,1.4038
0.86622,1.4058
0.86738,1.4078
0.86855,1.4098
0.86972,1.4118
0.87088,1.4137
0.87205,1.4157
0.87322,1.4177
0.87439,1.4197
0.87555,1.4217
0.87672,1.4237
0.87789,1.4256
0.87906,1.4276
0.88022,1.4296
0.88139,1.4316
0.88256,1.4336
0.88373,1.4356
0.88489,1.4375
0.88606,1.4395
0.88723,1.4415
0.8884,1.4435
0.88956,1.4455
0.89073,1.4475
0.8919,1.4494
0.89307,1.4514
0.89423,1.4534
0.8954,1.4554
0.89657,1.4574
0.89774,1.4594
0.8989,1.4613
0.90007,1.4633
0.90124,1.4653
0.9024,1.4673
0.90357,1.4693
0.90474,1.4712
0.90591,1.4732
0.90707,1.4752
0.90824,1.4772
0.90941,1.4792
0.91058,1.4811
0.91174,1.4831
0.91291,1.4851
0.91408,1.4871
0.91525,1.4891
0.91641,1.491
0.91758,1.493
0.91875,1.495
0.91992,1.497
0.92108,1.499
0.92225,1.501
0.92342,1.5029
0.92459,1.5049
0.92575,1.5069
0.92692,1.5089
0.92809,1.5109
0.92926,1.5129
0.93042,1.5148
0.93159,1.5168
0.93276,1.5188
0.93392,1.5208
0.93509,1.5227
0.93626,1.5247
0.93743,1.5267
0.93859,1.5287
0.93976,1.5307
0.94093,1.5326
0.9421,1.5346
0.94326,1.5366
0.94443,1.5386
0.9456,1.5406
0.94677,1.5425
0.94793,1.5445
0.9491,1.5465
0.95027,1.5485
0.95144,1.5505
0.9526,1.5524
0.95377,1.5544
0.95494,1.5564
0.95611,1.5584
0.95727,1.5604
0.95844,1.5623
0.95961,1.5643
0.96078,1.5663
0.96194,1.5683
0.96311,1.5703
0.96428,1.5722
0.96544,1.5742
0.96661,1.5762
0.96778,1.5782
0.96895,1.5802
0.97011,1.5821
0.97128,1.5841
0.97245,1.5861
0.97362,1.5881
0.97478,1.59
0.97595,1.592
0.97712,1.594
0.97829,1.596
0.97945,1.598
0.98062,1.5999
0.98179,1.6019
0.98296,1.6039
0.98412,1.6059
0.98529,1.6079
0.98646,1.6098
0.98763,1.6118
0.98879,1.6138
0.98996,1.6158
0.99113,1.6177
0.9923,1.6197
0.99346,1.6217
0.99463,1.6237
0.9958,1.6257
0.99696,1.6276
0.99813,1.6296
0.9993,1.6316
1.0005,1.6336
1.0016,1.6355
1.0028,1.6375
1.004,1.6395
1.0051,1.6415
1.0063,1.6435
1.0075,1.6454
1.0086,1.6474
1.0098,1.6494
1.011,1.6514
1.0121,1.6533
1.0133,1.6553
1.0145,1.6573
1.0156,1.6593
1.0168,1.6612
1.018,1.6632
1.0191,1.6652
1.0203,1.6672
1.0215,1.6691
1.0226,1.6711
1.0238,1.6731
1.025,1.6751
1.0261,1.6771
1.0273,1.679
1.0285,1.681
1.0297,1.683
1.0308,1.685
1.032,1.6869
1.0332,1.6889
1.0343,1.6909
1.0355,1.6929
1.0367,1.6948
1.0378,1.6968
1.039,1.6988
1.0402,1.7008
1.0413,1.7028
1.0425,1.7047
1.0437,1.7067
1.0448,1.7087
1.046,1.7107
1.0472,1.7126
1.0483,1.7146
1.0495,1.7166
1.0507,1.7186
1.0518,1.7205
1.053,1.7225
1.0542,1.7245
1.0553,1.7265
1.0565,1.7284
1.0577,1.7304
1.0588,1.7324
1.06,1.7344
1.0612,1.7363
1.0623,1.7383
1.0635,1.7403
1.0647,1.7423
1.0658,1.7442
1.067,1.7462
1.0682,1.7482
1.0693,1.7502
1.0705,1.7522
1.0717,1.7541
1.0728,1.7561
1.074,1.7581
1.0752,1.76
1.0763,1.762
1.0775,1.764
1.0787,1.766
1.0799,1.7679
1.081,1.7699
1.0822,1.7719
1.0834,1.7739
1.0845,1.7758
1.0857,1.7778
1.0869,1.7798
1.088,1.7818
1.0892,1.7837
1.0904,1.7857
1.0915,1.7877
1.0927,1.7897
1.0939,1.7916
1.095,1.7936
1.0962,1.7956
1.0974,1.7976
1.0985,1.7995
1.0997,1.8015
1.1009,1.8035
1.102,1.8055
1.1032,1.8074
1.1044,1.8094
1.1055,1.8114
1.1067,1.8134
1.1079,1.8153
1.109,1.8173
1.1102,1.8193
1.1114,1.8213
1.1125,1.8232
1.1137,1.8252
1.1149,1.8272
1.116,1.8291
1.1172,1.8311
1.1184,1.8331
1.1195,1.8351
1.1207,1.837
1.1219,1.839
1.123,1.841
1.1242,1.843
1.1254,1.8449
1.1265,1.8469
1.1277,1.8489
1.1289,1.8509
1.13,1.8528
1.1312,1.8548
1.1324,1.8568
1.1336,1.8588
1.1347,1.8607
1.1359,1.8627
1.1371,1.8647
1.1382,1.8667
1.1394,1.8686
1.1406,1.8706
1.1417,1.8726
1.1429,1.8745
1.1441,1.8765
1.1452,1.8785
1.1464,1.8805
1.1476,1.8824
1.1487,1.8844
1.1499,1.8864
1.1511,1.8884
1.1522,1.8903
1.1534,1.8923
1.1546,1.8943
1.1557,1.8963
1.1569,1.8982
1.1581,1.9002
1.1592,1.9022
1.1604,1.9042
1.1616,1.9061
1.1627,1.9081
1.1639,1.9101
1.1651,1.912
1.1662,1.914
1.1674,1.916
1.1686,1.918
1.1697,1.9199
1.1709,1.9219
1.1721,1.9239
1.1732,1.9259
1.1744,1.9278
1.1756,1.9298
1.1767,1.9318
1.1779,1.9337
1.1791,1.9357
1.1802,1.9377
1.1814,1.9397
1.1826,1.9416
1.1837,1.9436
1.1849,1.9456
1.1861,1.9476
1.1873,1.9495
1.1884,1.9515
1.1896,1.9535
1.1908,1.9555
1.1919,1.9574
1.1931,1.9594
1.1943,1.9614
1.1954,1.9633
1.1966,1.9653
1.1978,1.9673
1.1989,1.9693
1.2001,1.9712
1.2013,1.9732
1.2024,1.9752
1.2036,1.9771
1.2048,1.9791
1.2059,1.9811
1.2071,1.9831
1.2083,1.985
1.2094,1.987
1.2106,1.989
1.2118,1.991
1.2129,1.9929
1.2141,1.9949
1.2153,1.9969
1.2164,1.9988
1.2176,2.0008
1.2188,2.0028
1.2199,2.0048
1.2211,2.0067
1.2223,2.0087
1.2234,2.0107
1.2246,2.0126
1.2258,2.0146
1.2269,2.0166
1.2281,2.0186
1.2293,2.0205
1.2304,2.0225
1.2316,2.0245
1.2328,2.0264
1.2339,2.0284
1.2351,2.0304
1.2363,2.0324
1.2375,2.0343
1.2386,2.0363
1.2398,2.0383
1.241,2.0402
1.2421,2.0422
1.2433,2.0442
1.2445,2.0462
1.2456,2.0481
1.2468,2.0501
1.248,2.0521
1.2491,2.0541
1.2503,2.056
1.2515,2.058
1.2526,2.06
1.2538,2.0619
1.255,2.0639
1.2561,2.0659
1.2573,2.0679
1.2585,2.0698
1.2596,2.0718
1.2608,2.0738
1.262,2.0757
1.2631,2.0777
1.2643,2.0797
1.2655,2.0817
1.2666,2.0836
1.2678,2.0856
1.269,2.0876
1.2701,2.0895
1.2713,2.0915
1.2725,2.0935
1.2736,2.0955
1.2748,2.0974
1.276,2.0994
1.2771,2.1014
1.2783,2.1034
1.2795,2.1053
1.2806,2.1073
1.2818,2.1093
1.283,2.1112
1.2841,2.1132
1.2853,2.1152
1.2865,2.1172
1.2876,2.1191
1.2888,2.1211
1.29,2.1231
1.2912,2.125
1.2923,2.127
1.2935,2.129
1.2947,2.1309
1.2958,2.1329
1.297,2.1349
1.2982,2.1369
1.2993,2.1388
1.3005,2.1408
1.3017,2.1428
1.3028,2.1447
1.304,2.1467
1.3052,2.1487
1.3063,2.1507
1.3075,2.1526
1.3087,2.1546
1.3098,2.1566
1.311,2.1585
1.3122,2.1605
1.3133,2.1625
1.3145,2.1645
1.3157,2.1664
1.3168,2.1684
1.318,2.1704
1.3192,2.1723
1.3203,2.1743
1.3215,2.1763
1.3227,2.1782
1.3238,2.1802
1.325,2.1822
1.3262,2.1842
1.3273,2.1861
1.3285,2.1881
1.3297,2.1901
1.3308,2.192
1.332,2.194
1.3332,2.196
1.3343,2.198
1.3355,2.1999
1.3367,2.2019
1.3378,2.2039
1.339,2.2058
1.3402,2.2078
1.3413,2.2098
1.3425,2.2118
1.3437,2.2137
1.3449,2.2157
1.346,2.2177
1.3472,2.2196
1.3484,2.2216
1.3495,2.2236
1.3507,2.2255
1.3519,2.2275
1.353,2.2295
1.3542,2.2315
1.3554,2.2334
1.3565,2.2354
1.3577,2.2374
1.3589,2.2393
1.36,2.2413
1.3612,2.2433
1.3624,2.2453
1.3635,2.2472
1.3647,2.2492
1.3659,2.2512
1.367,2.2531
1.3682,2.2551
1.3694,2.2571
1.3705,2.259
1.3717,2.261
1.3729,2.263
1.374,2.265
1.3752,2.2669
1.3764,2.2689
1.3775,2.2709
1.3787,2.2728
1.3799,2.2748
1.381,2.2768
1.3822,2.2788
1.3834,2.2807
1.3845,2.2827
1.3857,2.2847
1.3869,2.2866
1.388,2.2886
1.3892,2.2906
1.3904,2.2925
1.3915,2.2945
1.3927,2.2965
1.3939,2.2985
1.3951,2.3004
1.3962,2.3024
1.3974,2.3044
1.3986,2.3063
1.3997,2.3083
1.4009,2.3103
1.4021,2.3122
1.4032,2.3142
1.4044,2.3162
1.4056,2.3182
1.4067,2.3201
1.4079,2.3221
1.4091,2.3241
1.4102,2.326
1.4114,2.328
1.4126,2.33
1.4137,2.3319
1.4149,2.3339
1.4161,2.3359
1.4172,2.3379
1.4184,2.3398
1.4196,2.3418
1.4207,2.3438
1.4219,2.3457
1.4231,2.3477
1.4242,2.3497
1.4254,2.3516
1.4266,2.3536
1.4277,2.3556
1.4289,2.3576
1.4301,2.3595
1.4312,2.3615
1.4324,2.3635
1.4336,2.3654
1.4347,2.3674
1.4359,2.3694
1.4371,2.3713
1.4382,2.3733
1.4394,2.3753
1.4406,2.3773
1.4417,2.3792
1.4429,2.3812
1.4441,2.3832
1.4452,2.3851
1.4464,2.3871
1.4476,2.3891
1.4488,2.391
1.4499,2.393
1.4511,2.395
1.4523,2.397
1.4534,2.3989
1.4546,2.4009
1.4558,2.4029
1.4569,2.4048
1.4581,2.4068
1.4593,2.4088
1.4604,2.4107
1.4616,2.4127
1.4628,2.4147
1.4639,2.4167
1.4651,2.4186
1.4663,2.4206
1.4674,2.4226
1.4686,2.4245
1.4698,2.4265
1.4709,2.4285
1.4721,2.4304
1.4733,2.4324
1.4744,2.4344
1.4756,2.4364
1.4768,2.4383
1.4779,2.4403
1.4791,2.4423
1.4803,2.4442
1.4814,2.4462
1.4826,2.4482
1.4838,2.4501
1.4849,2.4521
1.4861,2.4541
1.4873,2.4561
1.4884,2.458
1.4896,2.46
1.4908,2.462
1.4919,2.4639
1.4931,2.4659
1.4943,2.4679
1.4954,2.4698
1.4966,2.4718
1.4978,2.4738
1.4989,2.4757
1.5001,2.4777
1.5013,2.4797
1.5025,2.4817
1.5036,2.4836
1.5048,2.4856
1.506,2.4876
1.5071,2.4895
1.5083,2.4915
1.5095,2.4935
1.5106,2.4954
1.5118,2.4974
1.513,2.4994
1.5141,2.5013
1.5153,2.5033
1.5165,2.5053
1.5176,2.5073
1.5188,2.5092
1.52,2.5112
1.5211,2.5132
1.5223,2.5151
1.5235,2.5171
1.5246,2.5191
1.5258,2.521
1.527,2.523
1.5281,2.525
1.5293,2.5269
1.5305,2.5289
1.5316,2.5309
1.5328,2.5329
1.534,2.5348
1.5351,2.5368
1.5363,2.5388
1.5375,2.5407
1.5386,2.5427
1.5398,2.5447
1.541,2.5466
1.5421,2.5486
1.5433,2.5506
1.5445,2.5525
1.5456,2.5545
1.5468,2.5565
1.548,2.5585
1.5491,2.5604
1.5503,2.5624
1.5515,2.5644
1.5527,2.5663
1.5538,2.5683
1.555,2.5703
1.5562,2.5722
1.5573,2.5742
1.5585,2.5762
1.5597,2.5782
1.5608,2.5801
1.562,2.5821
1.5632,2.5841
1.5643,2.586
1.5655,2.588
1.5667,2.59
1.5678,2.5919
1.569,2.5939
1.5702,2.5959
1.5713,2.5979
1.5725,2.5998
1.5737,2.6018
1.5748,2.6038
1.576,2.6057
1.5772,2.6077
1.5783,2.6097
1.5795,2.6116
1.5807,2.6136
1.5818,2.6156
1.583,2.6175
1.5842,2.6195
1.5853,2.6215
1.5865,2.6235
1.5877,2.6254
1.5888,2.6274
1.59,2.6294
1.5912,2.6313
1.5923,2.6333
1.5935,2.6353
1.5947,2.6372
1.5958,2.6392
1.597,2.6412
1.5982,2.6431
1.5993,2.6451
1.6005,2.6471
1.6017,2.649
1.6028,2.651
1.604,2.653
1.6052,2.655
1.6064,2.6569
1.6075,2.6589
1.6087,2.6609
1.6099,2.6628
1.611,2.6648
1.6122,2.6668
1.6134,2.6687
1.6145,2.6707
1.6157,2.6727
1.6169,2.6746
1.618,2.6766
1.6192,2.6786
1.6204,2.6806
1.6215,2.6825
1.6227,2.6845
1.6239,2.6865
1.625,2.6884
1.6262,2.6904
1.6274,2.6924
1.6285,2.6943
1.6297,2.6963
1.6309,2.6983
1.632,2.7002
1.6332,2.7022
1.6344,2.7042
1.6355,2.7062
1.6367,2.7081
1.6379,2.7101
1.639,2.7121
1.6402,2.714
1.6414,2.716
1.6425,2.718
1.6437,2.7199
1.6449,2.7219
1.646,2.7239
1.6472,2.7258
1.6484,2.7278
1.6495,2.7298
1.6507,2.7318
1.6519,2.7337
1.653,2.7357
1.6542,2.7377
1.6554,2.7396
1.6565,2.7416
1.6577,2.7436
1.6589,2.7455
1.6601,2.7475
1.6612,2.7495
1.6624,2.7514
1.6636,2.7534
1.6647,2.7554
1.6659,2.7574
1.6671,2.7593
1.6682,2.7613
1.6694,2.7633
1.6706,2.7652
1.6717,2.7672
1.6729,2.7692
1.6741,2.7711
1.6752,2.7731
1.6764,2.7751
1.6776,2.777
1.6787,2.779
1.6799,2.781
1.6811,2.783
1.6822,2.7849
1.6834,2.7869
1.6846,2.7889
1.6857,2.7908
1.6869,2.7928
1.6881,2.7948
1.6892,2.7967
1.6904,2.7987
1.6916,2.8007
1.6927,2.8026
1.6939,2.8046
1.6951,2.8066
1.6962,2.8085
1.6974,2.8105
1.6986,2.8125
1.6997,2.8144
1.7009,2.8164
1.7021,2.8184
1.7032,2.8204
1.7044,2.8223
1.7056,2.8243
1.7067,2.8263
1.7079,2.8282
1.7091,2.8302
1.7102,2.8322
1.7114,2.8341
1.7126,2.8361
1.7138,2.8381
1.7149,2.84
1.7161,2.842
1.7173,2.844
1.7184,2.846
1.7196,2.8479
1.7208,2.8499
1.7219,2.8519
1.7231,2.8538
1.7243,2.8558
1.7254,2.8578
1.7266,2.8597
1.7278,2.8617
1.7289,2.8637
1.7301,2.8656
1.7313,2.8676
1.7324,2.8696
1.7336,2.8716
1.7348,2.8735
1.7359,2.8755
1.7371,2.8775
1.7383,2.8794
1.7394,2.8814
1.7406,2.8834
1.7418,2.8853
1.7429,2.8873
1.7441,2.8893
1.7453,2.8912
1.7464,2.8932
1.7476,2.8952
1.7488,2.8971
1.7499,2.8991
1.7511,2.9011
1.7523,2.9031
1.7534,2.905
1.7546,2.907
1.7558,2.909
1.7569,2.9109
1.7581,2.9129
1.7593,2.9149
1.7604,2.9168
1.7616,2.9188
1.7628,2.9208
1.764,2.9227
1.7651,2.9247
1.7663,2.9267
1.7675,2.9287
1.7686,2.9306
1.7698,2.9326
1.771,2.9346
1.7721,2.9365
1.7733,2.9385
1.7745,2.9405
1.7756,2.9424
1.7768,2.9444
1.778,2.9464
1.7791,2.9483
1.7803,2.9503
1.7815,2.9523
1.7826,2.9543
1.7838,2.9562
1.785,2.9582
1.7861,2.9602
1.7873,2.9621
1.7885,2.9641
1.7896,2.9661
1.7908,2.968
1.792,2.97
1.7931,2.972
1.7943,2.9739
1.7955,2.9759
1.7966,2.9779
1.7978,2.9798
1.799,2.9818
1.8001,2.9838
1.8013,2.9857
1.8025,2.9877
1.8036,2.9897
1.8048,2.9917
1.806,2.9936
1.8071,2.9956
1.8083,2.9976
1.8095,2.9995
1.8106,3.0015
1.8118,3.0035
1.813,3.0054
1.8141,3.0074
1.8153,3.0094
1.8165,3.0113
1.8177,3.0133
1.8188,3.0153
1.82,3.0172
1.8212,3.0192
1.8223,3.0212
1.8235,3.0231
1.8247,3.0251
1.8258,3.0271
1.827,3.0291
1.8282,3.031
1.8293,3.033
1.8305,3.035
1.8317,3.0369
1.8328,3.0389
1.834,3.0409
1.8352,3.0428
1.8363,3.0448
1.8375,3.0468
1.8387,3.0488
1.8398,3.0507
1.841,3.0527
1.8422,3.0547
1.8433,3.0566
1.8445,3.0586
1.8457,3.0606
1.8468,3.0625
1.848,3.0645
1.8492,3.0665
1.8503,3.0684
1.8515,3.0704
1.8527,3.0724
1.8538,3.0743
1.855,3.0763
1.8562,3.0783
1.8573,3.0803
1.8585,3.0822
1.8597,3.0842
1.8608,3.0862
1.862,3.0881
1.8632,3.0901
1.8643,3.0921
1.8655,3.094
1.8667,3.096
1.8678,3.098
1.869,3.1
1.8702,3.1019
1.8714,3.1039
1.8725,3.1059
1.8737,3.1078
1.8749,3.1098
1.876,3.1118
1.8772,3.1137
1.8784,3.1157
1.8795,3.1177
1.8807,3.1196
1.8819,3.1216
1.883,3.1236
1.8842,3.1255
1.8854,3.1275
1.8865,3.1295
1.8877,3.1314
1.8889,3.1334
1.89,3.1354
1.8912,3.1373
1.8924,3.1393
1.8935,3.1413
1.8947,3.1433
1.8959,3.1452
1.897,3.1472
1.8982,3.1492
1.8994,3.1511
1.9005,3.1531
1.9017,3.1551
1.9029,3.157
1.904,3.159
1.9052,3.161
1.9064,3.1629
1.9075,3.1649
1.9087,3.1669
1.9099,3.1688
1.911,3.1708
1.9122,3.1728
1.9134,3.1748
1.9145,3.1767
1.9157,3.1787
1.9169,3.1807
1.918,3.1826
1.9192,3.1846
1.9204,3.1866
1.9216,3.1885
1.9227,3.1905
1.9239,3.1925
1.9251,3.1944
1.9262,3.1964
1.9274,3.1984
1.9286,3.2004
1.9297,3.2023
1.9309,3.2043
1.9321,3.2063
1.9332,3.2082
1.9344,3.2102
1.9356,3.2122
1.9367,3.2141
1.9379,3.2161
1.9391,3.2181
1.9402,3.22
1.9414,3.222
1.9426,3.224
1.9437,3.226
1.9449,3.2279
1.9461,3.2299
1.9472,3.2319
1.9484,3.2338
1.9496,3.2358
1.9507,3.2378
1.9519,3.2397
1.9531,3.2417
1.9542,3.2437
1.9554,3.2456
1.9566,3.2476
1.9577,3.2496
1.9589,3.2516
1.9601,3.2535
1.9612,3.2555
1.9624,3.2575
1.9636,3.2594
1.9647,3.2614
1.9659,3.2634
1.9671,3.2653
1.9682,3.2673
1.9694,3.2693
1.9706,3.2712
1.9717,3.2732
1.9729,3.2752
1.9741,3.2771
1.9753,3.2791
1.9764,3.2811
1.9776,3.2831
1.9788,3.285
1.9799,3.287
1.9811,3.289
1.9823,3.2909
1.9834,3.2929
1.9846,3.2949
1.9858,3.2968
1.9869,3.2988
1.9881,3.3008
1.9893,3.3027
1.9904,3.3047
1.9916,3.3067
1.9928,3.3086
1.9939,3.3106
1.9951,3.3126
1.9963,3.3145
1.9974,3.3165
1.9986,3.3185
1.9998,3.3205
2.0009,3.3224
2.0021,3.3244
2.0033,3.3264
2.0044,3.3283
2.0056,3.3303
2.0068,3.3323
2.0079,3.3342
2.0091,3.3362
2.0103,3.3382
2.0114,3.3401
2.0126,3.3421
2.0138,3.3441
2.0149,3.346
2.0161,3.348
2.0173,3.35
2.0184,3.352
2.0196,3.3539
2.0208,3.3559
2.0219,3.3579
2.0231,3.3598
2.0243,3.3618
2.0254,3.3638
2.0266,3.3657
2.0278,3.3677
2.029,3.3697
2.0301,3.3716
2.0313,3.3736
2.0325,3.3756
2.0336,3.3776
2.0348,3.3795
2.036,3.3815
2.0371,3.3835
2.0383,3.3854
2.0395,3.3874
2.0406,3.3894
2.0418,3.3913
2.043,3.3933
2.0441,3.3953
2.0453,3.3972
2.0465,3.3992
2.0476,3.4012
2.0488,3.4032
2.05,3.4051
2.0511,3.4071
2.0523,3.4091
2.0535,3.411
2.0546,3.413
2.0558,3.415
2.057,3.4169
2.0581,3.4189
2.0593,3.4209
2.0605,3.4228
2.0616,3.4248
2.0628,3.4268
2.064,3.4288
2.0651,3.4307
2.0663,3.4327
2.0675,3.4347
2.0686,3.4366
2.0698,3.4386
2.071,3.4406
2.0721,3.4425
2.0733,3.4445
2.0745,3.4465
2.0756,3.4484
2.0768,3.4504
2.078,3.4524
2.0792,3.4543
2.0803,3.4563
2.0815,3.4583
2.0827,3.4603
2.0838,3.4622
2.085,3.4642
2.0862,3.4662
2.0873,3.4681
2.0885,3.4701
2.0897,3.4721
2.0908,3.474
2.092,3.476
2.0932,3.478
2.0943,3.4799
2.0955,3.4819
2.0967,3.4839
2.0978,3.4859
2.099,3.4878
2.1002,3.4898
2.1013,3.4918
2.1025,3.4937
2.1037,3.4957
2.1048,3.4977
2.106,3.4996
2.1072,3.5016
2.1083,3.5036
2.1095,3.5055
2.1107,3.5075
2.1118,3.5095
2.113,3.5114
2.1142,3.5134
2.1153,3.5154
2.1165,3.5173
2.1177,3.5193
2.1188,3.5213
2.12,3.5233
2.1212,3.5252
2.1223,3.5272
2.1235,3.5292
2.1247,3.5311
2.1258,3.5331
2.127,3.5351
2.1282,3.537
2.1293,3.539
2.1305,3.541
2.1317,3.543
2.1329,3.5449
2.134,3.5469
2.1352,3.5489
2.1364,3.5508
2.1375,3.5528
2.1387,3.5548
2.1399,3.5567
2.141,3.5587
2.1422,3.5607
2.1434,3.5626
2.1445,3.5646
2.1457,3.5666
2.1469,3.5685
2.148,3.5705
2.1492,3.5725
2.1504,3.5745
2.1515,3.5764
2.1527,3.5784
2.1539,3.5804
2.155,3.5823
2.1562,3.5843
2.1574,3.5863
2.1585,3.5882
2.1597,3.5902
2.1609,3.5922
2.162,3.5942
2.1632,3.5961
2.1644,3.5981
2.1655,3.6001
2.1667,3.602
2.1679,3.604
2.169,3.606
2.1702,3.6079
2.1714,3.6099
2.1725,3.6119
2.1737,3.6138
2.1749,3.6158
2.176,3.6178
2.1772,3.6197
2.1784,3.6217
2.1795,3.6237
2.1807,3.6257
2.1819,3.6276
2.183,3.6296
2.1842,3.6316
2.1854,3.6335
2.1866,3.6355
2.1877,3.6375
2.1889,3.6394
2.1901,3.6414
2.1912,3.6434
2.1924,3.6453
2.1936,3.6473
2.1947,3.6493
2.1959,3.6513
2.1971,3.6532
2.1982,3.6552
2.1994,3.6572
2.2006,3.6591
2.2017,3.6611
2.2029,3.6631
2.2041,3.665
2.2052,3.667
2.2064,3.669
2.2076,3.6709
2.2087,3.6729
2.2099,3.6749
2.2111,3.6768
2.2122,3.6788
2.2134,3.6808
2.2146,3.6828
2.2157,3.6847
2.2169,3.6867
2.2181,3.6887
2.2192,3.6906
2.2204,3.6926
2.2216,3.6946
2.2227,3.6965
2.2239,3.6985
2.2251,3.7005
2.2262,3.7025
2.2274,3.7044
2.2286,3.7064
2.2297,3.7084
2.2309,3.7103
2.2321,3.7123
2.2332,3.7143
2.2344,3.7162
2.2356,3.7182
2.2367,3.7202
2.2379,3.7221
2.2391,3.7241
2.2403,3.7261
2.2414,3.7281
2.2426,3.73
2.2438,3.732
2.2449,3.734
2.2461,3.7359
2.2473,3.7379
2.2484,3.7399
2.2496,3.7418
2.2508,3.7438
2.2519,3.7458
2.2531,3.7478
2.2543,3.7497
2.2554,3.7517
2.2566,3.7537
2.2578,3.7556
2.2589,3.7576
2.2601,3.7596
2.2613,3.7615
2.2624,3.7635
2.2636,3.7655
2.2648,3.7674
2.2659,3.7694
2.2671,3.7714
2.2683,3.7733
2.2694,3.7753
2.2706,3.7773
2.2718,3.7793
2.2729,3.7812
2.2741,3.7832
2.2753,3.7852
2.2764,3.7871
2.2776,3.7891
2.2788,3.7911
2.2799,3.793
2.2811,3.795
2.2823,3.797
2.2834,3.7989
2.2846,3.8009
2.2858,3.8029
2.2869,3.8049
2.2881,3.8068
2.2893,3.8088
2.2905,3.8108
2.2916,3.8127
2.2928,3.8147
2.294,3.8167
2.2951,3.8186
2.2963,3.8206
2.2975,3.8226
2.2986,3.8245
2.2998,3.8265
2.301,3.8285
2.3021,3.8304
2.3033,3.8324
2.3045,3.8344
2.3056,3.8364
2.3068,3.8383
2.308,3.8403
2.3091,3.8423
2.3103,3.8442
2.3115,3.8462
2.3126,3.8482
2.3138,3.8501
2.315,3.8521
2.3161,3.8541
2.3173,3.8561
2.3185,3.858
2.3196,3.86
2.3208,3.862
2.322,3.8639
2.3231,3.8659
2.3243,3.8679
2.3255,3.8698
2.3266,3.8718
2.3278,3.8738
2.329,3.8758
2.3301,3.8777
2.3313,3.8797
2.3325,3.8817
2.3336,3.8836
2.3348,3.8856
2.336,3.8876
2.3371,3.8895
2.3383,3.8915
2.3395,3.8935
2.3406,3.8954
2.3418,3.8974
2.343,3.8994
2.3442,3.9014
2.3453,3.9033
2.3465,3.9053
2.3477,3.9073
2.3488,3.9092
2.35,3.9112
2.3512,3.9132
2.3523,3.9151
2.3535,3.9171
2.3547,3.9191
2.3558,3.9211
2.357,3.923
2.3582,3.925
2.3593,3.927
2.3605,3.9289
2.3617,3.9309
2.3628,3.9329
2.364,3.9348
2.3652,3.9368
2.3663,3.9388
2.3675,3.9407
2.3687,3.9427
2.3698,3.9447
2.371,3.9466
2.3722,3.9486
2.3733,3.9506
2.3745,3.9526
2.3757,3.9545
2.3768,3.9565
2.378,3.9585
2.3792,3.9604
2.3803,3.9624
2.3815,3.9644
2.3827,3.9663
2.3838,3.9683
2.385,3.9703
2.3862,3.9723
2.3873,3.9742
2.3885,3.9762
2.3897,3.9782
2.3908,3.9801
2.392,3.9821
2.3932,3.9841
2.3943,3.986
2.3955,3.988
2.3967,3.99
2.3979,3.9919
2.399,3.9939
2.4002,3.9959
2.4014,3.9979
2.4025,3.9998
2.4037,4.0018
2.4049,4.0038
2.406,4.0057
2.4072,4.0077
2.4084,4.0097
2.4095,4.0116
2.4107,4.0136
2.4119,4.0156
2.413,4.0176
2.4142,4.0195
2.4154,4.0215
2.4165,4.0235
2.4177,4.0254
2.4189,4.0274
2.42,4.0294
2.4212,4.0313
2.4224,4.0333
2.4235,4.0353
2.4247,4.0372
2.4259,4.0392
2.427,4.0412
2.4282,4.0432
2.4294,4.0451
2.4305,4.0471
2.4317,4.0491
2.4329,4.051
2.434,4.053
2.4352,4.055
2.4364,4.0569
2.4375,4.0589
2.4387,4.0609
2.4399,4.0629
2.441,4.0648
2.4422,4.0668
2.4434,4.0688
2.4445,4.0707
2.4457,4.0727
2.4469,4.0747
2.4481,4.0766
2.4492,4.0786
2.4504,4.0806
2.4516,4.0826
2.4527,4.0845
2.4539,4.0865
2.4551,4.0885
2.4562,4.0904
2.4574,4.0924
2.4586,4.0944
2.4597,4.0963
2.4609,4.0983
2.4621,4.1003
2.4632,4.1023
2.4644,4.1042
2.4656,4.1062
2.4667,4.1082
2.4679,4.1101
2.4691,4.1121
2.4702,4.1141
2.4714,4.116
2.4726,4.118
2.4737,4.12
2.4749,4.1219
2.4761,4.1239
2.4772,4.1259
2.4784,4.1279
2.4796,4.1298
2.4807,4.1318
2.4819,4.1338
2.4831,4.1357
2.4842,4.1377
2.4854,4.1397
2.4866,4.1416
2.4877,4.1436
2.4889,4.1456
2.4901,4.1475
2.4912,4.1495
2.4924,4.1515
2.4936,4.1535
2.4947,4.1554
2.4959,4.1574
2.4971,4.1594
2.4982,4.1613
2.4994,4.1633
2.5006,4.1653
2.5018,4.1672
2.5029,4.1692
2.5041,4.1712
2.5053,4.1732
2.5064,4.1751
2.5076,4.1771
2.5088,4.1791
2.5099,4.181
2.5111,4.183
2.5123,4.185
2.5134,4.1869
2.5146,4.1889
2.5158,4.1909
2.5169,4.1929
2.5181,4.1948
2.5193,4.1968
2.5204,4.1988
2.5216,4.2007
2.5228,4.2027
2.5239,4.2047
2.5251,4.2066
2.5263,4.2086
2.5274,4.2106
2.5286,4.2126
2.5298,4.2145
2.5309,4.2165
2.5321,4.2185
2.5333,4.2204
2.5344,4.2224
2.5356,4.2244
2.5368,4.2263
2.5379,4.2283
2.5391,4.2303
2.5403,4.2323
2.5414,4.2342
2.5426,4.2362
2.5438,4.2382
2.5449,4.2401
2.5461,4.2421
2.5473,4.2441
2.5484,4.246
2.5496,4.248
2.5508,4.25
2.5519,4.252
2.5531,4.2539
2.5543,4.2559
2.5555,4.2579
2.5566,4.2598
2.5578,4.2618
2.559,4.2638
2.5601,4.2657
2.5613,4.2677
2.5625,4.2697
2.5636,4.2717
2.5648,4.2736
2.566,4.2756
2.5671,4.2776
2.5683,4.2795
2.5695,4.2815
2.5706,4.2835
2.5718,4.2854
2.573,4.2874
2.5741,4.2894
2.5753,4.2913
2.5765,4.2933
2.5776,4.2953
2.5788,4.2973
2.58,4.2992
2.5811,4.3012
2.5823,4.3032
2.5835,4.3051
2.5846,4.3071
2.5858,4.3091
2.587,4.311
2.5881,4.313
2.5893,4.315
2.5905,4.317
2.5916,4.3189
2.5928,4.3209
2.594,4.3229
2.5951,4.3248
2.5963,4.3268
2.5975,4.3288
2.5986,4.3307
2.5998,4.3327
2.601,4.3347
2.6021,4.3367
2.6033,4.3386
2.6045,4.3406
2.6057,4.3426
2.6068,4.3445
2.608,4.3465
2.6092,4.3485
2.6103,4.3504
2.6115,4.3524
2.6127,4.3544
2.6138,4.3564
2.615,4.3583
2.6162,4.3603
2.6173,4.3623
2.6185,4.3642
2.6197,4.3662
2.6208,4.3682
2.622,4.3701
2.6232,4.3721
2.6243,4.3741
2.6255,4.3761
2.6267,4.378
2.6278,4.38
2.629,4.382
2.6302,4.3839
2.6313,4.3859
2.6325,4.3879
2.6337,4.3899
2.6348,4.3918
2.636,4.3938
2.6372,4.3958
2.6383,4.3977
2.6395,4.3997
2.6407,4.4017
2.6418,4.4036
2.643,4.4056
2.6442,4.4076
2.6453,4.4096
2.6465,4.4115
2.6477,4.4135
2.6488,4.4155
2.65,4.4174
2.6512,4.4194
2.6523,4.4214
2.6535,4.4233
2.6547,4.4253
2.6558,4.4273
2.657,4.4293
2.6582,4.4312
2.6594,4.4332
2.6605,4.4352
2.6617,4.4371
2.6629,4.4391
2.664,4.4411
2.6652,4.443
2.6664,4.445
2.6675,4.447
2.6687,4.449
2.6699,4.4509
2.671,4.4529
2.6722,4.4549
2.6734,4.4568
2.6745,4.4588
2.6757,4.4608
2.6769,4.4627
2.678,4.4647
2.6792,4.4667
2.6804,4.4687
2.6815,4.4706
2.6827,4.4726
2.6839,4.4746
2.685,4.4765
2.6862,4.4785
2.6874,4.4805
2.6885,4.4824
2.6897,4.4844
2.6909,4.4864
2.692,4.4884
2.6932,4.4903
2.6944,4.4923
2.6955,4.4943
2.6967,4.4962
2.6979,4.4982
2.699,4.5002
2.7002,4.5021
2.7014,4.5041
2.7025,4.5061
2.7037,4.5081
2.7049,4.51
2.706,4.512
2.7072,4.514
2.7084,4.5159
2.7095,4.5179
2.7107,4.5199
2.7119,4.5219
2.7131,4.5238
2.7142,4.5258
2.7154,4.5278
2.7166,4.5297
2.7177,4.5317
2.7189,4.5337
2.7201,4.5356
2.7212,4.5376
2.7224,4.5396
2.7236,4.5416
2.7247,4.5435
2.7259,4.5455
2.7271,4.5475
2.7282,4.5494
2.7294,4.5514
2.7306,4.5534
2.7317,4.5554
2.7329,4.5573
2.7341,4.5593
2.7352,4.5613
2.7364,4.5632
2.7376,4.5652
2.7387,4.5672
2.7399,4.5691
2.7411,4.5711
2.7422,4.5731
2.7434,4.5751
2.7446,4.577
2.7457,4.579
2.7469,4.581
2.7481,4.5829
2.7492,4.5849
2.7504,4.5869
2.7516,4.5888
2.7527,4.5908
2.7539,4.5928
2.7551,4.5948
2.7562,4.5967
2.7574,4.5987
2.7586,4.6007
2.7597,4.6026
2.7609,4.6046
2.7621,4.6066
2.7633,4.6085
2.7644,4.6105
2.7656,4.6125
2.7668,4.6145
2.7679,4.6164
2.7691,4.6184
2.7703,4.6204
2.7714,4.6223
2.7726,4.6243
2.7738,4.6263
2.7749,4.6282
2.7761,4.6302
2.7773,4.6322
2.7784,4.6342
2.7796,4.6361
2.7808,4.6381
2.7819,4.6401
2.7831,4.642
2.7843,4.644
2.7854,4.646
2.7866,4.6479
2.7878,4.6499
2.7889,4.6519
2.7901,4.6539
2.7913,4.6558
2.7924,4.6578
2.7936,4.6598
2.7948,4.6617
2.7959,4.6637
2.7971,4.6657
2.7983,4.6677
2.7994,4.6696
2.8006,4.6716
2.8018,4.6736
2.8029,4.6755
2.8041,4.6775
2.8053,4.6795
2.8064,4.6814
2.8076,4.6834
2.8088,4.6854
2.8099,4.6874
2.8111,4.6893
2.8123,4.6913
2.8134,4.6933
2.8146,4.6952
2.8158,4.6972
2.817,4.6992
2.8181,4.7012
2.8193,4.7031
2.8205,4.7051
2.8216,4.7071
2.8228,4.709
2.824,4.711
2.8251,4.713
2.8263,4.715
2.8275,4.7169
2.8286,4.7189
2.8298,4.7209
2.831,4.7228
2.8321,4.7248
2.8333,4.7268
2.8345,4.7288
2.8356,4.7307
2.8368,4.7327
2.838,4.7347
2.8391,4.7366
2.8403,4.7386
2.8415,4.7406
2.8426,4.7425
2.8438,4.7445
2.845,4.7465
2.8461,4.7485
2.8473,4.7504
2.8485,4.7524
2.8496,4.7544
2.8508,4.7563
2.852,4.7583
2.8531,4.7603
2.8543,4.7622
2.8555,4.7642
2.8566,4.7662
2.8578,4.7682
2.859,4.7701
2.8601,4.7721
2.8613,4.7741
2.8625,4.776
2.8636,4.778
2.8648,4.78
2.866,4.782
2.8671,4.7839
2.8683,4.7859
2.8695,4.7879
2.8707,4.7898
2.8718,4.7918
2.873,4.7938
2.8742,4.7957
2.8753,4.7977
2.8765,4.7997
2.8777,4.8017
2.8788,4.8036
2.88,4.8056
2.8812,4.8076
2.8823,4.8095
2.8835,4.8115
2.8847,4.8135
2.8858,4.8154
2.887,4.8174
2.8882,4.8194
2.8893,4.8214
2.8905,4.8233
2.8917,4.8253
2.8928,4.8273
2.894,4.8292
2.8952,4.8312
2.8963,4.8332
2.8975,4.8352
2.8987,4.8371
2.8998,4.8391
2.901,4.8411
2.9022,4.843
2.9033,4.845
2.9045,4.847
2.9057,4.849
2.9068,4.8509
2.908,4.8529
2.9092,4.8549
2.9103,4.8568
2.9115,4.8588
2.9127,4.8608
2.9138,4.8628
2.915,4.8647
2.9162,4.8667
2.9173,4.8687
2.9185,4.8706
2.9197,4.8726
2.9208,4.8746
2.922,4.8766
2.9232,4.8785
2.9244,4.8805
2.9255,4.8825
2.9267,4.8844
2.9279,4.8864
2.929,4.8884
2.9302,4.8904
2.9314,4.8923
2.9325,4.8943
2.9337,4.8963
2.9349,4.8982
2.936,4.9002
2.9372,4.9022
2.9384,4.9041
2.9395,4.9061
2.9407,4.9081
2.9419,4.9101
2.943,4.912
2.9442,4.914
2.9454,4.916
2.9465,4.9179
2.9477,4.9199
2.9489,4.9219
2.95,4.9239
2.9512,4.9258
2.9524,4.9278
2.9535,4.9298
2.9547,4.9317
2.9559,4.9337
2.957,4.9357
2.9582,4.9376
2.9594,4.9396
2.9605,4.9416
2.9617,4.9436
2.9629,4.9455
2.964,4.9475
2.9652,4.9495
2.9664,4.9514
2.9675,4.9534
2.9687,4.9554
2.9699,4.9573
2.971,4.9593
2.9722,4.9613
2.9734,4.9633
2.9746,4.9652
2.9757,4.9672
2.9769,4.9692
2.9781,4.9711
2.9792,4.9731
2.9804,4.9751
2.9816,4.9771
2.9827,4.979
2.9839,4.981
2.9851,4.983
2.9862,4.9849
2.9874,4.9869
2.9886,4.9889
2.9897,4.9909
2.9909,4.9928
2.9921,4.9948
2.9932,4.9968
2.9944,4.9987
2.9956,5.0007
2.9967,5.0027
2.9979,5.0047
2.9991,5.0066
3.0002,5.0086
3.0014,5.0106
3.0026,5.0125
3.0037,5.0145
3.0049,5.0165
3.0061,5.0185
3.0072,5.0204
3.0084,5.0224
3.0096,5.0244
3.0107,5.0263
3.0119,5.0283
3.0131,5.0303
3.0142,5.0322
3.0154,5.0342
3.0166,5.0362
3.0177,5.0382
3.0189,5.0401
3.0201,5.0421
3.0212,5.0441
3.0224,5.0461
3.0236,5.048
3.0247,5.05
3.0259,5.052
3.0271,5.0539
3.0283,5.0559
3.0294,5.0579
3.0306,5.0599
3.0318,5.0618
3.0329,5.0638
3.0341,5.0658
3.0353,5.0677
3.0364,5.0697
3.0376,5.0717
3.0388,5.0736
3.0399,5.0756
3.0411,5.0776
3.0423,5.0796
3.0434,5.0815
3.0446,5.0835
3.0458,5.0855
3.0469,5.0874
3.0481,5.0894
3.0493,5.0914
3.0504,5.0934
3.0516,5.0953
3.0528,5.0973
3.0539,5.0993
3.0551,5.1012
3.0563,5.1032
3.0574,5.1052
3.0586,5.1071
3.0598,5.1091
3.0609,5.1111
3.0621,5.1131
3.0633,5.115
3.0644,5.117
3.0656,5.119
3.0668,5.1209
3.0679,5.1229
3.0691,5.1249
3.0703,5.1269
3.0714,5.1288
3.0726,5.1308
3.0738,5.1328
3.0749,5.1347
3.0761,5.1367
3.0773,5.1387
3.0784,5.1407
3.0796,5.1426
3.0808,5.1446
3.082,5.1466
3.0831,5.1485
3.0843,5.1505
3.0855,5.1525
3.0866,5.1545
3.0878,5.1564
3.089,5.1584
3.0901,5.1604
3.0913,5.1623
3.0925,5.1643
3.0936,5.1663
3.0948,5.1683
3.096,5.1702
3.0971,5.1722
3.0983,5.1742
3.0995,5.1761
3.1006,5.1781
3.1018,5.1801
3.103,5.1821
3.1041,5.184
3.1053,5.186
3.1065,5.188
3.1076,5.1899
3.1088,5.1919
3.11,5.1939
3.1111,5.1959
3.1123,5.1978
3.1135,5.1998
3.1146,5.2018
3.1158,5.2037
3.117,5.2057
3.1181,5.2077
3.1193,5.2097
3.1205,5.2116
3.1216,5.2136
3.1228,5.2156
3.124,5.2175
3.1251,5.2195
3.1263,5.2215
3.1275,5.2235
3.1286,5.2254
3.1298,5.2274
3.131,5.2294
3.1322,5.2313
3.1333,5.2333
3.1345,5.2353
3.1357,5.2373
3.1368,5.2392
3.138,5.2412
3.1392,5.2432
3.1403,5.2451
3.1415,5.2471
3.1427,5.2491
3.1438,5.2511
3.145,5.253
3.1462,5.255
3.1473,5.257
3.1485,5.2589
3.1497,5.2609
3.1508,5.2629
3.152,5.2649
3.1532,5.2668
3.1543,5.2688
3.1555,5.2708
3.1567,5.2727
3.1578,5.2747
3.159,5.2767
3.1602,5.2786
3.1613,5.2806
3.1625,5.2826
3.1637,5.2846
3.1648,5.2865
3.166,5.2885
3.1672,5.2905
3.1683,5.2924
3.1695,5.2944
3.1707,5.2964
3.1718,5.2984
3.173,5.3003
3.1742,5.3023
3.1753,5.3043
3.1765,5.3062
3.1777,5.3082
3.1788,5.3102
3.18,5.3122
3.1812,5.3141
3.1823,5.3161
3.1835,5.3181
3.1847,5.32
3.1859,5.322
3.187,5.324
3.1882,5.326
3.1894,5.3279
3.1905,5.3299
3.1917,5.3319
3.1929,5.3338
3.194,5.3358
3.1952,5.3378
3.1964,5.3398
3.1975,5.3417
3.1987,5.3437
3.1999,5.3457
3.201,5.3476
3.2022,5.3496
3.2034,5.3516
3.2045,5.3536
3.2057,5.3555
3.2069,5.3575
3.208,5.3595
3.2092,5.3615
3.2104,5.3634
3.2115,5.3654
3.2127,5.3674
3.2139,5.3693
3.215,5.3713
3.2162,5.3733
3.2174,5.3753
3.2185,5.3772
3.2197,5.3792
3.2209,5.3812
3.222,5.3831
3.2232,5.3851
3.2244,5.3871
3.2255,5.3891
3.2267,5.391
3.2279,5.393
3.229,5.395
3.2302,5.3969
3.2314,5.3989
3.2325,5.4009
3.2337,5.4029
3.2349,5.4048
3.236,5.4068
3.2372,5.4088
3.2384,5.4107
3.2396,5.4127
3.2407,5.4147
3.2419,5.4167
3.2431,5.4186
3.2442,5.4206
3.2454,5.4226
3.2466,5.4245
3.2477,5.4265
3.2489,5.4285
3.2501,5.4305
3.2512,5.4324
3.2524,5.4344
3.2536,5.4364
3.2547,5.4383
3.2559,5.4403
3.2571,5.4423
3.2582,5.4443
3.2594,5.4462
3.2606,5.4482
3.2617,5.4502
3.2629,5.4521
3.2641,5.4541
3.2652,5.4561
3.2664,5.4581
3.2676,5.46
3.2687,5.462
3.2699,5.464
3.2711,5.4659
3.2722,5.4679
3.2734,5.4699
3.2746,5.4719
3.2757,5.4738
3.2769,5.4758
3.2781,5.4778
3.2792,5.4797
3.2804,5.4817
3.2816,5.4837
3.2827,5.4857
3.2839,5.4876
3.2851,5.4896
3.2862,5.4916
3.2874,5.4935
3.2886,5.4955
3.2898,5.4975
3.2909,5.4995
3.2921,5.5014
3.2933,5.5034
3.2944,5.5054
3.2956,5.5074
3.2968,5.5093
3.2979,5.5113
3.2991,5.5133
3.3003,5.5152
3.3014,5.5172
3.3026,5.5192
3.3038,5.5212
3.3049,5.5231
3.3061,5.5251
3.3073,5.5271
3.3084,5.529
3.3096,5.531
3.3108,5.533
3.3119,5.535
3.3131,5.5369
3.3143,5.5389
3.3154,5.5409
3.3166,5.5428
3.3178,5.5448
3.3189,5.5468
3.3201,5.5488
3.3213,5.5507
3.3224,5.5527
3.3236,5.5547
3.3248,5.5567
3.3259,5.5586
3.3271,5.5606
3.3283,5.5626
3.3294,5.5645
3.3306,5.5665
3.3318,5.5685
3.3329,5.5705
3.3341,5.5724
3.3353,5.5744
3.3364,5.5764
3.3376,5.5783
3.3388,5.5803
3.3399,5.5823
3.3411,5.5842
3.3423,5.5862
3.3435,5.5882
3.3446,5.5902
3.3458,5.5921
3.347,5.5941
3.3481,5.5961
3.3493,5.5981
3.3505,5.6
3.3516,5.602
3.3528,5.604
3.354,5.6059
3.3551,5.6079
3.3563,5.6099
3.3575,5.6118
3.3586,5.6138
3.3598,5.6158
3.361,5.6178
3.3621,5.6197
3.3633,5.6217
3.3645,5.6237
3.3656,5.6257
3.3668,5.6276
3.368,5.6296
3.3691,5.6316
3.3703,5.6335
3.3715,5.6355
3.3726,5.6375
3.3738,5.6395
3.375,5.6414
3.3761,5.6434
3.3773,5.6454
3.3785,5.6473
3.3796,5.6493
3.3808,5.6513
3.382,5.6533
3.3831,5.6552
3.3843,5.6572
3.3855,5.6592
3.3866,5.6611
3.3878,5.6631
3.389,5.6651
3.3901,5.6671
3.3913,5.669
3.3925,5.671
3.3936,5.673
3.3948,5.675
3.396,5.6769
3.3972,5.6789
3.3983,5.6809
3.3995,5.6828
3.4007,5.6848
3.4018,5.6868
3.403,5.6888
3.4042,5.6907
3.4053,5.6927
3.4065,5.6947
3.4077,5.6967
3.4088,5.6986
3.41,5.7006
3.4112,5.7026
3.4123,5.7045
3.4135,5.7065
3.4147,5.7085
3.4158,5.7105
3.417,5.7124
3.4182,5.7144
3.4193,5.7164
3.4205,5.7183
3.4217,5.7203
3.4228,5.7223
3.424,5.7243
3.4252,5.7262
3.4263,5.7282
3.4275,5.7302
3.4287,5.7321
3.4298,5.7341
3.431,5.7361
3.4322,5.7381
3.4333,5.74
3.4345,5.742
3.4357,5.744
3.4368,5.746
3.438,5.7479
3.4392,5.7499
3.4403,5.7519
3.4415,5.7538
3.4427,5.7558
3.4438,5.7578
3.445,5.7598
3.4462,5.7617
3.4473,5.7637
3.4485,5.7657
3.4497,5.7676
3.4509,5.7696
3.452,5.7716
3.4532,5.7736
3.4544,5.7755
3.4555,5.7775
3.4567,5.7795
3.4579,5.7814
3.459,5.7834
3.4602,5.7854
3.4614,5.7874
3.4625,5.7893
3.4637,5.7913
3.4649,5.7933
3.466,5.7952
3.4672,5.7972
3.4684,5.7992
3.4695,5.8012
3.4707,5.8031
3.4719,5.8051
3.473,5.8071
3.4742,5.809
3.4754,5.811
3.4765,5.813
3.4777,5.815
3.4789,5.8169
3.48,5.8189
3.4812,5.8209
3.4824,5.8229
3.4835,5.8248
3.4847,5.8268
3.4859,5.8288
3.487,5.8307
3.4882,5.8327
3.4894,5.8347
3.4905,5.8367
3.4917,5.8386
3.4929,5.8406
3.494,5.8426
3.4952,5.8446
3.4964,5.8465
3.4975,5.8485
3.4987,5.8505
3.4999,5.8524
3.5011,5.8544
3.5022,5.8564
3.5034,5.8584
3.5046,5.8603
3.5057,5.8623
3.5069,5.8643
3.5081,5.8663
3.5092,5.8682
3.5104,5.8702
3.5116,5.8722
3.5127,5.8741
3.5139,5.8761
3.5151,5.8781
3.5162,5.8801
3.5174,5.882
3.5186,5.884
3.5197,5.886
3.5209,5.888
3.5221,5.8899
3.5232,5.8919
3.5244,5.8939
3.5256,5.8958
3.5267,5.8978
3.5279,5.8998
3.5291,5.9018
3.5302,5.9037
3.5314,5.9057
3.5326,5.9077
3.5337,5.9096
3.5349,5.9116
3.5361,5.9136
3.5372,5.9156
3.5384,5.9175
3.5396,5.9195
3.5407,5.9215
3.5419,5.9234
3.5431,5.9254
3.5442,5.9274
3.5454,5.9294
3.5466,5.9313
3.5477,5.9333
3.5489,5.9353
3.5501,5.9372
3.5512,5.9392
3.5524,5.9412
3.5536,5.9432
3.5548,5.9451
3.5559,5.9471
3.5571,5.9491
3.5583,5.951
3.5594,5.953
3.5606,5.955
3.5618,5.957
3.5629,5.9589
3.5641,5.9609
3.5653,5.9629
3.5664,5.9649
3.5676,5.9668
3.5688,5.9688
3.5699,5.9708
3.5711,5.9727
3.5723,5.9747
3.5734,5.9767
3.5746,5.9787
3.5758,5.9806
3.5769,5.9826
3.5781,5.9846
3.5793,5.9866
3.5804,5.9885
3.5816,5.9905
3.5828,5.9925
3.5839,5.9944
3.5851,5.9964
3.5863,5.9984
3.5874,6.0004
3.5886,6.0023
3.5898,6.0043
3.5909,6.0063
3.5921,6.0083
3.5933,6.0102
3.5944,6.0122
3.5956,6.0142
3.5968,6.0161
3.5979,6.0181
3.5991,6.0201
3.6003,6.0221
3.6014,6.024
3.6026,6.026
3.6038,6.028
3.6049,6.03
3.6061,6.0319
3.6073,6.0339
3.6085,6.0359
3.6096,6.0378
3.6108,6.0398
3.612,6.0418
3.6131,6.0438
3.6143,6.0457
3.6155,6.0477
3.6166,6.0497
3.6178,6.0517
3.619,6.0536
3.6201,6.0556
3.6213,6.0576
3.6225,6.0595
3.6236,6.0615
3.6248,6.0635
3.626,6.0655
3.6271,6.0674
3.6283,6.0694
3.6295,6.0714
3.6306,6.0733
3.6318,6.0753
3.633,6.0773
3.6341,6.0793
3.6353,6.0812
3.6365,6.0832
3.6376,6.0852
3.6388,6.0871
3.64,6.0891
3.6411,6.0911
3.6423,6.0931
3.6435,6.095
3.6446,6.097
3.6458,6.099
3.647,6.101
3.6481,6.1029
3.6493,6.1049
3.6505,6.1069
3.6516,6.1088
3.6528,6.1108
3.654,6.1128
3.6551,6.1148
3.6563,6.1167
3.6575,6.1187
3.6587,6.1207
3.6598,6.1226
3.661,6.1246
3.6622,6.1266
3.6633,6.1286
3.6645,6.1305
3.6657,6.1325
3.6668,6.1345
3.668,6.1365
3.6692,6.1384
3.6703,6.1404
3.6715,6.1424
3.6727,6.1444
3.6738,6.1463
3.675,6.1483
3.6762,6.1503
3.6773,6.1522
3.6785,6.1542
3.6797,6.1562
3.6808,6.1582
3.682,6.1601
3.6832,6.1621
3.6843,6.1641
3.6855,6.166
3.6867,6.168
3.6878,6.17
3.689,6.172
3.6902,6.1739
3.6913,6.1759
3.6925,6.1779
3.6937,6.1799
3.6948,6.1818
3.696,6.1838
3.6972,6.1858
3.6983,6.1878
3.6995,6.1897
3.7007,6.1917
3.7018,6.1937
3.703,6.1956
3.7042,6.1976
3.7053,6.1996
3.7065,6.2016
3.7077,6.2035
3.7088,6.2055
3.71,6.2075
3.7112,6.2095
3.7124,6.2114
3.7135,6.2134
3.7147,6.2154
3.7159,6.2173
3.717,6.2193
3.7182,6.2213
3.7194,6.2233
3.7205,6.2252
3.7217,6.2272
3.7229,6.2292
3.724,6.2312
3.7252,6.2331
3.7264,6.2351
3.7275,6.2371
3.7287,6.239
3.7299,6.241
3.731,6.243
3.7322,6.245
3.7334,6.2469
3.7345,6.2489
3.7357,6.2509
3.7369,6.2528
3.738,6.2548
3.7392,6.2568
3.7404,6.2588
3.7415,6.2607
3.7427,6.2627
3.7439,6.2647
3.745,6.2667
3.7462,6.2686
3.7474,6.2706
3.7485,6.2726
3.7497,6.2745
3.7509,6.2765
3.752,6.2785
3.7532,6.2805
3.7544,6.2824
3.7555,6.2844
3.7567,6.2864
3.7579,6.2884
3.759,6.2903
3.7602,6.2923
3.7614,6.2943
3.7625,6.2962
3.7637,6.2982
3.7649,6.3002
3.7661,6.3022
3.7672,6.3041
3.7684,6.3061
3.7696,6.3081
3.7707,6.3101
3.7719,6.312
3.7731,6.314
3.7742,6.316
3.7754,6.3179
3.7766,6.3199
3.7777,6.3219
3.7789,6.3239
3.7801,6.3258
3.7812,6.3278
3.7824,6.3298
3.7836,6.3318
3.7847,6.3337
3.7859,6.3357
3.7871,6.3377
3.7882,6.3396
3.7894,6.3416
3.7906,6.3436
3.7917,6.3456
3.7929,6.3475
3.7941,6.3495
3.7952,6.3515
3.7964,6.3535
3.7976,6.3554
3.7987,6.3574
3.7999,6.3594
3.8011,6.3614
3.8022,6.3633
3.8034,6.3653
3.8046,6.3673
3.8057,6.3692
3.8069,6.3712
3.8081,6.3732
3.8092,6.3752
3.8104,6.3771
3.8116,6.3791
3.8127,6.3811
3.8139,6.3831
3.8151,6.385
3.8163,6.387
3.8174,6.389
3.8186,6.3909
3.8198,6.3929
3.8209,6.3949
3.8221,6.3969
3.8233,6.3988
3.8244,6.4008
3.8256,6.4028
3.8268,6.4048
3.8279,6.4067
3.8291,6.4087
3.8303,6.4107
3.8314,6.4126
3.8326,6.4146
3.8338,6.4166
3.8349,6.4186
3.8361,6.4205
3.8373,6.4225
3.8384,6.4245
3.8396,6.4264
3.8408,6.4284
3.8419,6.4304
3.8431,6.4324
3.8443,6.4343
3.8454,6.4363
3.8466,6.4383
3.8478,6.4403
3.8489,6.4422
3.8501,6.4442
3.8513,6.4462
3.8524,6.4481
3.8536,6.4501
3.8548,6.4521
3.8559,6.4541
3.8571,6.456
3.8583,6.458
3.8594,6.46
3.8606,6.462
3.8618,6.4639
3.8629,6.4659
3.8641,6.4679
3.8653,6.4698
3.8664,6.4718
3.8676,6.4738
3.8688,6.4758
3.87,6.4777
3.8711,6.4797
3.8723,6.4817
3.8735,6.4837
3.8746,6.4856
3.8758,6.4876
3.877,6.4896
3.8781,6.4916
3.8793,6.4935
3.8805,6.4955
3.8816,6.4975
3.8828,6.4994
3.884,6.5014
3.8851,6.5034
3.8863,6.5054
3.8875,6.5073
3.8886,6.5093
3.8898,6.5113
3.891,6.5133
3.8921,6.5152
3.8933,6.5172
3.8945,6.5192
3.8956,6.5212
3.8968,6.5231
3.898,6.5251
3.8991,6.5271
3.9003,6.5291
3.9015,6.531
3.9026,6.533
3.9038,6.535
3.905,6.5369
3.9061,6.5389
3.9073,6.5409
3.9085,6.5429
3.9096,6.5448
3.9108,6.5468
3.912,6.5488
3.9131,6.5508
3.9143,6.5527
3.9155,6.5547
3.9166,6.5567
3.9178,6.5586
3.919,6.5606
3.9201,6.5626
3.9213,6.5646
3.9225,6.5665
3.9237,6.5685
3.9248,6.5705
3.926,6.5724
3.9272,6.5744
3.9283,6.5764
3.9295,6.5784
3.9307,6.5803
3.9318,6.5823
3.933,6.5843
3.9342,6.5863
3.9353,6.5882
3.9365,6.5902
3.9377,6.5922
3.9388,6.5941
3.94,6.5961
3.9412,6.5981
3.9423,6.6001
3.9435,6.602
3.9447,6.604
3.9458,6.606
3.947,6.608
3.9482,6.6099
3.9493,6.6119
3.9505,6.6139
3.9517,6.6158
3.9528,6.6178
3.954,6.6198
3.9552,6.6218
3.9563,6.6237
3.9575,6.6257
3.9587,6.6277
3.9598,6.6297
3.961,6.6316
3.9622,6.6336
3.9633,6.6356
3.9645,6.6376
3.9657,6.6395
3.9668,6.6415
3.968,6.6435
3.9692,6.6455
3.9703,6.6474
3.9715,6.6494
3.9727,6.6514
3.9739,6.6533
3.975,6.6553
3.9762,6.6573
3.9774,6.6593
3.9785,6.6612
3.9797,6.6632
3.9809,6.6652
3.982,6.6672
3.9832,6.6691
3.9844,6.6711
3.9855,6.6731
3.9867,6.6751
3.9879,6.677
3.989,6.679
3.9902,6.681
3.9914,6.6829
3.9925,6.6849
3.9937,6.6869
3.9949,6.6889
3.996,6.6908
3.9972,6.6928
3.9984,6.6948
3.9995,6.6968
4.0007,6.6987
4.0019,6.7007
4.003,6.7027
4.0042,6.7047
4.0054,6.7066
4.0065,6.7086
4.0077,6.7106
4.0089,6.7125
4.01,6.7145
4.0112,6.7165
4.0124,6.7185
4.0135,6.7204
4.0147,6.7224
4.0159,6.7244
4.017,6.7264
4.0182,6.7283
4.0194,6.7303
4.0205,6.7323
4.0217,6.7342
4.0229,6.7362
4.024,6.7382
4.0252,6.7402
4.0264,6.7421
4.0276,6.7441
4.0287,6.7461
4.0299,6.7481
4.0311,6.75
4.0322,6.752
4.0334,6.754
4.0346,6.7559
4.0357,6.7579
4.0369,6.7599
4.0381,6.7619
4.0392,6.7638
4.0404,6.7658
4.0416,6.7678
4.0427,6.7698
4.0439,6.7717
4.0451,6.7737
4.0462,6.7757
4.0474,6.7776
4.0486,6.7796
4.0497,6.7816
4.0509,6.7836
4.0521,6.7855
4.0532,6.7875
4.0544,6.7895
4.0556,6.7915
4.0567,6.7934
4.0579,6.7954
4.0591,6.7974
4.0602,6.7994
4.0614,6.8013
4.0626,6.8033
4.0637,6.8053
4.0649,6.8072
4.0661,6.8092
4.0672,6.8112
4.0684,6.8132
4.0696,6.8151
4.0707,6.8171
4.0719,6.8191
4.0731,6.8211
4.0742,6.823
4.0754,6.825
4.0766,6.827
4.0777,6.829
4.0789,6.8309
4.0801,6.8329
4.0813,6.8349
4.0824,6.8369
4.0836,6.8388
4.0848,6.8408
4.0859,6.8428
4.0871,6.8447
4.0883,6.8467
4.0894,6.8487
4.0906,6.8507
4.0918,6.8526
4.0929,6.8546
4.0941,6.8566
4.0953,6.8586
4.0964,6.8605
4.0976,6.8625
4.0988,6.8645
4.0999,6.8665
4.1011,6.8684
4.1023,6.8704
4.1034,6.8724
4.1046,6.8743
4.1058,6.8763
4.1069,6.8783
4.1081,6.8803
4.1093,6.8822
4.1104,6.8842
4.1116,6.8862
4.1128,6.8882
4.1139,6.8901
4.1151,6.8921
4.1163,6.8941
4.1174,6.8961
4.1186,6.898
4.1198,6.9
4.1209,6.902
4.1221,6.9039
4.1233,6.9059
4.1244,6.9079
4.1256,6.9099
4.1268,6.9118
4.1279,6.9138
4.1291,6.9158
4.1303,6.9178
4.1314,6.9197
4.1326,6.9217
4.1338,6.9237
4.135,6.9256
4.1361,6.9276
4.1373,6.9296
4.1385,6.9316
4.1396,6.9335
4.1408,6.9355
4.142,6.9375
4.1431,6.9395
4.1443,6.9414
4.1455,6.9434
4.1466,6.9454
4.1478,6.9473
4.149,6.9493
4.1501,6.9513
4.1513,6.9533
4.1525,6.9552
4.1536,6.9572
4.1548,6.9592
4.156,6.9612
4.1571,6.9631
4.1583,6.9651
4.1595,6.9671
4.1606,6.9691
4.1618,6.971
4.163,6.973
4.1641,6.975
4.1653,6.977
4.1665,6.9789
4.1676,6.9809
4.1688,6.9829
4.17,6.9848
4.1711,6.9868
4.1723,6.9888
4.1735,6.9908
4.1746,6.9927
4.1758,6.9947
4.177,6.9967
4.1781,6.9987
4.1793,7.0006
4.1805,7.0026
4.1816,7.0046
4.1828,7.0066
4.184,7.0085
4.1852,7.0105
4.1863,7.0125
4.1875,7.0145
4.1887,7.0164
4.1898,7.0184
4.191,7.0204
4.1922,7.0224
4.1933,7.0243
4.1945,7.0263
4.1957,7.0283
4.1968,7.0302
4.198,7.0322
4.1992,7.0342
4.2003,7.0362
4.2015,7.0381
4.2027,7.0401
4.2038,7.0421
4.205,7.0441
4.2062,7.046
4.2073,7.048
4.2085,7.05
4.2097,7.052
4.2108,7.0539
4.212,7.0559
4.2132,7.0579
4.2143,7.0598
4.2155,7.0618
4.2167,7.0638
4.2178,7.0658
4.219,7.0677
4.2202,7.0697
4.2213,7.0717
4.2225,7.0737
4.2237,7.0756
4.2248,7.0776
4.226,7.0796
4.2272,7.0815
4.2283,7.0835
4.2295,7.0855
4.2307,7.0875
4.2318,7.0894
4.233,7.0914
4.2342,7.0934
4.2353,7.0954
4.2365,7.0973
4.2377,7.0993
4.2389,7.1013
4.24,7.1033
4.2412,7.1052
4.2424,7.1072
4.2435,7.1092
4.2447,7.1111
4.2459,7.1131
4.247,7.1151
4.2482,7.1171
4.2494,7.119
4.2505,7.121
4.2517,7.123
4.2529,7.125
4.254,7.1269
4.2552,7.1289
4.2564,7.1309
4.2575,7.1329
4.2587,7.1348
4.2599,7.1368
4.261,7.1388
4.2622,7.1408
4.2634,7.1427
4.2645,7.1447
4.2657,7.1467
4.2669,7.1486
4.268,7.1506
4.2692,7.1526
4.2704,7.1546
4.2715,7.1565
4.2727,7.1585
4.2739,7.1605
4.275,7.1625
4.2762,7.1644
4.2774,7.1664
4.2785,7.1684
4.2797,7.1704
4.2809,7.1723
4.282,7.1743
4.2832,7.1763
4.2844,7.1783
4.2855,7.1802
4.2867,7.1822
4.2879,7.1842
4.289,7.1862
4.2902,7.1881
4.2914,7.1901
4.2926,7.1921
4.2937,7.194
4.2949,7.196
4.2961,7.198
4.2972,7.2
4.2984,7.2019
4.2996,7.2039
4.3007,7.2059
4.3019,7.2079
4.3031,7.2098
4.3042,7.2118
4.3054,7.2138
4.3066,7.2158
4.3077,7.2177
4.3089,7.2197
4.3101,7.2217
4.3112,7.2236
4.3124,7.2256
4.3136,7.2276
4.3147,7.2296
4.3159,7.2315
4.3171,7.2335
4.3182,7.2355
4.3194,7.2375
4.3206,7.2394
4.3217,7.2414
4.3229,7.2434
4.3241,7.2453
4.3252,7.2473
4.3264,7.2493
4.3276,7.2513
4.3287,7.2532
4.3299,7.2552
4.3311,7.2572
4.3322,7.2592
4.3334,7.2611
4.3346,7.2631
4.3357,7.2651
4.3369,7.2671
4.3381,7.269
4.3392,7.271
4.3404,7.273
4.3416,7.275
4.3428,7.2769
4.3439,7.2789
4.3451,7.2809
4.3463,7.2828
4.3474,7.2848
4.3486,7.2868
4.3498,7.2888
4.3509,7.2907
4.3521,7.2927
4.3533,7.2947
4.3544,7.2967
4.3556,7.2986
4.3568,7.3006
4.3579,7.3026
4.3591,7.3046
4.3603,7.3065
4.3614,7.3085
4.3626,7.3105
4.3638,7.3125
4.3649,7.3144
4.3661,7.3164
4.3673,7.3184
4.3684,7.3203
4.3696,7.3223
4.3708,7.3243
4.3719,7.3263
4.3731,7.3282
4.3743,7.3302
4.3754,7.3322
4.3766,7.3342
4.3778,7.3361
4.3789,7.3381
4.3801,7.3401
4.3813,7.3421
4.3824,7.344
4.3836,7.346
4.3848,7.348
4.3859,7.35
4.3871,7.3519
4.3883,7.3539
4.3894,7.3559
4.3906,7.3579
4.3918,7.3598
4.3929,7.3618
4.3941,7.3638
4.3953,7.3657
4.3965,7.3677
4.3976,7.3697
4.3988,7.3717
4.4,7.3736
4.4011,7.3756
4.4023,7.3776
4.4035,7.3796
4.4046,7.3815
4.4058,7.3835
4.407,7.3855
4.4081,7.3875
4.4093,7.3894
4.4105,7.3914
4.4116,7.3934
4.4128,7.3953
4.414,7.3973
4.4151,7.3993
4.4163,7.4013
4.4175,7.4032
4.4186,7.4052
4.4198,7.4072
4.421,7.4092
4.4221,7.4111
4.4233,7.4131
4.4245,7.4151
4.4256,7.4171
4.4268,7.419
4.428,7.421
4.4291,7.423
4.4303,7.4249
4.4315,7.4269
4.4326,7.4289
4.4338,7.4309
4.435,7.4328
4.4361,7.4348
4.4373,7.4368
4.4385,7.4388
4.4396,7.4407
4.4408,7.4427
4.442,7.4447
4.4431,7.4467
4.4443,7.4486
4.4455,7.4506
4.4466,7.4526
4.4478,7.4546
4.449,7.4565
4.4502,7.4585
4.4513,7.4605
4.4525,7.4625
4.4537,7.4644
4.4548,7.4664
4.456,7.4684
4.4572,7.4703
4.4583,7.4723
4.4595,7.4743
4.4607,7.4763
4.4618,7.4782
4.463,7.4802
4.4642,7.4822
4.4653,7.4842
4.4665,7.4861
4.4677,7.4881
4.4688,7.4901
4.47,7.4921
4.4712,7.494
4.4723,7.496
4.4735,7.498
4.4747,7.5
4.4758,7.5019
4.477,7.5039
4.4782,7.5059
4.4793,7.5079
4.4805,7.5098
4.4817,7.5118
4.4828,7.5138
4.484,7.5158
4.4852,7.5177
4.4863,7.5197
4.4875,7.5217
4.4887,7.5236
4.4898,7.5256
4.491,7.5276
4.4922,7.5296
4.4933,7.5315
4.4945,7.5335
4.4957,7.5355
4.4968,7.5375
4.498,7.5394
4.4992,7.5414
4.5004,7.5434
4.5015,7.5454
4.5027,7.5473
4.5039,7.5493
4.505,7.5513
4.5062,7.5532
4.5074,7.5552
4.5085,7.5572
4.5097,7.5592
4.5109,7.5611
4.512,7.5631
4.5132,7.5651
4.5144,7.5671
4.5155,7.569
4.5167,7.571
4.5179,7.573
4.519,7.575
4.5202,7.5769
4.5214,7.5789
4.5225,7.5809
4.5237,7.5828
4.5249,7.5848
4.526,7.5868
4.5272,7.5888
4.5284,7.5907
4.5295,7.5927
4.5307,7.5947
4.5319,7.5967
4.533,7.5986
4.5342,7.6006
4.5354,7.6026
4.5365,7.6046
4.5377,7.6065
4.5389,7.6085
4.54,7.6105
4.5412,7.6125
4.5424,7.6144
4.5435,7.6164
4.5447,7.6184
4.5459,7.6203
4.547,7.6223
4.5482,7.6243
4.5494,7.6263
4.5505,7.6282
4.5517,7.6302
4.5529,7.6322
4.5541,7.6342
4.5552,7.6361
4.5564,7.6381
4.5576,7.6401
4.5587,7.6421
4.5599,7.644
4.5611,7.646
4.5622,7.648
4.5634,7.65
4.5646,7.6519
4.5657,7.6539
4.5669,7.6559
4.5681,7.6579
4.5692,7.6598
4.5704,7.6618
4.5716,7.6638
4.5727,7.6658
4.5739,7.6677
4.5751,7.6697
4.5762,7.6717
4.5774,7.6737
4.5786,7.6756
4.5797,7.6776
4.5809,7.6796
4.5821,7.6816
4.5832,7.6835
4.5844,7.6855
4.5856,7.6875
4.5867,7.6894
4.5879,7.6914
4.5891,7.6934
4.5902,7.6954
4.5914,7.6973
4.5926,7.6993
4.5937,7.7013
4.5949,7.7033
4.5961,7.7052
4.5972,7.7072
4.5984,7.7092
4.5996,7.7112
4.6007,7.7131
4.6019,7.7151
4.6031,7.7171
4.6042,7.719
4.6054,7.721
4.6066,7.723
4.6078,7.725
4.6089,7.7269
4.6101,7.7289
4.6113,7.7309
4.6124,7.7329
4.6136,7.7348
4.6148,7.7368
4.6159,7.7388
4.6171,7.7408
4.6183,7.7427
4.6194,7.7447
4.6206,7.7467
4.6218,7.7486
4.6229,7.7506
4.6241,7.7526
4.6253,7.7546
4.6264,7.7565
4.6276,7.7585
4.6288,7.7605
4.6299,7.7625
4.6311,7.7644
4.6323,7.7664
4.6334,7.7684
4.6346,7.7704
4.6358,7.7723
4.6369,7.7743
4.6381,7.7763
4.6393,7.7783
4.6404,7.7802
4.6416,7.7822
4.6428,7.7842
4.6439,7.7862
4.6451,7.7881
4.6463,7.7901
4.6474,7.7921
4.6486,7.794
4.6498,7.796
4.6509,7.798
4.6521,7.8
4.6533,7.8019
4.6544,7.8039
4.6556,7.8059
4.6568,7.8079
4.658,7.8098
4.6591,7.8118
4.6603,7.8138
4.6615,7.8158
4.6626,7.8177
4.6638,7.8197
4.665,7.8217
4.6661,7.8237
4.6673,7.8256
4.6685,7.8276
4.6696,7.8296
4.6708,7.8316
4.672,7.8335
4.6731,7.8355
4.6743,7.8375
4.6755,7.8395
4.6766,7.8414
4.6778,7.8434
4.679,7.8454
4.6801,7.8474
4.6813,7.8493
4.6825,7.8513
4.6836,7.8533
4.6848,7.8553
4.686,7.8572
4.6871,7.8592
4.6883,7.8612
4.6895,7.8631
4.6906,7.8651
4.6918,7.8671
4.693,7.8691
4.6941,7.871
4.6953,7.873
4.6965,7.875
4.6976,7.877
4.6988,7.8789
4.7,7.8809
4.7011,7.8829
4.7023,7.8849
4.7035,7.8868
4.7046,7.8888
4.7058,7.8908
4.707,7.8927
4.7081,7.8947
4.7093,7.8967
4.7105,7.8987
4.7117,7.9006
4.7128,7.9026
4.714,7.9046
4.7152,7.9066
4.7163,7.9085
4.7175,7.9105
4.7187,7.9125
4.7198,7.9145
4.721,7.9164
4.7222,7.9184
4.7233,7.9204
4.7245,7.9224
4.7257,7.9243
4.7268,7.9263
4.728,7.9283
4.7292,7.9302
4.7303,7.9322
4.7315,7.9342
4.7327,7.9362
4.7338,7.9381
4.735,7.9401
4.7362,7.9421
4.7373,7.9441
4.7385,7.946
4.7397,7.948
4.7408,7.95
4.742,7.952
4.7432,7.9539
4.7443,7.9559
4.7455,7.9579
4.7467,7.9599
4.7478,7.9618
4.749,7.9638
4.7502,7.9658
4.7513,7.9678
4.7525,7.9697
4.7537,7.9717
4.7548,7.9737
4.756,7.9757
4.7572,7.9776
4.7583,7.9796
4.7595,7.9816
4.7607,7.9836
4.7618,7.9855
4.763,7.9875
4.7642,7.9895
4.7654,7.9914
4.7665,7.9934
4.7677,7.9954
4.7689,7.9974
4.77,7.9993
4.7712,8.0013
4.7724,8.0033
4.7735,8.0053
4.7747,8.0072
4.7759,8.0092
4.777,8.0112
4.7782,8.0132
4.7794,8.0151
4.7805,8.0171
4.7817,8.0191
4.7829,8.0211
4.784,8.023
4.7852,8.025
4.7864,8.027
4.7875,8.029
4.7887,8.0309
4.7899,8.0329
4.791,8.0349
4.7922,8.0368
4.7934,8.0388
4.7945,8.0408
4.7957,8.0428
4.7969,8.0447
4.798,8.0467
4.7992,8.0487
4.8004,8.0507
4.8015,8.0526
4.8027,8.0546
4.8039,8.0566
4.805,8.0586
4.8062,8.0605
4.8074,8.0625
4.8085,8.0645
4.8097,8.0664
4.8109,8.0684
4.812,8.0704
4.8132,8.0724
4.8144,8.0743
4.8155,8.0763
4.8167,8.0783
4.8179,8.0803
4.8191,8.0822
4.8202,8.0842
4.8214,8.0862
4.8226,8.0882
4.8237,8.0901
4.8249,8.0921
4.8261,8.0941
4.8272,8.0961
4.8284,8.098
4.8296,8.1
4.8307,8.102
4.8319,8.104
4.8331,8.1059
4.8342,8.1079
4.8354,8.1099
4.8366,8.1118
4.8377,8.1138
4.8389,8.1158
4.8401,8.1178
4.8412,8.1197
4.8424,8.1217
4.8436,8.1237
4.8447,8.1257
4.8459,8.1276
4.8471,8.1296
4.8482,8.1316
4.8494,8.1336
4.8506,8.1355
4.8517,8.1375
4.8529,8.1395
4.8541,8.1415
4.8552,8.1434
4.8564,8.1454
4.8576,8.1474
4.8587,8.1494
4.8599,8.1513
4.8611,8.1533
4.8622,8.1553
4.8634,8.1573
4.8646,8.1592
4.8657,8.1612
4.8669,8.1632
4.8681,8.1652
4.8693,8.1671
4.8704,8.1691
4.8716,8.1711
4.8728,8.1731
4.8739,8.175
4.8751,8.177
4.8763,8.179
4.8774,8.181
4.8786,8.1829
4.8798,8.1849
4.8809,8.1869
4.8821,8.1888
4.8833,8.1908
4.8844,8.1928
4.8856,8.1948
4.8868,8.1967
4.8879,8.1987
4.8891,8.2007
4.8903,8.2027
4.8914,8.2046
4.8926,8.2066
4.8938,8.2086
4.8949,8.2106
4.8961,8.2125
4.8973,8.2145
4.8984,8.2165
4.8996,8.2184
4.9008,8.2204
4.9019,8.2224
4.9031,8.2244
4.9043,8.2263
4.9054,8.2283
4.9066,8.2303
4.9078,8.2323
4.9089,8.2342
4.9101,8.2362
4.9113,8.2382
4.9124,8.2402
4.9136,8.2421
4.9148,8.2441
4.9159,8.2461
4.9171,8.2481
4.9183,8.25
4.9194,8.252
4.9206,8.254
4.9218,8.2559
4.923,8.2579
4.9241,8.2599
4.9253,8.2619
4.9265,8.2638
4.9276,8.2658
4.9288,8.2678
4.93,8.2698
4.9311,8.2717
4.9323,8.2737
4.9335,8.2757
4.9346,8.2777
4.9358,8.2796
4.937,8.2816
4.9381,8.2836
4.9393,8.2856
4.9405,8.2875
4.9416,8.2895
4.9428,8.2915
4.944,8.2935
4.9451,8.2954
4.9463,8.2974
4.9475,8.2994
4.9486,8.3014
4.9498,8.3033
4.951,8.3053
4.9521,8.3073
4.9533,8.3093
4.9545,8.3112
4.9556,8.3132
4.9568,8.3152
4.958,8.3172
4.9591,8.3191
4.9603,8.3211
4.9615,8.3231
4.9626,8.3251
4.9638,8.327
4.965,8.329
4.9661,8.331
4.9673,8.3329
4.9685,8.3349
4.9696,8.3369
4.9708,8.3389
4.972,8.3408
4.9731,8.3428
4.9743,8.3448
4.9755,8.3468
4.9767,8.3487
4.9778,8.3507
4.979,8.3527
4.9802,8.3547
4.9813,8.3566
4.9825,8.3586
4.9837,8.3606
4.9848,8.3626
4.986,8.3645
4.9872,8.3665
4.9883,8.3685
4.9895,8.3704
4.9907,8.3724
4.9918,8.3744
4.993,8.3764
4.9942,8.3783
4.9953,8.3803
4.9965,8.3823
4.9977,8.3843
4.9988,8.3862
5,8.3882
