0,1e-12
0.0011674,0
0.0023348,0
0.0035022,0
0.0046696,0
0.005837,0
0.0070044,0
0.0081718,0
0.0093392,0
0.010507,0
0.011674,0
0.012841,0
0.014009,0
0.015176,0
0.016344,0
0.017511,0
0.018678,0
0.019846,0
0.021013,0
0.022181,0
0.023348,0
0.024516,0
0.025683,0
0.02685,0
0.028018,0
0.029185,0
0.030353,0
0.03152,0
0.032687,0
0.033855,0
0.035022,0
0.03619,0
0.037357,0
0.038524,0
0.039692,0
0.040859,0
0.042027,0
0.043194,0
0.044361,0
0.045529,0
0.046696,0
0.047864,0
0.049031,0
0.050198,0
0.051366,0
0.052533,0
0.053701,0
0.054868,0
0.056035,0
0.057203,0
0.05837,0
0.059538,0
0.060705,0
0.061873,0
0.06304,0
0.064207,0
0.065375,0
0.066542,0
0.06771,0
0.068877,0
0.070044,0
0.071212,0
0.072379,-0
0.073547,0
0.074714,-0
0.075881,-0
0.077049,0
0.078216,-0
0.079384,-0
0.080551,0
0.081718,-0
0.082886,0
0.084053,0
0.085221,-0
0.086388,0
0.087555,0
0.088723,-0
0.08989,0
0.091058,0
0.092225,-0
0.093392,-0
0.09456,0
0.095727,0
0.096895,-0
0.098062,0
0.09923,0
0.1004,-0
0.10156,-0
0.10273,0
0.1039,-0
0.10507,-0
0.10623,0
0.1074,0
0.10857,-0
0.10974,0
0.1109,0
0.11207,-0
0.11324,-0
0.11441,0
0.11557,0
0.11674,-0
0.11791,-0
0.11908,0
0.12024,0
0.12141,-0
0.12258,0
0.12375,0
0.12491,-0
0.12608,-0
0.12725,0
0.12841,0
0.12958,-0
0.13075,-0
0.13192,0
0.13308,0
0.13425,-0
0.13542,-0
0.13659,0
0.13775,0
0.13892,-0
0.14009,-0
0.14126,0
0.14242,0
0.14359,-0
0.14476,0
0.14593,0
0.14709,-0
0.14826,-0
0.14943,0
0.1506,0
0.15176,-0
0.15293,-0
0.1541,0
0.15527,0
0.15643,-0
0.1576,-0
0.15877,0
0.15993,0
0.1611,-0
0.16227,-0
0.16344,0
0.1646,0
0.16577,-0
0.16694,-0
0.16811,0
0.16927,0
0.17044,-0
0.17161,-0
0.17278,0
0.17394,0
0.17511,-0
0.17628,-0
0.17745,0
0.17861,0
0.17978,-0
0.18095,-0
0.18212,0
0.18328,0
0.18445,-0
0.18562,-0
0.18678,0
0.18795,0
0.18912,-0
0.19029,-0
0.19145,0
0.19262,0
0.19379,-0
0.19496,-0
0.19612,0
0.19729,0
0.19846,-0
0.19963,-0
0.20079,0
0.20196,0
0.20313,-0
0.2043,-0
0.20546,0
0.20663,0
0.2078,-0
0.20897,-0
0.21013,-0
0.2113,0
0.21247,0
0.21364,-0
0.2148,-0
0.21597,0
0.21714,0
0.2183,-0
0.21947,-0
0.22064,0
0.22181,0
0.22297,-0
0.22414,-0
0.22531,0
0.22648,0
0.22764,-0
0.22881,-0
0.22998,0
0.23115,0
0.23231,-0
0.23348,-0
0.23465,0
0.23582,0
0.23698,-0
0.23815,-0
0.23932,0
0.24049,0
0.24165,-0
0.24282,-0
0.24399,0
0.24516,0
0.24632,0
0.24749,-0
0.24866,-0
0.24982,0
0.25099,0
0.25216,-0
0.25333,-0
0.25449,0
0.25566,0
0.25683,-0
0.258,-0
0.25916,0
0.26033,0
0.2615,-0
0.26267,-0
0.26383,0
0.265,0
0.26617,-0
0.26734,-0
0.2685,0
0.26967,0
0.27084,0
0.27201,-0
0.27317,-0
0.27434,0
0.27551,0
0.27668,-0
0.27784,-0
0.27901,0
0.28018,0
0.28134,-0
0.28251,-0
0.28368,0
0.28485,0
0.28601,-0
0.28718,-0
0.28835,0
0.28952,0
0.29068,0
0.29185,-0
0.29302,-0
0.29419,0
0.29535,0
0.29652,-0
0.29769,-0
0.29886,0
0.30002,0
0.30119,-0
0.30236,-0
0.30353,0
0.30469,0
0.30586,-0
0.30703,-0
0.3082,-0
0.30936,0
0.31053,0
0.3117,-0
0.31286,-0
0.31403,0
0.3152,-0
0.31637,-0
0.31753,-0
0.3187,0
0.31987,0
0.32104,-0
0.3222,-0
0.32337,-0
0.32454,0
0.32571,0
0.32687,0
0.32804,0
0.32921,-0
0.33038,-0
0.33154,-0
0.33271,0
0.33388,0
0.33505,0
0.33621,-0
0.33738,-0
0.33855,-0
0.33972,-0
0.34088,0
0.34205,0
0.34322,0
0.34438,-0
0.34555,-0
0.34672,-0
0.34789,-0
0.34905,0
0.35022,0
0.35139,0
0.35256,-0
0.35372,-0
0.35489,-0
0.35606,0
0.35723,0
0.35839,0
0.35956,-0
0.36073,-0
0.3619,-0
0.36306,-0
0.36423,0
0.3654,0
0.36657,0
0.36773,-0
0.3689,-0
0.37007,-0
0.37124,0
0.3724,0
0.37357,0
0.37474,-0
0.3759,-0
0.37707,-0
0.37824,0
0.37941,0
0.38057,0
0.38174,0
0.38291,-0
0.38408,-0
0.38524,-0
0.38641,0
0.38758,0
0.38875,0
0.38991,-0
0.39108,-0
0.39225,-0
0.39342,0
0.39458,0
0.39575,0
0.39692,0
0.39809,-0
0.39925,-0
0.40042,-0
0.40159,0
0.40276,0
0.40392,0
0.40509,0
0.40626,-0
0.40742,-0
0.40859,-0
0.40976,0
0.41093,0
0.41209,0
0.41326,-0
0.41443,-0
0.4156,-0
0.41676,-0
0.41793,0
0.4191,0
0.42027,0
0.42143,-0
0.4226,-0
0.42377,-0
0.42494,-0
0.4261,0
0.42727,0
0.42844,0
0.42961,-0
0.43077,-0
0.43194,-0
0.43311,-0
0.43428,0
0.43544,0
0.43661,0
0.43778,-0
0.43894,-0
0.44011,-0
0.44128,0
0.44245,0
0.44361,0
0.44478,0
0.44595,-0
0.44712,-0
0.44828,-0
0.44945,0
0.45062,0
0.45179,0
0.45295,-0
0.45412,-0
0.45529,-0
0.45646,0
0.45762,0
0.45879,0
0.45996,-0
0.46113,-0
0.46229,-0
0.46346,0
0.46463,0
0.4658,0
0.46696,0
0.46813,-0
0.4693,-2.212e-38
0.47046,-1.9785e-38
0.47163,0
0.4728,4.053e-38
0.47397,5.6203e-38
0.47513,2.3668e-38
0.4763,-5.2789e-38
0.47747,-1.2138e-37
0.47864,-1.0818e-37
0.4798,2.0492e-38
0.48097,2.0165e-37
0.48214,2.8518e-37
0.48331,1.3576e-37
0.48447,-2.2554e-37
0.48564,-5.5954e-37
0.48681,-5.2983e-37
0.48798,1.9716e-38
0.48914,8.2375e-37
0.49031,1.244e-36
0.49148,7.0055e-37
0.49265,-7.4818e-37
0.49381,-2.1658e-36
0.49498,-2.2233e-36
0.49615,-2.736e-37
0.49731,2.7488e-36
0.49848,4.5288e-36
0.49965,2.9494e-36
0.50082,-1.8711e-36
0.50198,-6.816e-36
0.50315,-7.5015e-36
0.50432,-1.8373e-36
0.50549,7.2464e-36
0.50665,1.2777e-35
0.50782,8.8201e-36
0.50899,-3.7319e-36
0.51016,-1.5944e-35
0.51132,-1.6884e-35
0.51249,-3.4129e-36
0.51366,1.4717e-35
0.51483,2.1125e-35
0.51599,7.7858e-36
0.51716,-1.4028e-35
0.51833,-2.0208e-35
0.5195,2.5134e-36
0.52066,3.5214e-35
0.52183,3.3901e-35
0.523,-2.8389e-35
0.52417,-1.1508e-34
0.52533,-1.2802e-34
0.5265,1.444e-35
0.52767,2.6654e-34
0.52883,4.1793e-34
0.53,2.1909e-34
0.53117,-3.6722e-34
0.53234,-9.8387e-34
0.5335,-1.0044e-33
0.53467,-1.8318e-35
0.53584,1.6133e-33
0.53701,2.662e-33
0.53817,1.7526e-33
0.53934,-1.3641e-33
0.54051,-4.942e-33
0.54168,-5.8424e-33
0.54284,-1.7925e-33
0.54401,6.0168e-33
0.54518,1.2296e-32
0.54635,1.0545e-32
0.54751,-1.5307e-33
0.54868,-1.7941e-32
0.54985,-2.6023e-32
0.55102,-1.4857e-32
0.55218,1.4176e-32
0.55335,4.3331e-32
0.55452,4.7325e-32
0.55569,1.2478e-32
0.55685,-4.6697e-32
0.55802,-8.9159e-32
0.55919,-7.2763e-32
0.56035,9.9577e-33
0.56152,1.1312e-31
0.56269,1.5816e-31
0.56386,8.9316e-32
0.56502,-7.2313e-32
0.56619,-2.2308e-31
0.56736,-2.3898e-31
0.56853,-7.2542e-32
0.56969,1.8858e-31
0.57086,3.6118e-31
0.57203,2.9508e-31
0.5732,1.8209e-33
0.57436,-3.2713e-31
0.57553,-4.5055e-31
0.5767,-2.6995e-31
0.57787,7.6845e-32
0.57903,3.2324e-31
0.5802,3.1318e-31
0.58137,1.5553e-31
0.58254,1.1103e-31
0.5837,2.6724e-31
0.58487,3.1903e-31
0.58604,-2.1803e-31
0.58721,-1.3935e-30
0.58837,-2.3397e-30
0.58954,-1.608e-30
0.59071,1.53e-30
0.59187,5.6761e-30
0.59304,7.2923e-30
0.59421,2.9743e-30
0.59538,-6.978e-30
0.59654,-1.6573e-29
0.59771,-1.6611e-29
0.59888,-1.6575e-30
0.60005,2.2807e-29
0.60121,3.9763e-29
0.60238,3.0379e-29
0.60355,-9.8661e-30
0.60472,-6.0384e-29
0.60588,-8.2197e-29
0.60705,-4.3953e-29
0.60822,4.7513e-29
0.60939,1.3706e-28
0.61055,1.4879e-28
0.61172,4.2422e-29
0.61289,-1.3895e-28
0.61406,-2.7381e-28
0.61522,-2.3521e-28
0.61639,5.8741e-30
0.61756,3.2298e-28
0.61873,4.8635e-28
0.61989,3.172e-28
0.62106,-1.5147e-28
0.62223,-6.3814e-28
0.62339,-7.6717e-28
0.62456,-3.4258e-28
0.62573,4.4926e-28
0.6269,1.091e-27
0.62806,1.0622e-27
0.62923,2.4411e-28
0.6304,-9.0553e-28
0.63157,-1.5979e-27
0.63273,-1.2621e-27
0.6339,-1.1937e-29
0.63507,1.3578e-27
0.63624,1.9096e-27
0.6374,1.262e-27
0.63857,-1.1034e-28
0.63974,-1.2646e-27
0.64091,-1.5707e-27
0.64207,-1.1934e-27
0.64324,-7.7768e-28
0.64441,-5.7967e-28
0.64558,4.3038e-29
0.64674,1.9914e-27
0.64791,4.9119e-27
0.64908,6.2963e-27
0.65025,2.772e-27
0.65141,-6.4932e-27
0.65258,-1.6795e-26
0.65375,-1.8871e-26
0.65491,-5.2744e-27
0.65608,2.1189e-26
0.65725,4.4137e-26
0.65842,4.1332e-26
0.65958,1.8551e-27
0.66075,-5.8472e-26
0.66192,-9.8222e-26
0.66309,-7.4599e-26
0.66425,2.045e-26
0.66542,1.3862e-25
0.66659,1.9271e-25
0.66776,1.137e-25
0.66892,-8.5394e-26
0.67009,-2.8984e-25
0.67126,-3.3982e-25
0.67243,-1.4323e-25
0.67359,2.2831e-25
0.67476,5.4357e-25
0.67593,5.4371e-25
0.6771,1.3561e-25
0.67826,-4.8889e-25
0.67943,-9.2204e-25
0.6806,-7.938e-25
0.68177,-6.0126e-26
0.68293,8.8763e-25
0.6841,1.4165e-24
0.68527,1.0666e-24
0.68643,-8.2616e-26
0.6876,-1.3764e-24
0.68877,-1.961e-24
0.68994,-1.3547e-24
0.6911,1.8067e-25
0.69227,1.7567e-24
0.69344,2.4168e-24
0.69461,1.7521e-24
0.69577,1.3687e-25
0.69694,-1.5722e-24
0.69811,-2.6027e-24
0.69928,-2.6352e-24
0.70044,-1.7251e-24
0.70161,5.3849e-27
0.70278,2.4229e-24
0.70395,4.9686e-24
0.70511,6.2036e-24
0.70628,4.1523e-24
0.70745,-2.152e-24
0.70862,-1.0731e-23
0.70978,-1.6207e-23
0.71095,-1.2354e-23
0.71212,2.9072e-24
0.71329,2.3365e-23
0.71445,3.5432e-23
0.71562,2.5863e-23
0.71679,-7.2398e-24
0.71795,-4.8e-23
0.71912,-6.8231e-23
0.72029,-4.4978e-23
0.72146,1.9581e-23
0.72262,9.1035e-23
0.72379,1.1847e-22
0.72496,6.8096e-23
0.72613,-4.5983e-23
0.72729,-1.5849e-22
0.72846,-1.8758e-22
0.72963,-9.1157e-23
0.7308,9.2258e-23
0.73196,2.5259e-22
0.73313,2.7211e-22
0.7343,1.0863e-22
0.73547,-1.5941e-22
0.73663,-3.6655e-22
0.7378,-3.6212e-22
0.73897,-1.1785e-22
0.74014,2.3555e-22
0.7413,4.7862e-22
0.74247,4.4297e-22
0.74364,1.2884e-22
0.74481,-2.844e-22
0.74597,-5.4839e-22
0.74714,-5.0452e-22
0.74831,-1.8167e-22
0.74947,2.3288e-22
0.75064,5.2132e-22
0.75181,5.6284e-22
0.75298,3.7116e-22
0.75414,3.6489e-23
0.75531,-3.4902e-22
0.75648,-6.9889e-22
0.75765,-8.7658e-22
0.75881,-6.7953e-22
0.75998,3.4798e-23
0.76115,1.1157e-21
0.76232,1.9878e-21
0.76348,1.8593e-21
0.76465,2.9188e-22
0.76582,-2.2075e-21
0.76699,-4.1173e-21
0.76815,-3.6858e-21
0.76932,-2.7918e-22
0.77049,4.6247e-21
0.77166,7.7862e-21
0.77282,6.1329e-21
0.77399,-7.3565e-22
0.77516,-9.3028e-21
0.77633,-1.3582e-20
0.77749,-8.9776e-21
0.77866,3.7386e-21
0.77983,1.7413e-20
0.78099,2.2112e-20
0.78216,1.1848e-20
0.78333,-9.8724e-21
0.7845,-3.0185e-20
0.78566,-3.4009e-20
0.78683,-1.4534e-20
0.788,1.9933e-20
0.78917,4.8557e-20
0.79033,5.0102e-20
0.7915,1.7754e-20
0.79267,-3.3376e-20
0.79384,-7.263e-20
0.795,-7.1871e-20
0.79617,-2.4596e-20
0.79734,4.6655e-20
0.79851,1.0091e-19
0.79967,1.0233e-19
0.80084,4.2735e-20
0.80201,-5.0907e-20
0.80318,-1.2938e-19
0.80434,-1.472e-19
0.80551,-8.7256e-20
0.80668,2.9078e-20
0.80784,1.5023e-19
0.80901,2.161e-19
0.81018,1.835e-19
0.81135,4.706e-20
0.81251,-1.503e-19
0.81368,-3.2276e-19
0.81485,-3.6867e-19
0.81602,-2.189e-19
0.81718,1.0884e-19
0.81835,4.8246e-19
0.81952,6.8946e-19
0.82069,5.4106e-19
0.82185,6.5153e-21
0.82302,-7.0476e-19
0.82419,-1.1946e-18
0.82536,-1.0774e-18
0.82652,-2.4373e-19
0.82769,9.7935e-19
0.82886,1.9157e-18
0.83003,1.8902e-18
0.83119,6.7438e-19
0.83236,-1.2513e-18
0.83353,-2.8395e-18
0.8347,-3.0238e-18
0.83586,-1.3979e-18
0.83703,1.3942e-18
0.8382,3.8666e-18
0.83936,4.4715e-18
0.84053,2.5422e-18
0.8417,-1.1716e-18
0.84287,-4.7623e-18
0.84403,-6.1473e-18
0.8452,-4.26e-18
0.84637,2.3054e-19
0.84754,5.1333e-18
0.8487,7.8289e-18
0.84987,6.6668e-18
0.85104,1.8959e-18
0.85221,-4.3726e-18
0.85337,-9.1261e-18
0.85454,-9.8482e-18
0.85571,-5.73e-18
0.85688,1.805e-18
0.85804,9.5235e-18
0.85921,1.366e-17
0.86038,1.1592e-17
0.86155,3.2648e-18
0.86271,-8.2704e-18
0.86388,-1.7679e-17
0.86505,-1.9533e-17
0.86622,-1.1241e-17
0.86738,4.7356e-18
0.86855,2.1065e-17
0.86972,2.8698e-17
0.87088,2.1764e-17
0.87205,1.6443e-18
0.87322,-2.2393e-17
0.87439,-3.7254e-17
0.87555,-3.3289e-17
0.87672,-1.061e-17
0.87789,1.9866e-17
0.87906,4.1859e-17
0.88022,4.2692e-17
0.88139,2.0909e-17
0.88256,-1.2115e-17
0.88373,-3.8485e-17
0.88489,-4.4553e-17
0.88606,-2.8808e-17
0.88723,-1.7642e-18
0.8884,2.2326e-17
0.88956,3.2677e-17
0.89073,2.8507e-17
0.8919,1.8048e-17
0.89307,9.6733e-18
0.89423,1.9928e-18
0.8954,-1.1204e-17
0.89657,-3.1891e-17
0.89774,-5.3627e-17
0.8989,-6.1237e-17
0.90007,-3.5913e-17
0.90124,2.5714e-17
0.9024,1.0181e-16
0.90357,1.4723e-16
0.90474,1.1994e-16
0.90591,1.3539e-17
0.90707,-1.3297e-16
0.90824,-2.3852e-16
0.90941,-2.3475e-16
0.91058,-1.0445e-16
0.91174,9.5297e-17
0.91291,2.9352e-16
0.91408,3.9397e-16
0.91525,3.2979e-16
0.91641,3.7982e-17
0.91758,-3.3937e-16
0.91875,-5.8963e-16
0.91992,-6.6391e-16
0.92108,-4.806e-16
0.92225,3.1985e-16
0.92342,-4.2594e-16
0.92459,-5.3296e-16
0.92575,6.1579e-16
0.92692,-2.89e-16
0.92809,4.4446e-17
0.92926,-5.3364e-16
0.93042,-4.6819e-16
0.93159,-5.0311e-16
0.93276,-6.6806e-16
0.93392,2.8103e-16
0.93509,-1.9509e-16
0.93626,-5.022e-16
0.93743,-1.5469e-16
0.93859,3.0111e-16
0.93976,1.7011e-16
0.94093,-7.0788e-16
0.9421,-4.3416e-16
0.94326,4.2007e-16
0.94443,-2.082e-16
0.9456,-7.1259e-16
0.94677,-5.0625e-16
0.94793,2.7354e-16
0.9491,6.8769e-16
0.95027,3.1166e-17
0.95144,5.1315e-16
0.9526,-4.3247e-16
0.95377,6.3352e-17
0.95494,-2.3216e-16
0.95611,8.3654e-17
0.95727,4.9859e-16
0.95844,-7.528e-17
0.95961,7.3814e-17
0.96078,2.8194e-16
0.96194,-1.0924e-16
0.96311,1.335e-16
0.96428,-5.9166e-16
0.96544,5.495e-16
0.96661,-7.0472e-16
0.96778,-3.5053e-16
0.96895,6.9459e-16
0.97011,6.6535e-16
0.97128,-1.9498e-16
0.97245,5.3721e-16
0.97362,-6.1051e-16
0.97478,-4.6615e-16
0.97595,5.3994e-16
0.97712,2.1731e-16
0.97829,2.305e-16
0.97945,-6.1463e-16
0.98062,4.1597e-17
0.98179,6.5145e-16
0.98296,5.9833e-16
0.98412,-6.065e-18
0.98529,-1.02e-16
0.98646,4.4641e-16
0.98763,-7.0839e-16
0.98879,5.0183e-16
0.98996,-8.5209e-18
0.99113,-5.977e-16
0.9923,-4.4869e-16
0.99346,5.0128e-16
0.99463,-6.1629e-16
0.9958,-7.5619e-17
0.99696,6.4607e-16
0.99813,6.7716e-16
0.9993,2.2053e-16
1.0005,-3.3998e-16
1.0016,-3.1428e-16
1.0028,-1.7002e-16
1.004,2.3879e-16
1.0051,-6.812e-18
1.0063,5.1228e-16
1.0075,-1.806e-16
1.0086,-3.1499e-16
1.0098,-5.2184e-16
1.011,-4.6303e-16
1.0121,2.5555e-16
1.0133,-5.3931e-16
1.0145,2.0178e-16
1.0156,-5.785e-16
1.0168,-7.944e-17
1.018,-5.8085e-16
1.0191,6.1242e-16
1.0203,6.8552e-16
1.0215,-5.1006e-16
1.0226,6.3685e-16
1.0238,5.6307e-16
1.025,-6.6091e-16
1.0261,-4.9788e-16
1.0273,-4.649e-16
1.0285,-1.0218e-16
1.0297,-3.9614e-16
1.0308,-2.5243e-16
1.032,1.6107e-16
1.0332,-4.7446e-16
1.0343,-4.0425e-16
1.0355,-2.7863e-16
1.0367,1.4737e-16
1.0378,-5.4339e-16
1.039,6.4585e-16
1.0402,-6.4389e-16
1.0413,-1.5358e-16
1.0425,2.5628e-16
1.0437,5.6286e-16
1.0448,1.2816e-16
1.046,5.4152e-16
1.0472,-6.7029e-16
1.0483,5.6513e-16
1.0495,3.184e-17
1.0507,4.5451e-16
1.0518,3.3184e-16
1.053,-6.7653e-16
1.0542,2.244e-16
1.0553,-4.1906e-16
1.0565,4.6483e-17
1.0577,-1.8982e-16
1.0588,1.2172e-16
1.06,3.7411e-16
1.0612,2.0759e-16
1.0623,4.2253e-16
1.0635,-3.3282e-16
1.0647,-9.0359e-17
1.0658,-1.1863e-16
1.067,-2.0972e-16
1.0682,-4.3516e-16
1.0693,6.3764e-16
1.0705,-2.2392e-16
1.0717,1.2272e-16
1.0728,-3.8692e-16
1.074,-3.4934e-16
1.0752,-3.108e-16
1.0763,3.8016e-16
1.0775,6.9528e-16
1.0787,4.4842e-16
1.0799,-6.4901e-16
1.081,-6.9813e-16
1.0822,-2.3315e-16
1.0834,2.2071e-16
1.0845,-1.1976e-16
1.0857,-3.2309e-16
1.0869,6.1847e-16
1.088,-4.5057e-16
1.0892,-6.4571e-17
1.0904,-3.3885e-16
1.0915,4.4794e-16
1.0927,-1.108e-16
1.0939,-5.0321e-16
1.095,-5.4924e-16
1.0962,3.4143e-16
1.0974,-7.2927e-16
1.0985,-3.2658e-16
1.0997,-2.9633e-16
1.1009,7.0162e-16
1.102,-4.8705e-16
1.1032,-1.0569e-16
1.1044,3.3875e-16
1.1055,1.8806e-16
1.1067,-3.8659e-16
1.1079,-2.0108e-16
1.109,4.2014e-16
1.1102,-5.4484e-16
1.1114,1.2128e-16
1.1125,3.4673e-16
1.1137,-4.973e-16
1.1149,3.8425e-16
1.116,3.0682e-16
1.1172,-6.1919e-16
1.1184,6.4286e-16
1.1195,3.6081e-16
1.1207,2.4325e-16
1.1219,-6.705e-16
1.123,6.9317e-17
1.1242,-6.5041e-16
1.1254,6.0811e-16
1.1265,4.4293e-16
1.1277,6.1956e-16
1.1289,6.646e-17
1.13,1.8001e-16
1.1312,-6.4332e-16
1.1324,1.1466e-16
1.1336,-1.7166e-16
1.1347,-1.1755e-16
1.1359,-8.7252e-17
1.1371,1.8335e-16
1.1382,-4.2806e-16
1.1394,3.8486e-16
1.1406,-3.1688e-16
1.1417,-7.0419e-16
1.1429,-3.9451e-16
1.1441,-4.5314e-16
1.1452,6.7284e-16
1.1464,-7.2658e-16
1.1476,-5.3359e-16
1.1487,-1.6699e-17
1.1499,-3.2118e-17
1.1511,-5.8712e-16
1.1522,1.0048e-16
1.1534,-2.1106e-16
1.1546,6.1766e-16
1.1557,-5.5751e-16
1.1569,-2.5516e-16
1.1581,2.0933e-16
1.1592,-3.565e-16
1.1604,-4.1138e-17
1.1616,1.7769e-16
1.1627,4.9771e-16
1.1639,7.258e-16
1.1651,6.9072e-16
1.1662,-2.12e-16
1.1674,-2.196e-16
1.1686,-6.3235e-16
1.1697,8.482e-17
1.1709,-3.9085e-16
1.1721,-3.7588e-16
1.1732,6.3118e-16
1.1744,-6.997e-16
1.1756,-5.6568e-16
1.1767,-7.5952e-17
1.1779,-1.1741e-17
1.1791,4.5738e-16
1.1802,3.7347e-16
1.1814,-5.436e-16
1.1826,2.6281e-17
1.1837,-2.1694e-16
1.1849,5.9298e-16
1.1861,-1.6627e-16
1.1873,-7.2719e-16
1.1884,3.7138e-16
1.1896,-5.1197e-16
1.1908,6.2352e-16
1.1919,5.7005e-17
1.1931,-2.6934e-17
1.1943,1.2735e-16
1.1954,3.2904e-16
1.1966,2.9871e-16
1.1978,-4.2701e-16
1.1989,3.1727e-16
1.2001,2.0046e-17
1.2013,3.3182e-16
1.2024,-3.285e-16
1.2036,-2.8287e-16
1.2048,-4.1137e-16
1.2059,-5.4933e-16
1.2071,6.1326e-16
1.2083,-4.1175e-16
1.2094,5.8583e-16
1.2106,4.1388e-16
1.2118,2.669e-16
1.2129,-4.5374e-16
1.2141,1.0592e-16
1.2153,2.2293e-16
1.2164,-5.6538e-17
1.2176,5.3607e-16
1.2188,-4.411e-16
1.2199,-3.0554e-16
1.2211,-1.3114e-16
1.2223,-2.0609e-17
1.2234,5.7134e-16
1.2246,-4.2177e-16
1.2258,1.9839e-16
1.2269,2.0084e-17
1.2281,-2.4218e-16
1.2293,-4.6066e-16
1.2304,2.5658e-16
1.2316,5.6837e-16
1.2328,-2.0253e-16
1.2339,5.0392e-16
1.2351,-6.7198e-16
1.2363,-4.1719e-16
1.2375,-4.1996e-16
1.2386,2.8363e-16
1.2398,5.2737e-16
1.241,-1.9605e-16
1.2421,-1.2963e-16
1.2433,2.6876e-16
1.2445,-9.2987e-17
1.2456,3.8479e-16
1.2468,-1.3244e-16
1.248,-5.0113e-16
1.2491,-1.5146e-17
1.2503,4.9433e-16
1.2515,-5.7188e-16
1.2526,-3.7193e-16
1.2538,-5.6994e-16
1.255,-1.3731e-17
1.2561,-1.1391e-16
1.2573,-4.2412e-16
1.2585,-6.1943e-16
1.2596,-1.3336e-16
1.2608,-3.6387e-16
1.262,-3.1096e-16
1.2631,4.0458e-16
1.2643,-5.9213e-16
1.2655,-6.8612e-16
1.2666,-5.9443e-16
1.2678,-6.0722e-16
1.269,-5.9932e-16
1.2701,-6.4464e-16
1.2713,-3.7173e-16
1.2725,-1.5753e-16
1.2736,5.054e-16
1.2748,4.9964e-16
1.276,9.8718e-17
1.2771,2.7716e-16
1.2783,6.7382e-17
1.2795,7.2649e-16
1.2806,3.9672e-16
1.2818,-1.9317e-17
1.283,2.5684e-17
1.2841,2.8426e-16
1.2853,2.9323e-16
1.2865,3.7016e-16
1.2876,-5.0236e-16
1.2888,-1.7043e-17
1.29,-4.508e-16
1.2912,2.6472e-16
1.2923,5.7651e-18
1.2935,1.8409e-16
1.2947,4.3293e-16
1.2958,6.0579e-16
1.297,-1.1188e-16
1.2982,-3.156e-16
1.2993,-4.2988e-16
1.3005,1.7527e-16
1.3017,2.0062e-16
1.3028,-6.4393e-16
1.304,-3.0939e-16
1.3052,6.6373e-16
1.3063,3.421e-18
1.3075,-3.4628e-16
1.3087,-9.2069e-17
1.3098,2.5749e-16
1.311,-4.0273e-16
1.3122,4.6461e-16
1.3133,4.9108e-16
1.3145,-1.3271e-16
1.3157,2.7327e-16
1.3168,4.3942e-16
1.318,-5.257e-17
1.3192,-2.9367e-17
1.3203,3.9599e-16
1.3215,5.3927e-16
1.3227,3.7434e-16
1.3238,5.6022e-16
1.325,-6.9076e-17
1.3262,-4.6489e-16
1.3273,3.032e-16
1.3285,-5.3089e-17
1.3297,-5.6041e-16
1.3308,-6.1242e-16
1.332,6.8303e-16
1.3332,8.1224e-17
1.3343,-8.5802e-17
1.3355,4.0132e-16
1.3367,-5.0406e-16
1.3378,4.8267e-16
1.339,-2.3837e-17
1.3402,-2.7036e-16
1.3413,1.9427e-16
1.3425,5.6104e-17
1.3437,-1.4085e-16
1.3449,3.369e-16
1.346,1.802e-16
1.3472,-2.948e-16
1.3484,-4.6806e-16
1.3495,-1.7123e-16
1.3507,-3.8196e-16
1.3519,-6.6349e-16
1.353,2.1696e-16
1.3542,-1.3164e-16
1.3554,8.1688e-17
1.3565,-1.7864e-16
1.3577,4.614e-16
1.3589,5.1258e-16
1.36,-3.8834e-16
1.3612,-6.4049e-16
1.3624,-1.5003e-17
1.3635,1.5465e-16
1.3647,3.7765e-16
1.3659,-4.0064e-16
1.367,6.0781e-16
1.3682,-4.3595e-16
1.3694,4.5067e-16
1.3705,-6.8169e-16
1.3717,-1.7807e-17
1.3729,3.529e-16
1.374,1.9902e-16
1.3752,7.3035e-16
1.3764,-7.2656e-16
1.3775,-5.9633e-16
1.3787,-7.1381e-16
1.3799,-4.8853e-16
1.381,1.8025e-16
1.3822,1.022e-16
1.3834,-3.743e-16
1.3845,2.198e-16
1.3857,-3.7138e-17
1.3869,5.944e-16
1.388,-3.586e-16
1.3892,-2.5739e-16
1.3904,5.8593e-16
1.3915,-4.2077e-17
1.3927,4.4892e-16
1.3939,7.2069e-16
1.3951,-1.9421e-16
1.3962,-7.0994e-16
1.3974,2.155e-16
1.3986,-1.2321e-16
1.3997,-6.9817e-16
1.4009,3.5756e-16
1.4021,-2.6465e-16
1.4032,-2.5527e-16
1.4044,-4.8771e-16
1.4056,-3.6581e-17
1.4067,1.2162e-16
1.4079,-7.0531e-16
1.4091,-4.2621e-16
1.4102,2.016e-16
1.4114,2.1757e-16
1.4126,7.2562e-16
1.4137,-2.8571e-16
1.4149,-5.8937e-16
1.4161,1.5811e-16
1.4172,-5.7879e-16
1.4184,2.7043e-16
1.4196,-6.7429e-16
1.4207,5.8392e-16
1.4219,1.0137e-16
1.4231,-5.8199e-16
1.4242,1.8697e-16
1.4254,-2.64e-16
1.4266,2.9107e-17
1.4277,4.4687e-16
1.4289,2.8961e-17
1.4301,9.0676e-17
1.4312,5.1282e-16
1.4324,2.9596e-16
1.4336,-5.4089e-16
1.4347,2.0022e-16
1.4359,4.7588e-16
1.4371,-1.6329e-16
1.4382,4.426e-16
1.4394,5.7507e-16
1.4406,-6.0278e-16
1.4417,-2.3548e-16
1.4429,-3.9784e-16
1.4441,6.4831e-16
1.4452,-4.0526e-16
1.4464,-5.1156e-16
1.4476,-3.0877e-16
1.4488,-3.167e-17
1.4499,3.5891e-16
1.4511,-9.1984e-17
1.4523,1.4287e-16
1.4534,1.9721e-16
1.4546,-4.4302e-16
1.4558,4.3901e-17
1.4569,2.7257e-16
1.4581,2.8539e-16
1.4593,4.2015e-16
1.4604,-4.4337e-16
1.4616,3.0265e-16
1.4628,-4.9593e-16
1.4639,4.3911e-16
1.4651,4.4957e-16
1.4663,2.6741e-17
1.4674,-6.9206e-16
1.4686,3.1097e-17
1.4698,2.1903e-16
1.4709,-2.8557e-16
1.4721,3.936e-17
1.4733,-1.6281e-16
1.4744,-5.2062e-16
1.4756,-6.2389e-16
1.4768,-2.405e-16
1.4779,1.7575e-16
1.4791,4.7553e-17
1.4803,4.3027e-16
1.4814,2.5428e-16
1.4826,2.8927e-16
1.4838,6.6795e-16
1.4849,-4.5987e-16
1.4861,-1.2914e-16
1.4873,4.1922e-17
1.4884,5.8518e-16
1.4896,2.3155e-16
1.4908,-2.0241e-16
1.4919,4.1012e-16
1.4931,-3.1765e-16
1.4943,-6.4162e-16
1.4954,6.5076e-16
1.4966,3.3896e-16
1.4978,-3.0914e-16
1.4989,-6.5268e-16
1.5001,5.4457e-16
1.5013,-3.0512e-16
1.5025,6.328e-16
1.5036,3.2801e-16
1.5048,4.666e-16
1.506,-7.2005e-16
1.5071,-7.2771e-16
1.5083,-5.2495e-16
1.5095,2.2099e-16
1.5106,4.4632e-16
1.5118,1.5147e-16
1.513,-2.0301e-16
1.5141,7.5248e-17
1.5153,-3.3885e-16
1.5165,-3.2806e-16
1.5176,-2.4844e-16
1.5188,8.8088e-17
1.52,-3.3002e-16
1.5211,2.1848e-16
1.5223,1.7653e-16
1.5235,-7.0044e-16
1.5246,-6.7644e-16
1.5258,3.2238e-16
1.527,1.5487e-16
1.5281,-6.2109e-16
1.5293,4.7549e-16
1.5305,7.1115e-16
1.5316,2.2313e-16
1.5328,7.0456e-16
1.534,-3.966e-16
1.5351,6.5629e-16
1.5363,-8.8528e-18
1.5375,6.3924e-16
1.5386,3.7073e-16
1.5398,-4.5806e-16
1.541,-1.1625e-16
1.5421,1.9693e-16
1.5433,2.1096e-17
1.5445,-1.8899e-16
1.5456,3.3955e-16
1.5468,4.9101e-16
1.548,1.8973e-16
1.5491,-1.3793e-16
1.5503,5.5387e-16
1.5515,-1.3533e-16
1.5527,-2.0632e-16
1.5538,-3.1788e-17
1.555,6.5553e-16
1.5562,4.4934e-16
1.5573,4.4883e-16
1.5585,2.6804e-16
1.5597,6.7335e-17
1.5608,8.8005e-17
1.562,-4.7869e-16
1.5632,3.4672e-16
1.5643,-4.6544e-16
1.5655,-2.4137e-16
1.5667,9.9124e-18
1.5678,3.6289e-16
1.569,1.689e-16
1.5702,1.4537e-16
1.5713,-1.9657e-16
1.5725,-6.9631e-16
1.5737,-7.1941e-16
1.5748,-5.2374e-16
1.576,2.7608e-16
1.5772,1.4067e-16
1.5783,5.3218e-16
1.5795,-2.7079e-16
1.5807,-5.5872e-17
1.5818,-2.2656e-16
1.583,7.2747e-16
1.5842,3.1821e-16
1.5853,7.3042e-16
1.5865,-2.9934e-16
1.5877,-7.5305e-17
1.5888,1.9857e-16
1.59,-3.582e-18
1.5912,7.1877e-16
1.5923,-4.4653e-16
1.5935,2.0691e-16
1.5947,1.1278e-16
1.5958,1.0666e-16
1.597,3.7348e-16
1.5982,6.1526e-16
1.5993,-8.3089e-17
1.6005,-2.8064e-16
1.6017,-4.1778e-17
1.6028,-5.9591e-16
1.604,-4.541e-16
1.6052,1.7839e-16
1.6064,-8.3922e-17
1.6075,-5.5165e-16
1.6087,-4.664e-17
1.6099,6.06e-16
1.611,1.4264e-17
1.6122,-3.9205e-16
1.6134,4.3828e-16
1.6145,6.5805e-16
1.6157,-5.0645e-16
1.6169,-6.086e-16
1.618,6.4257e-16
1.6192,2.6673e-16
1.6204,-1.1134e-16
1.6215,-4.163e-16
1.6227,-4.4287e-16
1.6239,-3.8041e-16
1.625,-6.8683e-16
1.6262,-2.6795e-16
1.6274,5.5048e-16
1.6285,-2.9796e-16
1.6297,6.5823e-16
1.6309,-5.9561e-16
1.632,3.6309e-16
1.6332,4.3621e-16
1.6344,2.3388e-16
1.6355,6.6634e-16
1.6367,-4.6068e-17
1.6379,-3.2845e-16
1.639,-4.8274e-16
1.6402,5.5158e-16
1.6414,6.9551e-16
1.6425,-3.1348e-16
1.6437,3.2193e-16
1.6449,-1.4592e-16
1.646,-2.6979e-16
1.6472,-1.9474e-16
1.6484,5.1992e-16
1.6495,-2.1652e-16
1.6507,8.7167e-17
1.6519,1.3338e-16
1.653,3.7928e-17
1.6542,-1.5747e-16
1.6554,-1.9644e-16
1.6565,5.2821e-16
1.6577,-5.8014e-16
1.6589,3.6208e-16
1.6601,2.3376e-17
1.6612,7.0726e-16
1.6624,6.4877e-16
1.6636,4.0224e-16
1.6647,-5.6204e-16
1.6659,4.9387e-16
1.6671,-1.2742e-16
1.6682,-3.7677e-16
1.6694,-3.2334e-16
1.6706,-4.2339e-16
1.6717,-2.137e-16
1.6729,6.7555e-16
1.6741,-1.947e-16
1.6752,7.6212e-17
1.6764,1.8774e-16
1.6776,-5.8701e-16
1.6787,-1.3378e-16
1.6799,-3.7981e-16
1.6811,-4.7981e-16
1.6822,-6.894e-16
1.6834,-6.3973e-16
1.6846,-7.186e-16
1.6857,1.5975e-16
1.6869,4.0193e-16
1.6881,-4.0336e-16
1.6892,-3.1653e-16
1.6904,-7.2085e-16
1.6916,-6.7789e-16
1.6927,1.4834e-16
1.6939,5.2984e-16
1.6951,-4.8955e-16
1.6962,7.0022e-16
1.6974,-5.1582e-17
1.6986,5.808e-16
1.6997,1.1055e-16
1.7009,9.3395e-17
1.7021,-6.3423e-16
1.7032,3.1239e-16
1.7044,-1.6491e-16
1.7056,2.6799e-16
1.7067,6.6148e-16
1.7079,6.9445e-16
1.7091,-2.7551e-16
1.7102,-6.8121e-16
1.7114,-3.9424e-16
1.7126,-1.4936e-16
1.7138,-3.3264e-16
1.7149,-6.2962e-16
1.7161,3.9183e-16
1.7173,-7.1372e-16
1.7184,3.7059e-16
1.7196,-6.8093e-16
1.7208,2.2648e-16
1.7219,-6.244e-16
1.7231,3.9999e-17
1.7243,6.435e-16
1.7254,2.641e-16
1.7266,-6.0062e-17
1.7278,-6.3835e-16
1.7289,-4.637e-16
1.7301,4.0904e-16
1.7313,-5.4305e-16
1.7324,-3.4644e-16
1.7336,6.6158e-16
1.7348,3.3304e-16
1.7359,-7.1798e-16
1.7371,2.4969e-16
1.7383,-7.4143e-16
1.7394,-7.8554e-17
1.7406,-3.057e-16
1.7418,-1.0675e-16
1.7429,1.7974e-16
1.7441,-3.5036e-17
1.7453,-4.5201e-16
1.7464,4.5309e-16
1.7476,4.1847e-16
1.7488,2.5701e-16
1.7499,2.9306e-16
1.7511,3.1224e-16
1.7523,-3.129e-16
1.7534,1.9402e-16
1.7546,7.1869e-17
1.7558,3.8549e-16
1.7569,-4.6736e-17
1.7581,-4.6922e-17
1.7593,-1.87e-16
1.7604,-2.2663e-17
1.7616,-4.0446e-16
1.7628,-2.9994e-16
1.764,3.0743e-17
1.7651,7.1905e-16
1.7663,5.8823e-17
1.7675,3.5932e-16
1.7686,-4.8538e-16
1.7698,-9.4665e-17
1.771,-4.0306e-17
1.7721,1.5692e-16
1.7733,5.2154e-16
1.7745,1.7522e-16
1.7756,3.1809e-16
1.7768,4.689e-16
1.778,6.9824e-16
1.7791,2.5528e-16
1.7803,2.3592e-16
1.7815,-2.3811e-16
1.7826,3.6325e-16
1.7838,3.7456e-16
1.785,-6.1808e-16
1.7861,2.3554e-16
1.7873,3.1626e-16
1.7885,-9.5058e-17
1.7896,-4.6457e-16
1.7908,5.9499e-16
1.792,-6.5595e-16
1.7931,-2.9783e-16
1.7943,3.2931e-16
1.7955,7.599e-17
1.7966,-6.1414e-16
1.7978,4.04e-16
1.799,-6.269e-16
1.8001,-1.2237e-16
1.8013,-4.7416e-16
1.8025,-4.3082e-16
1.8036,2.0467e-16
1.8048,-5.8461e-16
1.806,5.8263e-17
1.8071,2.1003e-16
1.8083,-6.9555e-16
1.8095,3.273e-16
1.8106,2.364e-17
1.8118,1.0792e-16
1.813,-4.7595e-17
1.8141,1.1415e-16
1.8153,-6.4214e-16
1.8165,1.0026e-16
1.8177,4.2339e-17
1.8188,-1.9765e-16
1.82,-3.4482e-16
1.8212,5.3718e-16
1.8223,8.5287e-17
1.8235,-4.9545e-16
1.8247,1.7773e-16
1.8258,-1.2976e-16
1.827,-2.6811e-16
1.8282,6.0688e-16
1.8293,7.9054e-17
1.8305,-3.9851e-16
1.8317,-4.6581e-16
1.8328,-7.2901e-17
1.834,-6.8461e-16
1.8352,4.1282e-16
1.8363,6.853e-16
1.8375,-6.5701e-16
1.8387,-5.0646e-16
1.8398,1.2538e-16
1.841,4.7878e-16
1.8422,6.109e-16
1.8433,-7.0229e-17
1.8445,-5.5192e-16
1.8457,-1.8795e-16
1.8468,-1.8853e-16
1.848,9.2319e-19
1.8492,-4.1845e-16
1.8503,-4.614e-16
1.8515,6.7093e-16
1.8527,2.431e-16
1.8538,5.039e-16
1.855,3.1233e-16
1.8562,2.9162e-16
1.8573,5.9901e-16
1.8585,3.8881e-17
1.8597,3.1214e-16
1.8608,-1.2123e-16
1.862,2.5826e-16
1.8632,-5.4367e-16
1.8643,4.8071e-16
1.8655,-2.8039e-16
1.8667,-4.7016e-17
1.8678,-3.5129e-17
1.869,-2.8135e-16
1.8702,5.8329e-16
1.8714,4.5097e-16
1.8725,4.3026e-16
1.8737,4.7743e-16
1.8749,5.8213e-16
1.876,1.1405e-16
1.8772,-2.1347e-16
1.8784,-6.1014e-17
1.8795,-5.8509e-16
1.8807,6.694e-16
1.8819,3.4263e-16
1.883,-6.3284e-16
1.8842,-2.1231e-16
1.8854,1.2921e-16
1.8865,1.4263e-16
1.8877,7.1102e-17
1.8889,-2.8499e-16
1.89,-6.7732e-16
1.8912,3.133e-16
1.8924,-5.525e-16
1.8935,3.0266e-17
1.8947,5.0601e-16
1.8959,4.2526e-17
1.897,4.1573e-17
1.8982,3.9249e-16
1.8994,-5.7014e-16
1.9005,-3.6082e-17
1.9017,-1.6265e-16
1.9029,-6.0944e-16
1.904,-8.8432e-17
1.9052,5.0448e-16
1.9064,2.9392e-16
1.9075,-5.1932e-16
1.9087,4.8588e-16
1.9099,-1.617e-16
1.911,-3.1088e-16
1.9122,5.4494e-16
1.9134,4.7703e-17
1.9145,-5.5038e-16
1.9157,7.1292e-16
1.9169,6.5155e-16
1.918,1.1041e-16
1.9192,4.3084e-16
1.9204,6.7648e-16
1.9216,-2.1616e-16
1.9227,2.899e-16
1.9239,4.619e-16
1.9251,-1.9487e-16
1.9262,1.8156e-16
1.9274,5.5989e-16
1.9286,-5.8261e-16
1.9297,-4.7252e-16
1.9309,-4.5699e-16
1.9321,5.9058e-16
1.9332,4.8414e-16
1.9344,2.0322e-16
1.9356,2.6133e-16
1.9367,-1.7358e-16
1.9379,-3.684e-16
1.9391,-2.9477e-16
1.9402,-5.8298e-16
1.9414,-1.8278e-16
1.9426,-6.9836e-17
1.9437,-5.5192e-16
1.9449,2.0131e-16
1.9461,4.3237e-16
1.9472,3.9709e-16
1.9484,2.5921e-16
1.9496,1.1981e-16
1.9507,1.0428e-16
1.9519,-7.1108e-16
1.9531,-1.5631e-16
1.9542,1.8674e-16
1.9554,6.7458e-17
1.9566,5.1927e-17
1.9577,7.2423e-16
1.9589,5.712e-16
1.9601,5.2981e-19
1.9612,-3.5652e-16
1.9624,5.8694e-16
1.9636,-2.4569e-16
1.9647,9.6035e-17
1.9659,-5.732e-16
1.9671,6.6057e-16
1.9682,-1.2181e-16
1.9694,2.1991e-16
1.9706,4.899e-16
1.9717,1.5087e-16
1.9729,-6.5873e-16
1.9741,-1.8431e-16
1.9753,2.9687e-17
1.9764,-3.8451e-16
1.9776,1.6085e-16
1.9788,-7.339e-16
1.9799,-4.777e-16
1.9811,-1.1729e-17
1.9823,-7.7378e-16
1.9834,-2.2266e-16
1.9846,1.0511e-17
1.9858,1.7427e-16
1.9869,4.7955e-16
1.9881,-3.5039e-16
1.9893,2.552e-16
1.9904,-6.1884e-16
1.9916,-7.0474e-16
1.9928,-4.497e-16
1.9939,-3.1394e-16
1.9951,-5.3063e-16
1.9963,-1.916e-16
1.9974,-1.3983e-16
1.9986,4.9566e-16
1.9998,3.4109e-16
2.0009,5.4743e-16
2.0021,7.2154e-16
2.0033,1.4511e-16
2.0044,-1.3676e-16
2.0056,-5.0992e-16
2.0068,1.1215e-16
2.0079,-7.059e-16
2.0091,4.2732e-17
2.0103,5.4436e-16
2.0114,4.4579e-16
2.0126,-4.3744e-16
2.0138,-2.4759e-16
2.0149,-3.5958e-16
2.0161,5.3094e-16
2.0173,-7.464e-17
2.0184,5.9e-16
2.0196,-4.6643e-17
2.0208,-5.3792e-16
2.0219,-4.2899e-16
2.0231,-5.7933e-16
2.0243,-6.7674e-16
2.0254,6.5022e-16
2.0266,3.618e-16
2.0278,5.8578e-16
2.029,2.291e-16
2.0301,4.4273e-16
2.0313,5.9613e-16
2.0325,3.618e-16
2.0336,2.9239e-16
2.0348,-4.198e-16
2.036,2.272e-16
2.0371,1.7733e-16
2.0383,-4.965e-16
2.0395,6.7093e-16
2.0406,-1.5863e-16
2.0418,-6.4262e-16
2.043,2.5089e-17
2.0441,-4.2286e-16
2.0453,-4.1864e-16
2.0465,2.8154e-17
2.0476,3.2218e-18
2.0488,3.8367e-16
2.05,7.2883e-16
2.0511,-7.5577e-16
2.0523,-2.9936e-16
2.0535,-1.9889e-16
2.0546,-6.8097e-16
2.0558,1.7543e-16
2.057,6.9777e-16
2.0581,5.712e-16
2.0593,8.6054e-17
2.0605,6.8741e-16
2.0616,4.385e-16
2.0628,-6.7351e-17
2.064,-1.2947e-16
2.0651,4.5731e-16
2.0663,-1.0026e-18
2.0675,2.6861e-16
2.0686,-2.2076e-16
2.0698,-5.4827e-16
2.071,6.0458e-16
2.0721,-8.4994e-17
2.0733,5.0601e-16
2.0745,-2.1769e-16
2.0756,-6.8097e-16
2.0768,-7.7109e-16
2.078,-6.1967e-17
2.0792,-9.1124e-17
2.0803,-3.0052e-16
2.0815,-2.6524e-16
2.0827,-3.4923e-16
2.0838,6.2529e-16
2.085,2.6746e-16
2.0862,-5.1415e-16
2.0873,6.0458e-16
2.0885,3.898e-16
2.0897,3.2038e-16
2.0908,1.2134e-16
2.092,5.5472e-16
2.0932,-4.0638e-16
2.0943,-5.1299e-16
2.0955,-1.2525e-16
2.0967,1.2556e-16
2.0978,1.2863e-16
2.099,6.8741e-16
2.1002,-5.4637e-16
2.1013,-1.2525e-16
2.1025,-3.2852e-16
2.1037,-2.3724e-16
2.1048,-5.4827e-16
2.106,-3.9064e-16
2.1072,6.1493e-16
2.1083,4.5615e-16
2.1095,4.7379e-16
2.1107,1.804e-16
2.1118,-7.0416e-17
2.113,-7.7531e-16
2.1142,-2.5066e-16
2.1153,2.0956e-16
2.1165,-3.918e-16
2.1177,3.5443e-17
2.1188,-5.4521e-16
2.12,-9.7253e-17
2.1212,-6.8097e-16
2.1223,5.3086e-17
2.1235,-3.5652e-16
2.1247,2.8319e-16
2.1258,2.6995e-17
2.127,6.2835e-16
2.1282,-6.7177e-16
2.1293,-4.1259e-17
2.1305,-4.1251e-16
2.1317,-4.5393e-16
2.1329,1.8885e-16
2.134,-1.2641e-16
2.1352,-6.6026e-16
2.1364,-6.2804e-16
2.1375,2.2413e-16
2.1387,5.1943e-16
2.1399,1.037e-16
2.141,-5.245e-16
2.1422,-7.2238e-16
2.1434,-2.3616e-17
2.1445,-4.1251e-16
2.1457,-4.1864e-16
2.1469,-4.1864e-16
2.148,-2.8594e-16
2.1492,3.9825e-16
2.1504,-4.2709e-16
2.1515,1.3285e-16
2.1527,1.9498e-16
2.1539,-7.339e-16
2.155,-6.4875e-16
2.1562,-9.7253e-17
2.1574,7.0506e-16
2.1585,-1.4099e-16
2.1597,-1.8853e-16
2.1609,6.0765e-16
2.162,-8.0447e-16
2.1632,8.6691e-16
2.1644,4.1051e-16
2.1655,-6.1578e-16
2.1667,-2.0551e-17
2.1679,5.7236e-16
2.169,-8.4994e-17
2.1702,-5.4521e-16
2.1714,-4.7463e-16
2.1725,5.1024e-16
2.1737,-1.4099e-16
2.1749,-7.7531e-16
2.176,6.5751e-16
2.1772,-3.0897e-16
2.1784,-5.8662e-16
2.1795,-4.1864e-16
2.1807,1.3285e-16
2.1819,8.2989e-17
2.183,-1.4712e-16
2.1842,-1.1183e-16
2.1854,4.1895e-16
2.1866,-1.617e-16
2.1877,7.6859e-17
2.1889,2.5097e-16
2.1901,4.2508e-16
2.1912,-4.8308e-16
2.1924,-3.9793e-16
2.1936,3.2154e-16
2.1947,5.5778e-16
2.1959,-1.4099e-16
2.1971,-1.1183e-16
2.1982,-1.6783e-16
2.1994,6.0765e-16
2.2006,-1.9698e-16
2.2017,-3.0052e-16
2.2029,-1.8853e-16
2.2041,-8.3131e-16
2.2052,7.3421e-16
2.2064,-6.4286e-17
2.2076,-4.3322e-16
2.2087,3.7754e-16
2.2099,-5.5979e-16
2.2111,3.5443e-17
2.2122,4.3966e-16
2.2134,7.8789e-16
2.2146,-1.5557e-16
2.2157,4.9566e-16
2.2169,7.1118e-16
2.2181,3.5451e-16
2.2192,2.3639e-16
2.2204,-1.824e-16
2.2216,-3.5129e-17
2.2227,6.2835e-16
2.2239,-3.2968e-16
2.2251,5.3094e-16
2.2262,-4.0638e-16
2.2274,1.5699e-19
2.2286,3.0697e-16
2.2297,3.4838e-16
2.2309,3.6909e-16
2.2321,-2.9e-17
2.2332,3.6296e-16
2.2344,7.1118e-16
2.2356,2.9852e-16
2.2367,-7.1319e-16
2.2379,3.5683e-16
2.2391,-4.8308e-16
2.2403,-4.7463e-16
2.2414,3.7754e-16
2.2426,3.131e-16
2.2438,8.2989e-17
2.2449,-7.339e-16
2.2461,2.8013e-16
2.2473,-1.057e-16
2.2484,4.9566e-16
2.2496,-2.1769e-16
2.2508,-4.3322e-16
2.2519,-2.0924e-16
2.2531,4.1895e-16
2.2543,-8.8117e-16
2.2554,6.5751e-16
2.2566,-4.4167e-16
2.2578,5.8694e-16
2.2589,-4.3578e-17
2.2601,-1.4712e-16
2.2613,3.6296e-16
2.2624,6.3448e-16
2.2636,-4.4167e-16
2.2648,1.1215e-16
2.2659,8.2989e-17
2.2671,-2.0311e-16
2.2683,-9.1124e-17
2.2694,1.7427e-16
2.2706,8.2989e-17
2.2718,8.2989e-17
2.2729,3.2767e-16
2.2741,1.037e-16
2.2753,-7.339e-16
2.2764,-3.2736e-16
2.2776,-5.8662e-16
2.2788,5.6151e-17
2.2799,-3.3581e-16
2.2811,-5.3063e-16
2.2823,1.6814e-16
2.2834,6.2866e-18
2.2846,-6.779e-16
2.2858,5.6623e-16
2.2869,-2.5298e-16
2.2881,-3.7722e-16
2.2893,-4.5393e-16
2.2905,6.4293e-16
2.2916,-2.9e-17
2.2928,-7.1319e-16
2.294,5.2481e-16
2.2951,-1.4099e-16
2.2963,4.6037e-16
2.2975,-4.478e-16
2.2986,2.6555e-16
2.2998,7.2576e-16
2.301,5.432e-16
2.3021,2.3639e-16
2.3033,-4.478e-16
2.3045,6.4293e-16
2.3056,-1.4099e-16
2.3068,-7.5461e-16
2.308,-8.2675e-17
2.3091,-3.3581e-16
2.3103,-3.7722e-16
2.3115,4.9566e-16
2.3126,4.665e-16
2.3138,-5.9507e-16
2.315,-4.1864e-16
2.3161,-6.0733e-16
2.3173,-6.0733e-16
2.3185,-7.6545e-17
2.3196,4.9566e-16
2.3208,5.0179e-16
2.322,5.7849e-16
2.3231,1.244e-16
2.3243,-1.824e-16
2.3255,1.5699e-19
2.3266,5.7236e-16
2.3278,-2.5298e-16
2.329,-2.6524e-16
2.3301,4.1895e-16
2.3313,3.4838e-16
2.3325,3.4838e-16
2.3336,-2.9e-17
2.3348,-3.7722e-16
2.336,3.7754e-16
2.3371,-4.0638e-16
2.3383,2.6555e-16
2.3395,2.3639e-16
2.3406,-2.9439e-16
2.3418,5.7236e-16
2.343,-5.5979e-16
2.3442,6.4293e-16
2.3453,-7.8376e-16
2.3465,4.8953e-16
2.3477,1.2416e-17
2.3488,6.1377e-16
2.35,-9.3717e-16
2.3512,-8.2675e-17
2.3523,-7.5461e-16
2.3535,7.073e-17
2.3547,5.0179e-16
2.3558,1.244e-16
2.357,8.2989e-17
2.3582,4.1573e-17
2.3593,8.2989e-17
2.3605,4.1573e-17
2.3617,-4.478e-16
2.3628,-2.6524e-16
2.364,1.5699e-19
2.3652,-4.8921e-16
2.3663,-6.8403e-16
2.3675,3.7754e-16
2.3687,-2.9439e-16
2.3698,4.1895e-16
2.371,1.244e-16
2.3722,-1.4099e-16
2.3733,-1.824e-16
2.3745,-1.0614e-15
2.3757,1.8272e-16
2.3768,-6.012e-16
2.378,-7.9602e-16
2.3792,-4.6006e-16
2.3803,-5.3063e-16
2.3815,1.5356e-16
2.3827,-2.9439e-16
2.3838,3.0697e-16
2.385,8.2989e-17
2.3862,-4.478e-16
2.3873,-5.3063e-16
2.3885,-4.1259e-17
2.3897,1.9498e-16
2.3908,3.4838e-16
2.392,7.2576e-16
2.3932,2.7781e-16
2.3943,4.6037e-16
2.3955,-6.7177e-16
2.3967,-4.1259e-17
2.3979,1.9498e-16
2.399,-4.478e-16
2.4002,2.6555e-16
2.4014,-7.1319e-16
2.4025,7.5492e-16
2.4037,-9.9572e-17
2.4049,1.5356e-16
2.406,-7.1319e-16
2.4072,-7.2545e-16
2.4084,1.1215e-16
2.4095,-6.012e-16
2.4107,6.4293e-16
2.4119,2.7781e-16
2.413,1.9498e-16
2.4142,5.432e-16
2.4154,-9.9572e-17
2.4165,-3.3581e-16
2.4177,-3.7722e-16
2.4189,4.1573e-17
2.42,8.2989e-17
2.4212,9.9116e-16
2.4224,-3.2355e-16
2.4235,-1.5325e-16
2.4247,3.0697e-16
2.4259,4.6037e-16
2.427,-2.9439e-16
2.4282,3.0697e-16
2.4294,1.244e-16
2.4305,-8.2518e-16
2.4317,-4.1259e-17
2.4329,-4.478e-16
2.434,1.1215e-16
2.4352,-3.3581e-16
2.4364,-9.0801e-16
2.4375,1.5699e-19
2.4387,-1.0906e-15
2.4399,3.3612e-16
2.441,1.0326e-15
2.4422,-4.7695e-16
2.4434,-6.8403e-16
2.4445,3.7754e-16
2.4457,-2.9439e-16
2.4469,-6.4262e-16
2.4481,-6.8403e-16
2.4492,1.5356e-16
2.4504,-2.9439e-16
2.4516,6.8435e-16
2.4527,5.432e-16
2.4539,9.2058e-16
2.4551,-3.2355e-16
2.4562,-7.5461e-16
2.4574,-8.3744e-16
2.4586,3.7754e-16
2.4597,6.5519e-16
2.4609,-8.9575e-16
2.4621,2.2413e-16
2.4632,-2.2382e-16
2.4644,-3.7722e-16
2.4656,-3.3581e-16
2.4667,8.2989e-17
2.4679,-7.5461e-16
2.4691,4.8953e-16
2.4702,-7.8376e-16
2.4714,-4.1864e-16
2.4726,-1.1183e-16
2.4737,6.5519e-16
2.4749,-7.8376e-16
2.4761,1.1215e-16
2.4772,5.0179e-16
2.4784,2.7781e-16
2.4796,-2.9e-17
2.4807,3.4838e-16
2.4819,-2.5298e-16
2.4831,-2.6524e-16
2.4842,4.1895e-16
2.4854,-7.8376e-16
2.4866,4.1895e-16
2.4877,-5.5979e-16
2.4889,-2.6524e-16
2.4901,4.8953e-16
2.4912,1.244e-16
2.4924,4.1895e-16
2.4936,-2.9e-17
2.4947,1.9498e-16
2.4959,-5.5979e-16
2.4971,3.3612e-16
2.4982,2.7781e-16
2.4994,-1.824e-16
2.5006,1.9498e-16
2.5018,6.5519e-16
2.5029,2.7781e-16
2.5041,-5.5979e-16
2.5053,-4.1864e-16
2.5064,6.4293e-16
2.5076,-1.3145e-15
2.5088,-5.843e-16
2.5099,1.1215e-16
2.5111,-1.0906e-15
2.5123,-1.9466e-16
2.5134,1.9498e-16
2.5146,1.9498e-16
2.5158,2.7781e-16
2.5169,-7.8376e-16
2.5181,-5.0147e-16
2.5193,1.1215e-16
2.5204,-3.3581e-16
2.5216,5.0179e-16
2.5228,7.2576e-16
2.5239,-7.8376e-16
2.5251,-5.0147e-16
2.5263,-7.2545e-16
2.5274,-9.4943e-16
2.5286,2.9314e-17
2.5298,7.2576e-16
2.5309,3.6064e-16
2.5321,2.7781e-16
2.5333,-5.5979e-16
2.5344,-6.4262e-16
2.5356,-6.4262e-16
2.5368,3.3612e-16
2.5379,-2.9e-17
2.5391,-2.9e-17
2.5403,-2.5298e-16
2.5414,4.1895e-16
2.5426,-5.5979e-16
2.5438,-6.4262e-16
2.5449,4.1895e-16
2.5461,5.0179e-16
2.5473,-5.5979e-16
2.5484,-1.1183e-16
2.5496,-5.5979e-16
2.5508,-1.9466e-16
2.5519,-2.9e-17
2.5531,-1.1183e-16
2.5543,-2.9e-17
2.5555,-2.9e-17
2.5566,-2.5298e-16
2.5578,-6.4262e-16
2.559,7.2576e-16
2.5601,2.7781e-16
2.5613,-2.5298e-16
2.5625,1.1215e-16
2.5636,-2.5298e-16
2.5648,1.9498e-16
2.566,-8.6659e-16
2.5671,-9.4943e-16
2.5683,3.3612e-16
2.5695,-2.9e-17
2.5706,1.9498e-16
2.5718,-8.6659e-16
2.573,-1.1183e-16
2.5741,-3.3581e-16
2.5753,-1.1183e-16
2.5765,-8.6659e-16
2.5776,1.1215e-16
2.5788,7.2576e-16
2.58,-2.5298e-16
2.5811,1.9498e-16
2.5823,-3.3581e-16
2.5835,7.2576e-16
2.5846,8.086e-16
2.5858,2.7781e-16
2.587,-5.5979e-16
2.5881,4.1895e-16
2.5893,5.3832e-17
2.5905,1.9498e-16
2.5916,-2.5298e-16
2.5928,-3.3581e-16
2.594,1.9498e-16
2.5951,-2.5298e-16
2.5963,4.1895e-16
2.5975,-1.0906e-15
2.5986,6.4293e-16
2.5998,-2.5298e-16
2.601,8.086e-16
2.6021,-7.0093e-16
2.6033,-9.4943e-16
2.6045,1.1215e-16
2.6057,5.0179e-16
2.6068,1.0326e-15
2.608,1.3666e-16
2.6092,-5.5979e-16
2.6103,9.4974e-16
2.6115,5.3832e-17
2.6127,-6.4262e-16
2.6138,1.1215e-16
2.615,-3.3581e-16
2.6162,-1.1183e-16
2.6173,-2.9e-17
2.6185,5.0179e-16
2.6197,-2.9e-17
2.6208,-6.4262e-16
2.622,4.1895e-16
2.6232,-1.0077e-15
2.6243,-1.9466e-16
2.6255,-2.9e-17
2.6267,4.1895e-16
2.6278,-1.7014e-16
2.629,-5.5979e-16
2.6302,-6.4262e-16
2.6313,-1.1183e-16
2.6325,-2.9e-17
2.6337,-5.5979e-16
2.6348,-9.4943e-16
2.636,2.9314e-17
2.6372,1.9498e-16
2.6383,-1.1734e-15
2.6395,-1.9466e-16
2.6407,1.9498e-16
2.6418,-2.9e-17
2.643,-5.5979e-16
2.6442,-3.3581e-16
2.6453,-4.1864e-16
2.6465,-3.3581e-16
2.6477,5.0179e-16
2.6488,7.2576e-16
2.65,-7.8376e-16
2.6512,8.6691e-16
2.6523,-1.0077e-15
2.6535,7.135e-16
2.6547,-6.3036e-16
2.6558,-2.6524e-16
2.657,4.1895e-16
2.6582,1.186e-15
2.6594,-1.6741e-17
2.6605,2.7781e-16
2.6617,-7.8376e-16
2.6629,-6.4262e-16
2.664,-4.1864e-16
2.6652,1.9498e-16
2.6664,-5.5979e-16
2.6675,2.6555e-16
2.6687,7.2576e-16
2.6699,-5.4753e-16
2.671,-1.1183e-16
2.6722,4.1573e-17
2.6734,-2.9e-17
2.6745,5.7236e-16
2.6757,-6.3036e-16
2.6769,4.8953e-16
2.678,-4.0638e-16
2.6792,-2.6524e-16
2.6804,-7.1319e-16
2.6815,7.135e-16
2.6827,5.432e-16
2.6839,-5.5979e-16
2.685,-5.3063e-16
2.6862,1.1215e-16
2.6874,-7.0416e-17
2.6885,7.6718e-16
2.6897,2.7781e-16
2.6909,-1.824e-16
2.692,-1.1734e-15
2.6932,-8.2675e-17
2.6944,4.6037e-16
2.6955,9.2058e-16
2.6967,-1.0077e-15
2.6979,-4.6006e-16
2.699,-4.1864e-16
2.7002,6.8435e-16
2.7014,-3.6497e-16
2.7025,1.5699e-19
2.7037,-2.2382e-16
2.7049,-6.8403e-16
2.706,-1.1028e-15
2.7072,-8.7885e-16
2.7084,-1.5325e-16
2.7095,7.2576e-16
2.7107,-9.9572e-17
2.7119,-7.5461e-16
2.7131,3.7754e-16
2.7142,-2.9e-17
2.7154,-7.0416e-17
2.7166,-9.7858e-16
2.7177,3.3612e-16
2.7189,-7.8376e-16
2.7201,6.4293e-16
2.7212,-5.1837e-16
2.7224,-5.3063e-16
2.7236,-5.3063e-16
2.7247,1.1215e-16
2.7259,-7.0416e-17
2.7271,1.9498e-16
2.7282,-9.7858e-16
2.7294,-6.1346e-16
2.7306,-1.0614e-15
2.7317,-8.2675e-17
2.7329,1.9498e-16
2.7341,-2.9439e-16
2.7352,-1.0614e-15
2.7364,7.135e-16
2.7376,1.244e-16
2.7387,-7.1319e-16
2.7399,1.5699e-19
2.7411,-7.0416e-17
2.7422,-3.3581e-16
2.7434,-7.9602e-16
2.7446,-4.6006e-16
2.7457,-6.8403e-16
2.7469,1.5356e-16
2.7481,-7.0416e-17
2.7492,-9.0801e-16
2.7504,-1.5325e-16
2.7516,-9.0801e-16
2.7527,3.3612e-16
2.7539,-5.5979e-16
2.7551,4.1895e-16
2.7562,2.3639e-16
2.7574,-5.5979e-16
2.7586,3.7754e-16
2.7597,1.244e-16
2.7609,3.4838e-16
2.7621,2.3639e-16
2.7633,-9.7858e-16
2.7644,-4.1259e-17
2.7656,7.2576e-16
2.7668,-1.4099e-16
2.7679,3.0697e-16
2.7691,3.898e-16
2.7703,3.898e-16
2.7714,1.2416e-17
2.7726,-6.012e-16
2.7738,1.1215e-16
2.7749,-7.1319e-16
2.7761,7.5492e-16
2.7773,-2.5298e-16
2.7784,-4.8921e-16
2.7796,5.7236e-16
2.7808,5.3832e-17
2.7819,4.6037e-16
2.7831,-2.9e-17
2.7843,-7.0416e-17
2.7854,-7.0416e-17
2.7866,-6.012e-16
2.7878,4.1895e-16
2.7889,-9.3717e-16
2.7901,7.073e-17
2.7913,4.1895e-16
2.7924,1.244e-16
2.7936,4.1573e-17
2.7948,4.1573e-17
2.7959,3.0697e-16
2.7971,-2.9e-17
2.7983,-7.1319e-16
2.7994,-7.2545e-16
2.8006,-4.1259e-17
2.8018,-2.2382e-16
2.8029,-4.8921e-16
2.8041,6.4293e-16
2.8053,-5.1837e-16
2.8064,1.1215e-16
2.8076,3.4838e-16
2.8088,-4.478e-16
2.8099,-5.3063e-16
2.8111,-4.1259e-17
2.8123,-5.6592e-16
2.8134,6.4293e-16
2.8146,4.665e-16
2.8158,-7.4848e-16
2.817,5.6623e-16
2.8181,-6.4286e-17
2.8193,5.7236e-16
2.8205,2.7781e-16
2.8216,-2.9439e-16
2.8228,-9.8471e-16
2.824,-3.4807e-16
2.8251,-4.5393e-16
2.8263,-5.3063e-16
2.8275,-1.5325e-16
2.8286,-9.433e-16
2.8298,3.5443e-17
2.831,8.2989e-17
2.8321,5.3707e-16
2.8333,-2.1769e-16
2.8345,-1.8853e-16
2.8356,4.1573e-17
2.8368,3.4838e-16
2.838,3.131e-16
2.8391,-1.057e-16
2.8403,-4.1251e-16
2.8415,-4.5393e-16
2.8426,3.4225e-16
2.8438,-5.245e-16
2.845,-4.1864e-16
2.8461,-4.1259e-17
2.8473,2.7168e-16
2.8485,3.4838e-16
2.8496,8.2989e-17
2.8508,-7.0416e-17
2.852,7.2576e-16
2.8531,3.5451e-16
2.8543,2.0111e-16
2.8555,-1.4712e-16
2.8566,8.3775e-16
2.8578,6.9661e-16
2.859,-6.3036e-16
2.8601,3.0084e-16
2.8613,6.1377e-16
2.8625,-4.4167e-16
2.8636,2.2413e-16
2.8648,-1.824e-16
2.866,2.3026e-16
2.8671,6.4906e-16
2.8683,3.131e-16
2.8695,2.3639e-16
2.8707,-7.0416e-17
2.8718,-7.0416e-17
2.873,-7.5461e-16
2.8742,-4.9534e-16
2.8753,6.4293e-16
2.8765,-5.1837e-16
2.8777,7.5492e-16
2.8788,-4.4167e-16
2.88,-6.0733e-16
2.8812,1.8885e-16
2.8823,1.1828e-16
2.8835,6.2866e-18
2.8847,-6.779e-16
2.8858,3.5443e-17
2.887,4.7703e-17
2.8882,3.8367e-16
2.8893,-2.1769e-16
2.8905,-9.8471e-16
2.8917,-7.6074e-16
2.8928,-4.9534e-16
2.894,-6.0733e-16
2.8952,-1.9466e-16
2.8963,-7.9602e-16
2.8975,-6.4875e-16
2.8987,-5.7204e-16
2.8998,-1.5325e-16
2.901,-7.0416e-17
2.9022,-1.824e-16
2.9033,-2.2382e-16
2.9045,-4.8921e-16
2.9057,-5.7204e-16
2.9068,2.2413e-16
2.908,-9.7858e-16
2.9092,-4.1259e-17
2.9103,-8.6659e-16
2.9115,-9.9084e-16
2.9127,5.601e-16
2.9138,-1.4099e-16
2.915,4.1573e-17
2.9162,8.7917e-16
2.9173,1.0563
2.9185,1.1216
2.9197,0.47424
2.9208,0.67597
2.922,1.3132
2.9232,1.6031
2.9244,1.9256
2.9255,2.35
2.9267,2.3812
2.9279,2.2619
2.929,2.4516
2.9302,2.6906
2.9314,2.7682
2.9325,2.9598
2.9337,3.2725
2.9349,3.3706
2.936,3.2785
2.9372,3.2616
2.9384,3.3361
2.9395,3.4499
2.9407,3.6805
2.9419,3.9928
2.943,4.2269
2.9442,4.3294
2.9454,4.3222
2.9465,4.2328
2.9477,4.1726
2.9489,4.2647
2.95,4.4736
2.9512,4.6697
2.9524,4.7955
2.9535,4.8625
2.9547,4.8927
2.9559,4.9315
2.957,5.023
2.9582,5.149
2.9594,5.2637
2.9605,5.3576
2.9617,5.4428
2.9629,5.5249
2.964,5.6104
2.9652,5.6906
2.9664,5.7377
2.9675,5.7515
2.9687,5.78
2.9699,5.872
2.971,6.0209
2.9722,6.1666
2.9734,6.2517
2.9746,6.2712
2.9757,6.2649
2.9769,6.2743
2.9781,6.3216
2.9792,6.4121
2.9804,6.5259
2.9816,6.6164
2.9827,6.6474
2.9839,6.6389
2.9851,6.6518
2.9862,6.7243
2.9874,6.8363
2.9886,6.9382
2.9897,6.9998
2.9909,7.0255
2.9921,7.0366
2.9932,7.0497
2.9944,7.0735
2.9956,7.1123
2.9967,7.1659
2.9979,7.226
2.9991,7.2791
3.0002,7.3208
3.0014,7.3606
3.0026,7.4083
3.0037,7.4594
3.0049,7.5025
3.0061,7.5332
3.0072,7.5546
3.0084,7.5696
3.0096,7.5815
3.0107,7.598
3.0119,7.6277
3.0131,7.6711
3.0142,7.721
3.0154,7.7688
3.0166,7.8098
3.0177,7.8435
3.0189,7.87
3.0201,7.8883
3.0212,7.8988
3.0224,7.9072
3.0236,7.9219
3.0247,7.9448
3.0259,7.9677
3.0271,7.9829
3.0283,7.9934
3.0294,8.0087
3.0306,8.0365
3.0318,8.0764
3.0329,8.1203
3.0341,8.155
3.0353,8.1696
3.0364,8.1633
3.0376,8.1504
3.0388,8.1527
3.0399,8.1819
3.0411,8.2275
3.0423,8.2659
3.0434,8.2814
3.0446,8.2765
3.0458,8.2651
3.0469,8.261
3.0481,8.2706
3.0493,8.2898
3.0504,8.3061
3.0516,8.3083
3.0528,8.296
3.0539,8.2804
3.0551,8.2761
3.0563,8.2891
3.0574,8.3133
3.0586,8.3377
3.0598,8.3568
3.0609,8.3715
3.0621,8.383
3.0633,8.3889
3.0644,8.3867
3.0656,8.3767
3.0668,8.3624
3.0679,8.3482
3.0691,8.339
3.0703,8.3373
3.0714,8.3407
3.0726,8.343
3.0738,8.3391
3.0749,8.329
3.0761,8.3184
3.0773,8.3128
3.0784,8.3122
3.0796,8.3115
3.0808,8.3047
3.082,8.2896
3.0831,8.2688
3.0843,8.2478
3.0855,8.2323
3.0866,8.2252
3.0878,8.2242
3.089,8.2222
3.0901,8.212
3.0913,8.1917
3.0925,8.1666
3.0936,8.1442
3.0948,8.1291
3.096,8.1186
3.0971,8.1055
3.0983,8.0841
3.0995,8.0533
3.1006,8.0175
3.1018,7.9832
3.103,7.9544
3.1041,7.9321
3.1053,7.9125
3.1065,7.8899
3.1076,7.863
3.1088,7.8337
3.11,7.8027
3.1111,7.7671
3.1123,7.7236
3.1135,7.6716
3.1146,7.6187
3.1158,7.5664
3.117,7.5165
3.1181,7.4752
3.1193,7.4394
3.1205,7.3954
3.1216,7.3333
3.1228,7.2448
3.124,7.1278
3.1251,7.0261
3.1263,6.94
3.1275,6.8824
3.1286,6.8415
3.1298,6.7831
3.131,6.7109
3.1322,6.6196
3.1333,6.5388
3.1345,6.4952
3.1357,6.472
3.1368,6.4443
3.138,6.4078
3.1392,6.3596
3.1403,6.2986
3.1415,6.2381
3.1427,6.1857
3.1438,6.1401
3.145,6.1052
3.1462,6.0827
3.1473,6.0621
3.1485,6.0319
3.1497,5.9909
3.1508,5.9446
3.152,5.901
3.1532,5.8695
3.1543,5.8544
3.1555,5.8473
3.1567,5.8342
3.1578,5.8074
3.159,5.7683
3.1602,5.7258
3.1613,5.6913
3.1625,5.6701
3.1637,5.6573
3.1648,5.6442
3.166,5.6252
3.1672,5.599
3.1683,5.5679
3.1695,5.5354
3.1707,5.5043
3.1718,5.4757
3.173,5.4507
3.1742,5.4307
3.1753,5.4158
3.1765,5.4026
3.1777,5.3857
3.1788,5.3621
3.18,5.333
3.1812,5.3034
3.1823,5.2791
3.1835,5.2624
3.1847,5.251
3.1859,5.2405
3.187,5.227
3.1882,5.2097
3.1894,5.1909
3.1905,5.1742
3.1917,5.1611
3.1929,5.1501
3.194,5.1374
3.1952,5.1198
3.1964,5.0975
3.1975,5.0734
3.1987,5.0505
3.1999,5.03
3.201,5.0116
3.2022,4.9943
3.2034,4.9778
3.2045,4.9626
3.2057,4.9491
3.2069,4.9375
3.208,4.9272
3.2092,4.9179
3.2104,4.9085
3.2115,4.8976
3.2127,4.8838
3.2139,4.8668
3.215,4.8472
3.2162,4.8269
3.2174,4.8073
3.2185,4.7896
3.2197,4.7742
3.2209,4.7613
3.222,4.7508
3.2232,4.7422
3.2244,4.7346
3.2255,4.727
3.2267,4.7182
3.2279,4.7077
3.229,4.6955
3.2302,4.6826
3.2314,4.6698
3.2325,4.6572
3.2337,4.6446
3.2349,4.6316
3.236,4.6187
3.2372,4.6063
3.2384,4.5947
3.2396,4.5835
3.2407,4.5721
3.2419,4.5599
3.2431,4.5473
3.2442,4.5348
3.2454,4.523
3.2466,4.512
3.2477,4.5013
3.2489,4.4905
3.2501,4.4798
3.2512,4.4698
3.2524,4.4614
3.2536,4.4547
3.2547,4.4487
3.2559,4.4419
3.2571,4.433
3.2582,4.4223
3.2594,4.4106
3.2606,4.3998
3.2617,4.3908
3.2629,4.3836
3.2641,4.3772
3.2652,4.3704
3.2664,4.3624
3.2676,4.353
3.2687,4.3421
3.2699,4.3298
3.2711,4.3162
3.2722,4.3017
3.2734,4.2872
3.2746,4.2739
3.2757,4.2626
3.2769,4.2538
3.2781,4.2472
3.2792,4.2421
3.2804,4.2381
3.2816,4.2345
3.2827,4.2308
3.2839,4.2268
3.2851,4.2218
3.2862,4.2155
3.2874,4.2077
3.2886,4.1984
3.2898,4.1882
3.2909,4.1778
3.2921,4.1675
3.2933,4.1576
3.2944,4.1479
3.2956,4.1387
3.2968,4.1301
3.2979,4.1225
3.2991,4.116
3.3003,4.1104
3.3014,4.1049
3.3026,4.0988
3.3038,4.0912
3.3049,4.0822
3.3061,4.0723
3.3073,4.0625
3.3084,4.0537
3.3096,4.0463
3.3108,4.04
3.3119,4.0347
3.3131,4.0296
3.3143,4.0244
3.3154,4.0189
3.3166,4.0128
3.3178,4.0061
3.3189,3.9989
3.3201,3.9915
3.3213,3.9843
3.3224,3.9777
3.3236,3.9717
3.3248,3.9664
3.3259,3.9612
3.3271,3.956
3.3283,3.9504
3.3294,3.9443
3.3306,3.9376
3.3318,3.9303
3.3329,3.9225
3.3341,3.9144
3.3353,3.9065
3.3364,3.8993
3.3376,3.8931
3.3388,3.8878
3.3399,3.883
3.3411,3.8781
3.3423,3.8726
3.3435,3.8662
3.3446,3.8592
3.3458,3.8519
3.347,3.8444
3.3481,3.8373
3.3493,3.8306
3.3505,3.8248
3.3516,3.8201
3.3528,3.8168
3.354,3.8147
3.3551,3.8135
3.3563,3.8124
3.3575,3.8104
3.3586,3.8069
3.3598,3.8016
3.361,3.7946
3.3621,3.7864
3.3633,3.7773
3.3645,3.7679
3.3656,3.7588
3.3668,3.7503
3.368,3.7427
3.3691,3.7359
3.3703,3.7301
3.3715,3.7248
3.3726,3.7201
3.3738,3.7156
3.375,3.7115
3.3761,3.7079
3.3773,3.7046
3.3785,3.7016
3.3796,3.6987
3.3808,3.6955
3.382,3.6921
3.3831,3.6882
3.3843,3.684
3.3855,3.6794
3.3866,3.6747
3.3878,3.6698
3.389,3.6648
3.3901,3.6599
3.3913,3.6551
3.3925,3.6503
3.3936,3.6454
3.3948,3.6403
3.396,3.6347
3.3972,3.6287
3.3983,3.6225
3.3995,3.6164
3.4007,3.6106
3.4018,3.6051
3.403,3.6001
3.4042,3.5953
3.4053,3.5906
3.4065,3.5861
3.4077,3.5817
3.4088,3.5776
3.41,3.5739
3.4112,3.5705
3.4123,3.5675
3.4135,3.5649
3.4147,3.5625
3.4158,3.5602
3.417,3.5576
3.4182,3.5543
3.4193,3.5502
3.4205,3.5452
3.4217,3.5393
3.4228,3.5329
3.424,3.5265
3.4252,3.5205
3.4263,3.5151
3.4275,3.5108
3.4287,3.5075
3.4298,3.5051
3.431,3.5033
3.4322,3.5015
3.4333,3.499
3.4345,3.4955
3.4357,3.4907
3.4368,3.4847
3.438,3.4779
3.4392,3.4709
3.4403,3.4643
3.4415,3.4586
3.4427,3.4542
3.4438,3.4512
3.445,3.4492
3.4462,3.4481
3.4473,3.4473
3.4485,3.4463
3.4497,3.4447
3.4509,3.4423
3.452,3.4392
3.4532,3.4357
3.4544,3.4319
3.4555,3.4281
3.4567,3.4244
3.4579,3.4205
3.459,3.4163
3.4602,3.4117
3.4614,3.4067
3.4625,3.4013
3.4637,3.3956
3.4649,3.3901
3.466,3.3849
3.4672,3.3804
3.4684,3.3766
3.4695,3.3735
3.4707,3.371
3.4719,3.3687
3.473,3.3664
3.4742,3.3639
3.4754,3.3612
3.4765,3.3582
3.4777,3.3552
3.4789,3.3522
3.48,3.3495
3.4812,3.347
3.4824,3.3448
3.4835,3.3428
3.4847,3.3409
3.4859,3.3388
3.487,3.3364
3.4882,3.3334
3.4894,3.3299
3.4905,3.3258
3.4917,3.3211
3.4929,3.316
3.494,3.3107
3.4952,3.3053
3.4964,3.3
3.4975,3.295
3.4987,3.2906
3.4999,3.2868
3.5011,3.2837
3.5022,3.2812
3.5034,3.2794
3.5046,3.2779
3.5057,3.2765
3.5069,3.2751
3.5081,3.2736
3.5092,3.2716
3.5104,3.2692
3.5116,3.2662
3.5127,3.2627
3.5139,3.2589
3.5151,3.2549
3.5162,3.251
3.5174,3.2474
3.5186,3.2442
3.5197,3.2416
3.5209,3.2395
3.5221,3.2377
3.5232,3.2358
3.5244,3.2337
3.5256,3.2309
3.5267,3.2274
3.5279,3.2232
3.5291,3.2185
3.5302,3.2137
3.5314,3.2091
3.5326,3.2051
3.5337,3.2019
3.5349,3.1995
3.5361,3.1976
3.5372,3.1959
3.5384,3.1942
3.5396,3.1923
3.5407,3.1901
3.5419,3.1877
3.5431,3.1854
3.5442,3.1833
3.5454,3.1816
3.5466,3.1802
3.5477,3.1791
3.5489,3.1778
3.5501,3.1762
3.5512,3.1738
3.5524,3.1705
3.5536,3.1666
3.5548,3.1622
3.5559,3.1578
3.5571,3.1538
3.5583,3.1503
3.5594,3.1474
3.5606,3.1449
3.5618,3.1427
3.5629,3.1404
3.5641,3.1377
3.5653,3.1345
3.5664,3.1309
3.5676,3.127
3.5688,3.1231
3.5699,3.1197
3.5711,3.1169
3.5723,3.1149
3.5734,3.1137
3.5746,3.1131
3.5758,3.1129
3.5769,3.1128
3.5781,3.1126
3.5793,3.1121
3.5804,3.111
3.5816,3.1093
3.5828,3.1068
3.5839,3.1038
3.5851,3.1002
3.5863,3.0961
3.5874,3.0919
3.5886,3.0875
3.5898,3.0833
3.5909,3.0793
3.5921,3.0756
3.5933,3.0723
3.5944,3.0695
3.5956,3.067
3.5968,3.0649
3.5979,3.0629
3.5991,3.0611
3.6003,3.0594
3.6014,3.0577
3.6026,3.056
3.6038,3.0542
3.6049,3.0524
3.6061,3.0506
3.6073,3.0487
3.6085,3.0469
3.6096,3.0452
3.6108,3.0436
3.612,3.0421
3.6131,3.0405
3.6143,3.0389
3.6155,3.037
3.6166,3.0349
3.6178,3.0325
3.619,3.0297
3.6201,3.0268
3.6213,3.0237
3.6225,3.0207
3.6236,3.0177
3.6248,3.0148
3.626,3.012
3.6271,3.0092
3.6283,3.0064
3.6295,3.0037
3.6306,3.001
3.6318,2.9986
3.633,2.9965
3.6341,2.9949
3.6353,2.9937
3.6365,2.993
3.6376,2.9927
3.6388,2.9923
3.64,2.9917
3.6411,2.9907
3.6423,2.9891
3.6435,2.9869
3.6446,2.9843
3.6458,2.9815
3.647,2.9788
3.6481,2.9765
3.6493,2.9745
3.6505,2.9728
3.6516,2.9713
3.6528,2.9697
3.654,2.9678
3.6551,2.9652
3.6563,2.9621
3.6575,2.9585
3.6587,2.9546
3.6598,2.9507
3.661,2.9472
3.6622,2.9443
3.6633,2.9421
3.6645,2.9405
3.6657,2.9395
3.6668,2.9387
3.668,2.938
3.6692,2.9373
3.6703,2.9364
3.6715,2.9355
3.6727,2.9344
3.6738,2.9333
3.675,2.9323
3.6762,2.9311
3.6773,2.9299
3.6785,2.9285
3.6797,2.9268
3.6808,2.9247
3.682,2.9222
3.6832,2.9195
3.6843,2.9166
3.6855,2.9136
3.6867,2.9107
3.6878,2.9079
3.689,2.9054
3.6902,2.903
3.6913,2.9007
3.6925,2.8985
3.6937,2.8963
3.6948,2.8943
3.696,2.8923
3.6972,2.8905
3.6983,2.8889
3.6995,2.8875
3.7007,2.8863
3.7018,2.8852
3.703,2.8843
3.7042,2.8834
3.7053,2.8825
3.7065,2.8815
3.7077,2.8804
3.7088,2.8792
3.71,2.8779
3.7112,2.8764
3.7124,2.8748
3.7135,2.8731
3.7147,2.8711
3.7159,2.8689
3.717,2.8665
3.7182,2.8638
3.7194,2.8609
3.7205,2.8579
3.7217,2.855
3.7229,2.8523
3.724,2.8499
3.7252,2.848
3.7264,2.8465
3.7275,2.8454
3.7287,2.8446
3.7299,2.8439
3.731,2.8431
3.7322,2.842
3.7334,2.8408
3.7345,2.8394
3.7357,2.8378
3.7369,2.8364
3.738,2.835
3.7392,2.8339
3.7404,2.8331
3.7415,2.8323
3.7427,2.8315
3.7439,2.8305
3.745,2.8291
3.7462,2.8272
3.7474,2.825
3.7485,2.8224
3.7497,2.8196
3.7509,2.8169
3.752,2.8142
3.7532,2.8118
3.7544,2.8096
3.7555,2.8076
3.7567,2.8056
3.7579,2.8037
3.759,2.8018
3.7602,2.8
3.7614,2.7983
3.7625,2.7968
3.7637,2.7957
3.7649,2.795
3.7661,2.7947
3.7672,2.7948
3.7684,2.7949
3.7696,2.795
3.7707,2.7949
3.7719,2.7943
3.7731,2.7932
3.7742,2.7915
3.7754,2.7894
3.7766,2.787
3.7777,2.7845
3.7789,2.7821
3.7801,2.7799
3.7812,2.7779
3.7824,2.776
3.7836,2.7743
3.7847,2.7725
3.7859,2.7706
3.7871,2.7686
3.7882,2.7664
3.7894,2.7643
3.7906,2.7622
3.7917,2.7603
3.7929,2.7587
3.7941,2.7573
3.7952,2.7561
3.7964,2.755
3.7976,2.7541
3.7987,2.7532
3.7999,2.7524
3.8011,2.7518
3.8022,2.7513
3.8034,2.7509
3.8046,2.7506
3.8057,2.7502
3.8069,2.7496
3.8081,2.7485
3.8092,2.747
3.8104,2.7449
3.8116,2.7424
3.8127,2.7395
3.8139,2.7366
3.8151,2.7338
3.8163,2.7313
3.8174,2.7293
3.8186,2.7277
3.8198,2.7264
3.8209,2.7253
3.8221,2.7242
3.8233,2.7229
3.8244,2.7216
3.8256,2.7202
3.8268,2.7189
3.8279,2.7177
3.8291,2.7168
3.8303,2.7162
3.8314,2.7158
3.8326,2.7155
3.8338,2.7153
3.8349,2.715
3.8361,2.7145
3.8373,2.7137
3.8384,2.7126
3.8396,2.7114
3.8408,2.7101
3.8419,2.7086
3.8431,2.707
3.8443,2.7053
3.8454,2.7034
3.8466,2.7013
3.8478,2.699
3.8489,2.6964
3.8501,2.6938
3.8513,2.6912
3.8524,2.6889
3.8536,2.6869
3.8548,2.6854
3.8559,2.6845
3.8571,2.684
3.8583,2.6839
3.8594,2.684
3.8606,2.684
3.8618,2.6839
3.8629,2.6835
3.8641,2.6827
3.8653,2.6817
3.8664,2.6804
3.8676,2.6791
3.8688,2.6779
3.87,2.6768
3.8711,2.6759
3.8723,2.6751
3.8735,2.6743
3.8746,2.6734
3.8758,2.6722
3.877,2.6706
3.8781,2.6686
3.8793,2.6664
3.8805,2.6639
3.8816,2.6613
3.8828,2.6589
3.884,2.6566
3.8851,2.6547
3.8863,2.6531
3.8875,2.6518
3.8886,2.6507
3.8898,2.6499
3.891,2.6491
3.8921,2.6485
3.8933,2.648
3.8945,2.6476
3.8956,2.6473
3.8968,2.6471
3.898,2.6467
3.8991,2.6462
3.9003,2.6455
3.9015,2.6444
3.9026,2.6431
3.9038,2.6415
3.905,2.6399
3.9061,2.6383
3.9073,2.6369
3.9085,2.6357
3.9096,2.6346
3.9108,2.6335
3.912,2.6323
3.9131,2.6308
3.9143,2.6291
3.9155,2.6272
3.9166,2.6251
3.9178,2.6231
3.919,2.6213
3.9201,2.6198
3.9213,2.6188
3.9225,2.6181
3.9237,2.6177
3.9248,2.6174
3.926,2.6172
3.9272,2.6169
3.9283,2.6166
3.9295,2.6162
3.9307,2.6158
3.9318,2.6155
3.933,2.6151
3.9342,2.6146
3.9353,2.614
3.9365,2.6131
3.9377,2.6118
3.9388,2.6102
3.94,2.6082
3.9412,2.6061
3.9423,2.6038
3.9435,2.6017
3.9447,2.5999
3.9458,2.5982
3.947,2.5968
3.9482,2.5956
3.9493,2.5945
3.9505,2.5933
3.9517,2.5921
3.9528,2.5909
3.954,2.5897
3.9552,2.5886
3.9563,2.5878
3.9575,2.5872
3.9587,2.5869
3.9598,2.5869
3.961,2.587
3.9622,2.5871
3.9633,2.587
3.9645,2.5867
3.9657,2.5861
3.9668,2.5851
3.968,2.5838
3.9692,2.5822
3.9703,2.5805
3.9715,2.5787
3.9727,2.577
3.9739,2.5754
3.975,2.5739
3.9762,2.5725
3.9774,2.5712
3.9785,2.5699
3.9797,2.5686
3.9809,2.5671
3.982,2.5656
3.9832,2.5642
3.9844,2.5628
3.9855,2.5615
3.9867,2.5605
3.9879,2.5598
3.989,2.5593
3.9902,2.559
3.9914,2.5588
3.9925,2.5587
3.9937,2.5584
3.9949,2.5581
3.996,2.5576
3.9972,2.557
3.9984,2.5563
3.9995,2.5556
4.0007,2.5547
4.0019,2.5537
4.003,2.5526
4.0042,2.5512
4.0054,2.5497
4.0065,2.548
4.0077,2.5462
4.0089,2.5444
4.01,2.5428
4.0112,2.5413
4.0124,2.5401
4.0135,2.5391
4.0147,2.5383
4.0159,2.5375
4.017,2.5367
4.0182,2.5359
4.0194,2.535
4.0205,2.5342
4.0217,2.5334
4.0229,2.5329
4.024,2.5326
4.0252,2.5324
4.0264,2.5324
4.0276,2.5325
4.0287,2.5324
4.0299,2.5321
4.0311,2.5316
4.0322,2.5308
4.0334,2.5297
4.0346,2.5284
4.0357,2.5269
4.0369,2.5254
4.0381,2.5238
4.0392,2.5221
4.0404,2.5203
4.0416,2.5185
4.0427,2.5167
4.0439,2.5149
4.0451,2.5133
4.0462,2.5119
4.0474,2.5109
4.0486,2.5102
4.0497,2.5098
4.0509,2.5096
4.0521,2.5095
4.0532,2.5094
4.0544,2.5093
4.0556,2.509
4.0567,2.5086
4.0579,2.5081
4.0591,2.5076
4.0602,2.5071
4.0614,2.5066
4.0626,2.5063
4.0637,2.5059
4.0649,2.5055
4.0661,2.5049
4.0672,2.5041
4.0684,2.5029
4.0696,2.5013
4.0707,2.4994
4.0719,2.4973
4.0731,2.4952
4.0742,2.4931
4.0754,2.4913
4.0766,2.4898
4.0777,2.4887
4.0789,2.4879
4.0801,2.4875
4.0813,2.4872
4.0824,2.487
4.0836,2.4868
4.0848,2.4864
4.0859,2.4859
4.0871,2.4853
4.0883,2.4847
4.0894,2.4841
4.0906,2.4835
4.0918,2.483
4.0929,2.4825
4.0941,2.4821
4.0953,2.4815
4.0964,2.4808
4.0976,2.48
4.0988,2.479
4.0999,2.4779
4.1011,2.4768
4.1023,2.4756
4.1034,2.4745
4.1046,2.4733
4.1058,2.4721
4.1069,2.4708
4.1081,2.4694
4.1093,2.4679
4.1104,2.4665
4.1116,2.4651
4.1128,2.4638
4.1139,2.4629
4.1151,2.4623
4.1163,2.4621
4.1174,2.4622
4.1186,2.4624
4.1198,2.4627
4.1209,2.4629
4.1221,2.4629
4.1233,2.4626
4.1244,2.4622
4.1256,2.4615
4.1268,2.4607
4.1279,2.4598
4.1291,2.4589
4.1303,2.458
4.1314,2.4571
4.1326,2.456
4.1338,2.4549
4.135,2.4537
4.1361,2.4524
4.1373,2.451
4.1385,2.4495
4.1396,2.4481
4.1408,2.4468
4.142,2.4456
4.1431,2.4446
4.1443,2.4437
4.1455,2.4429
4.1466,2.4423
4.1478,2.4417
4.149,2.4413
4.1501,2.441
4.1513,2.4409
4.1525,2.4409
4.1536,2.4411
4.1548,2.4413
4.156,2.4415
4.1571,2.4415
4.1583,2.4413
4.1595,2.4408
4.1606,2.44
4.1618,2.4388
4.163,2.4374
4.1641,2.4359
4.1653,2.4343
4.1665,2.4328
4.1676,2.4315
4.1688,2.4304
4.17,2.4293
4.1711,2.4284
4.1723,2.4274
4.1735,2.4264
4.1746,2.4253
4.1758,2.4241
4.177,2.423
4.1781,2.422
4.1793,2.4212
4.1805,2.4206
4.1816,2.4203
4.1828,2.4201
4.184,2.4202
4.1852,2.4202
4.1863,2.4202
4.1875,2.42
4.1887,2.4197
4.1898,2.4192
4.191,2.4185
4.1922,2.4177
4.1933,2.4168
4.1945,2.4158
4.1957,2.4149
4.1968,2.4138
4.198,2.4128
4.1992,2.4117
4.2003,2.4106
4.2015,2.4094
4.2027,2.4083
4.2038,2.4073
4.205,2.4063
4.2062,2.4054
4.2073,2.4047
4.2085,2.404
4.2097,2.4035
4.2108,2.403
4.212,2.4026
4.2132,2.4022
4.2143,2.4019
4.2155,2.4016
4.2167,2.4013
4.2178,2.4011
4.219,2.4009
4.2202,2.4008
4.2213,2.4006
4.2225,2.4004
4.2237,2.4001
4.2248,2.3997
4.226,2.3991
4.2272,2.3984
4.2283,2.3975
4.2295,2.3965
4.2307,2.3952
4.2318,2.3938
4.233,2.3923
4.2342,2.3909
4.2353,2.3895
4.2365,2.3882
4.2377,2.387
4.2389,2.386
4.24,2.3852
4.2412,2.3846
4.2424,2.3841
4.2435,2.3838
4.2447,2.3836
4.2459,2.3835
4.247,2.3835
4.2482,2.3835
4.2494,2.3836
4.2505,2.3836
4.2517,2.3835
4.2529,2.3833
4.254,2.3829
4.2552,2.3824
4.2564,2.3818
4.2575,2.381
4.2587,2.3802
4.2599,2.3793
4.261,2.3784
4.2622,2.3773
4.2634,2.3761
4.2645,2.3748
4.2657,2.3734
4.2669,2.3719
4.268,2.3705
4.2692,2.3692
4.2704,2.3681
4.2715,2.3673
4.2727,2.3667
4.2739,2.3663
4.275,2.3662
4.2762,2.366
4.2774,2.3659
4.2785,2.3657
4.2797,2.3654
4.2809,2.3651
4.282,2.3647
4.2832,2.3644
4.2844,2.364
4.2855,2.3638
4.2867,2.3635
4.2879,2.3632
4.289,2.3628
4.2902,2.3623
4.2914,2.3616
4.2926,2.3607
4.2937,2.3596
4.2949,2.3585
4.2961,2.3573
4.2972,2.3561
4.2984,2.3549
4.2996,2.3538
4.3007,2.3529
4.3019,2.352
4.3031,2.3513
4.3042,2.3507
4.3054,2.3503
4.3066,2.35
4.3077,2.3497
4.3089,2.3495
4.3101,2.3493
4.3112,2.3491
4.3124,2.3489
4.3136,2.3488
4.3147,2.3487
4.3159,2.3486
4.3171,2.3485
4.3182,2.3483
4.3194,2.348
4.3206,2.3476
4.3217,2.3469
4.3229,2.3461
4.3241,2.345
4.3252,2.3439
4.3264,2.3427
4.3276,2.3415
4.3287,2.3405
4.3299,2.3395
4.3311,2.3386
4.3322,2.3377
4.3334,2.3369
4.3346,2.336
4.3357,2.3351
4.3369,2.3342
4.3381,2.3334
4.3392,2.3327
4.3404,2.3322
4.3416,2.332
4.3428,2.332
4.3439,2.3321
4.3451,2.3323
4.3463,2.3325
4.3474,2.3326
4.3486,2.3327
4.3498,2.3326
4.3509,2.3324
4.3521,2.3321
4.3533,2.3316
4.3544,2.3309
4.3556,2.3301
4.3568,2.3291
4.3579,2.328
4.3591,2.3268
4.3603,2.3255
4.3614,2.3242
4.3626,2.323
4.3638,2.322
4.3649,2.3211
4.3661,2.3204
4.3673,2.3197
4.3684,2.3192
4.3696,2.3186
4.3708,2.3181
4.3719,2.3176
4.3731,2.3172
4.3743,2.3169
4.3754,2.3167
4.3766,2.3166
4.3778,2.3166
4.3789,2.3166
4.3801,2.3166
4.3813,2.3164
4.3824,2.3161
4.3836,2.3156
4.3848,2.315
4.3859,2.3143
4.3871,2.3136
4.3883,2.3128
4.3894,2.3121
4.3906,2.3113
4.3918,2.3104
4.3929,2.3095
4.3941,2.3085
4.3953,2.3075
4.3965,2.3065
4.3976,2.3055
4.3988,2.3048
4.4,2.3041
4.4011,2.3037
4.4023,2.3034
4.4035,2.3033
4.4046,2.3031
4.4058,2.303
4.407,2.3029
4.4081,2.3027
4.4093,2.3024
4.4105,2.3021
4.4116,2.3018
4.4128,2.3015
4.414,2.3013
4.4151,2.301
4.4163,2.3007
4.4175,2.3004
4.4186,2.3
4.4198,2.2995
4.421,2.2989
4.4221,2.2982
4.4233,2.2973
4.4245,2.2962
4.4256,2.295
4.4268,2.2938
4.428,2.2925
4.4291,2.2914
4.4303,2.2904
4.4315,2.2896
4.4326,2.2891
4.4338,2.2887
4.435,2.2886
4.4361,2.2887
4.4373,2.2887
4.4385,2.2888
4.4396,2.2888
4.4408,2.2888
4.442,2.2886
4.4431,2.2884
4.4443,2.2882
4.4455,2.2879
4.4466,2.2876
4.4478,2.2872
4.449,2.2868
4.4502,2.2864
4.4513,2.2858
4.4525,2.2852
4.4537,2.2846
4.4548,2.2839
4.456,2.2831
4.4572,2.2822
4.4583,2.2812
4.4595,2.2802
4.4607,2.2791
4.4618,2.278
4.463,2.2769
4.4642,2.2759
4.4653,2.2751
4.4665,2.2745
4.4677,2.2741
4.4688,2.274
4.47,2.274
4.4712,2.2741
4.4723,2.2743
4.4735,2.2744
4.4747,2.2744
4.4758,2.2743
4.477,2.2741
4.4782,2.2737
4.4793,2.2733
4.4805,2.2727
4.4817,2.2721
4.4828,2.2714
4.484,2.2707
4.4852,2.2699
4.4863,2.2691
4.4875,2.2682
4.4887,2.2674
4.4898,2.2666
4.491,2.2658
4.4922,2.2651
4.4933,2.2645
4.4945,2.2639
4.4957,2.2633
4.4968,2.2628
4.498,2.2623
4.4992,2.2619
4.5004,2.2615
4.5015,2.2613
4.5027,2.2611
4.5039,2.2611
4.505,2.2612
4.5062,2.2613
4.5074,2.2615
4.5085,2.2616
4.5097,2.2616
4.5109,2.2614
4.512,2.2611
4.5132,2.2606
4.5144,2.2599
4.5155,2.2591
4.5167,2.2582
4.5179,2.2572
4.519,2.2563
4.5202,2.2554
4.5214,2.2546
4.5225,2.2539
4.5237,2.2533
4.5249,2.2528
4.526,2.2522
4.5272,2.2517
4.5284,2.2511
4.5295,2.2505
4.5307,2.2499
4.5319,2.2493
4.533,2.2488
4.5342,2.2484
4.5354,2.2482
4.5365,2.2482
4.5377,2.2484
4.5389,2.2486
4.54,2.2489
4.5412,2.2491
4.5424,2.2492
4.5435,2.2492
4.5447,2.2489
4.5459,2.2484
4.547,2.2478
4.5482,2.2469
4.5494,2.2459
4.5505,2.2448
4.5517,2.2437
4.5529,2.2426
4.5541,2.2416
4.5552,2.2407
4.5564,2.2399
4.5576,2.2393
4.5587,2.2388
4.5599,2.2384
4.5611,2.2381
4.5622,2.2378
4.5634,2.2374
4.5646,2.237
4.5657,2.2366
4.5669,2.2361
4.5681,2.2357
4.5692,2.2354
4.5704,2.2352
4.5716,2.2351
4.5727,2.2351
4.5739,2.2352
4.5751,2.2353
4.5762,2.2353
4.5774,2.2351
4.5786,2.2348
4.5797,2.2343
4.5809,2.2336
4.5821,2.2327
4.5832,2.2317
4.5844,2.2307
4.5856,2.2298
4.5867,2.229
4.5879,2.2282
4.5891,2.2276
4.5902,2.227
4.5914,2.2266
4.5926,2.2262
4.5937,2.2259
4.5949,2.2257
4.5961,2.2255
4.5972,2.2254
4.5984,2.2253
4.5996,2.2253
4.6007,2.2253
4.6019,2.2253
4.6031,2.2252
4.6042,2.2251
4.6054,2.2248
4.6066,2.2245
4.6078,2.2242
4.6089,2.2238
4.6101,2.2234
4.6113,2.2231
4.6124,2.2227
4.6136,2.2223
4.6148,2.2217
4.6159,2.2211
4.6171,2.2202
4.6183,2.2193
4.6194,2.2182
4.6206,2.2171
4.6218,2.216
4.6229,2.2152
4.6241,2.2145
4.6253,2.2142
4.6264,2.214
4.6276,2.2141
4.6288,2.2142
4.6299,2.2144
4.6311,2.2145
4.6323,2.2144
4.6334,2.2142
4.6346,2.2139
4.6358,2.2135
4.6369,2.2131
4.6381,2.2127
4.6393,2.2124
4.6404,2.2121
4.6416,2.2118
4.6428,2.2116
4.6439,2.2114
4.6451,2.2111
4.6463,2.2108
4.6474,2.2103
4.6486,2.2097
4.6498,2.209
4.6509,2.2081
4.6521,2.207
4.6533,2.206
4.6544,2.2049
4.6556,2.2039
4.6568,2.2031
4.658,2.2025
4.6591,2.2022
4.6603,2.2021
4.6615,2.2022
4.6626,2.2025
4.6638,2.2027
4.665,2.2029
4.6661,2.203
4.6673,2.2029
4.6685,2.2026
4.6696,2.2022
4.6708,2.2018
4.672,2.2012
4.6731,2.2007
4.6743,2.2003
4.6755,2.1998
4.6766,2.1994
4.6778,2.199
4.679,2.1985
4.6801,2.198
4.6813,2.1975
4.6825,2.1969
4.6836,2.1963
4.6848,2.1956
4.686,2.195
4.6871,2.1944
4.6883,2.1938
4.6895,2.1932
4.6906,2.1928
4.6918,2.1924
4.693,2.1922
4.6941,2.1921
4.6953,2.192
4.6965,2.1921
4.6976,2.1922
4.6988,2.1923
4.7,2.1925
4.7011,2.1926
4.7023,2.1926
4.7035,2.1925
4.7046,2.1922
4.7058,2.1917
4.707,2.191
4.7081,2.1902
4.7093,2.1893
4.7105,2.1884
4.7117,2.1876
4.7128,2.1869
4.714,2.1863
4.7152,2.1859
4.7163,2.1855
4.7175,2.1851
4.7187,2.1848
4.7198,2.1843
4.721,2.1837
4.7222,2.1831
4.7233,2.1825
4.7245,2.182
4.7257,2.1816
4.7268,2.1814
4.728,2.1814
4.7292,2.1816
4.7303,2.1819
4.7315,2.1822
4.7327,2.1824
4.7338,2.1826
4.735,2.1825
4.7362,2.1823
4.7373,2.1819
4.7385,2.1814
4.7397,2.1807
4.7408,2.18
4.742,2.1792
4.7432,2.1784
4.7443,2.1777
4.7455,2.1769
4.7467,2.1762
4.7478,2.1756
4.749,2.1752
4.7502,2.1748
4.7513,2.1745
4.7525,2.1743
4.7537,2.174
4.7548,2.1736
4.756,2.1732
4.7572,2.1727
4.7583,2.1722
4.7595,2.1717
4.7607,2.1713
4.7618,2.171
4.763,2.1709
4.7642,2.171
4.7654,2.1711
4.7665,2.1713
4.7677,2.1714
4.7689,2.1714
4.77,2.1712
4.7712,2.1709
4.7724,2.1703
4.7735,2.1697
4.7747,2.1689
4.7759,2.168
4.777,2.1672
4.7782,2.1664
4.7794,2.1657
4.7805,2.165
4.7817,2.1645
4.7829,2.1641
4.784,2.1637
4.7852,2.1635
4.7864,2.1634
4.7875,2.1633
4.7887,2.1633
4.7899,2.1632
4.791,2.1631
4.7922,2.163
4.7934,2.1629
4.7945,2.1628
4.7957,2.1627
4.7969,2.1626
4.798,2.1624
4.7992,2.1623
4.8004,2.1621
4.8015,2.1619
4.8027,2.1617
4.8039,2.1613
4.805,2.1609
4.8062,2.1604
4.8074,2.1598
4.8085,2.1591
4.8097,2.1584
4.8109,2.1577
4.812,2.1569
4.8132,2.1561
4.8144,2.1555
4.8155,2.1549
4.8167,2.1545
4.8179,2.1542
4.8191,2.1542
4.8202,2.1542
4.8214,2.1542
4.8226,2.1543
4.8237,2.1543
4.8249,2.1542
4.8261,2.1541
4.8272,2.1538
4.8284,2.1536
4.8296,2.1534
4.8307,2.1532
4.8319,2.1531
4.8331,2.1529
4.8342,2.1528
4.8354,2.1526
4.8366,2.1522
4.8377,2.1518
4.8389,2.1512
4.8401,2.1505
4.8412,2.1499
4.8424,2.1492
4.8436,2.1485
4.8447,2.1479
4.8459,2.1473
4.8471,2.1467
4.8482,2.1461
4.8494,2.1456
4.8506,2.1451
4.8517,2.1446
4.8529,2.1443
4.8541,2.1442
4.8552,2.1442
4.8564,2.1442
4.8576,2.1444
4.8587,2.1445
4.8599,2.1445
4.8611,2.1443
4.8622,2.144
4.8634,2.1436
4.8646,2.1431
4.8657,2.1426
4.8669,2.1421
4.8681,2.1417
4.8693,2.1414
4.8704,2.1411
4.8716,2.1409
4.8728,2.1407
4.8739,2.1404
4.8751,2.14
4.8763,2.1395
4.8774,2.1389
4.8786,2.1383
4.8798,2.1376
4.8809,2.137
4.8821,2.1365
4.8833,2.1362
4.8844,2.136
4.8856,2.1359
4.8868,2.136
4.8879,2.1361
4.8891,2.1362
4.8903,2.1364
4.8914,2.1365
4.8926,2.1365
4.8938,2.1364
4.8949,2.1363
4.8961,2.136
4.8973,2.1358
4.8984,2.1355
4.8996,2.1351
4.9008,2.1347
4.9019,2.1341
4.9031,2.1335
4.9043,2.1329
4.9054,2.1322
4.9066,2.1315
4.9078,2.1309
4.9089,2.1303
4.9101,2.1299
4.9113,2.1296
4.9124,2.1293
4.9136,2.1291
4.9148,2.1288
4.9159,2.1286
4.9171,2.1284
4.9183,2.1281
4.9194,2.1279
4.9206,2.1278
4.9218,2.1277
4.923,2.1277
4.9241,2.1278
4.9253,2.1279
4.9265,2.1279
4.9276,2.1279
4.9288,2.1277
4.93,2.1274
4.9311,2.1269
4.9323,2.1264
4.9335,2.1258
4.9346,2.1252
4.9358,2.1247
4.937,2.1241
4.9381,2.1236
4.9393,2.1231
4.9405,2.1226
4.9416,2.1221
4.9428,2.1216
4.944,2.1212
4.9451,2.1208
4.9463,2.1204
4.9475,2.1202
4.9486,2.1199
4.9498,2.1197
4.951,2.1195
4.9521,2.1193
4.9533,2.1191
4.9545,2.1189
4.9556,2.1187
4.9568,2.1186
4.958,2.1186
4.9591,2.1186
4.9603,2.1186
4.9615,2.1186
4.9626,2.1184
4.9638,2.1182
4.965,2.1178
4.9661,2.1173
4.9673,2.1167
4.9685,2.1161
4.9696,2.1154
4.9708,2.1148
4.972,2.1143
4.9731,2.1138
4.9743,2.1135
4.9755,2.1132
4.9767,2.113
4.9778,2.1128
4.979,2.1126
4.9802,2.1125
4.9813,2.1124
4.9825,2.1123
4.9837,2.1122
4.9848,2.1122
4.986,2.1122
4.9872,2.1122
4.9883,2.1122
4.9895,2.1121
4.9907,2.1119
4.9918,2.1116
4.993,2.1113
4.9942,2.111
4.9953,2.1106
4.9965,2.1103
4.9977,2.11
4.9988,2.1097
5,2.1093
