0,20
0.0011674,20
0.0023348,20
0.0035022,20
0.0046696,20
0.005837,20
0.0070044,20
0.0081718,20
0.0093392,20
0.010507,20
0.011674,20
0.012841,20
0.014009,20
0.015176,20
0.016344,20
0.017511,20
0.018678,20
0.019846,20
0.021013,20
0.022181,20
0.023348,20
0.024516,20
0.025683,20
0.02685,20
0.028018,20
0.029185,20
0.030353,20
0.03152,20
0.032687,20
0.033855,20
0.035022,20
0.03619,20
0.037357,20
0.038524,20
0.039692,20
0.040859,20
0.042027,20
0.043194,20
0.044361,20
0.045529,20
0.046696,20
0.047864,20
0.049031,20
0.050198,20
0.051366,20
0.052533,20
0.053701,20
0.054868,20
0.056035,20
0.057203,20
0.05837,20
0.059538,20
0.060705,20
0.061873,20
0.06304,20
0.064207,20
0.065375,20
0.066542,20
0.06771,20
0.068877,20
0.070044,20
0.071212,20
0.072379,20
0.073547,20
0.074714,20
0.075881,20
0.077049,20
0.078216,20
0.079384,20
0.080551,20
0.081718,20
0.082886,20
0.084053,20
0.085221,20
0.086388,20
0.087555,20
0.088723,20
0.08989,20
0.091058,20
0.092225,20
0.093392,20
0.09456,20
0.095727,20
0.096895,20
0.098062,20
0.09923,20
0.1004,20
0.10156,20
0.10273,20
0.1039,20
0.10507,20
0.10623,20
0.1074,20
0.10857,20
0.10974,20
0.1109,20
0.11207,20
0.11324,20
0.11441,20
0.11557,20
0.11674,20
0.11791,20
0.11908,20
0.12024,20
0.12141,20
0.12258,20
0.12375,20
0.12491,20
0.12608,20
0.12725,20
0.12841,20
0.12958,20
0.13075,20
0.13192,20
0.13308,20
0.13425,20
0.13542,20
0.13659,20
0.13775,20
0.13892,20
0.14009,20
0.14126,20
0.14242,20
0.14359,20
0.14476,20
0.14593,20
0.14709,20
0.14826,20
0.14943,20
0.1506,20
0.15176,20
0.15293,20
0.1541,20
0.15527,20
0.15643,20
0.1576,20
0.15877,20
0.15993,20
0.1611,20
0.16227,20
0.16344,20
0.1646,20
0.16577,20
0.16694,20
0.16811,20
0.16927,20
0.17044,20
0.17161,20
0.17278,20
0.17394,20
0.17511,20
0.17628,20
0.17745,20
0.17861,20
0.17978,20
0.18095,20
0.18212,20
0.18328,20
0.18445,20
0.18562,20
0.18678,20
0.18795,20
0.18912,20
0.19029,20
0.19145,20
0.19262,20
0.19379,20
0.19496,20
0.19612,20
0.19729,20
0.19846,20
0.19963,20
0.20079,20
0.20196,20
0.20313,20
0.2043,20
0.20546,20
0.20663,20
0.2078,20
0.20897,20
0.21013,20
0.2113,20
0.21247,20
0.21364,20
0.2148,20
0.21597,20
0.21714,20
0.2183,20
0.21947,20
0.22064,20
0.22181,20
0.22297,20
0.22414,20
0.22531,20
0.22648,20
0.22764,20
0.22881,20
0.22998,20
0.23115,20
0.23231,20
0.23348,20
0.23465,20
0.23582,20
0.23698,20
0.23815,20
0.23932,20
0.24049,20
0.24165,20
0.24282,20
0.24399,20
0.24516,20
0.24632,20
0.24749,20
0.24866,20
0.24982,20
0.25099,20
0.25216,20
0.25333,20
0.25449,20
0.25566,20
0.25683,20
0.258,20
0.25916,20
0.26033,20
0.2615,20
0.26267,20
0.26383,20
0.265,20
0.26617,20
0.26734,20
0.2685,20
0.26967,20
0.27084,20
0.27201,20
0.27317,20
0.27434,20
0.27551,20
0.27668,20
0.27784,20
0.27901,20
0.28018,20
0.28134,20
0.28251,20
0.28368,20
0.28485,20
0.28601,20
0.28718,20
0.28835,20
0.28952,20
0.29068,20
0.29185,20
0.29302,20
0.29419,20
0.29535,20
0.29652,20
0.29769,20
0.29886,20
0.30002,20
0.30119,20
0.30236,20
0.30353,20
0.30469,20
0.30586,20
0.30703,20
0.3082,20
0.30936,20
0.31053,20
0.3117,20
0.31286,20
0.31403,20
0.3152,20
0.31637,20
0.31753,20
0.3187,20
0.31987,20
0.32104,20
0.3222,20
0.32337,20
0.32454,20
0.32571,20
0.32687,20
0.32804,20
0.32921,20
0.33038,20
0.33154,20
0.33271,20
0.33388,20
0.33505,20
0.33621,20
0.33738,20
0.33855,20
0.33972,20
0.34088,20
0.34205,20
0.34322,20
0.34438,20
0.34555,20
0.34672,20
0.34789,20
0.34905,20
0.35022,20
0.35139,20
0.35256,20
0.35372,20
0.35489,20
0.35606,20
0.35723,20
0.35839,20
0.35956,20
0.36073,20
0.3619,20
0.36306,20
0.36423,20
0.3654,20
0.36657,20
0.36773,20
0.3689,20
0.37007,20
0.37124,20
0.3724,20
0.37357,20
0.37474,20
0.3759,20
0.37707,20
0.37824,20
0.37941,20
0.38057,20
0.38174,20
0.38291,20
0.38408,20
0.38524,20
0.38641,20
0.38758,20
0.38875,20
0.38991,20
0.39108,20
0.39225,20
0.39342,20
0.39458,20
0.39575,20
0.39692,20
0.39809,20
0.39925,20
0.40042,20
0.40159,20
0.40276,20
0.40392,20
0.40509,20
0.40626,20
0.40742,20
0.40859,20
0.40976,20
0.41093,20
0.41209,20
0.41326,20
0.41443,20
0.4156,20
0.41676,20
0.41793,20
0.4191,20
0.42027,20
0.42143,20
0.4226,20
0.42377,20
0.42494,20
0.4261,20
0.42727,20
0.42844,20
0.42961,20
0.43077,20
0.43194,20
0.43311,20
0.43428,20
0.43544,20
0.43661,20
0.43778,20
0.43894,20
0.44011,20
0.44128,20
0.44245,20
0.44361,20
0.44478,20
0.44595,20
0.44712,20
0.44828,20
0.44945,20
0.45062,20
0.45179,20
0.45295,20
0.45412,20
0.45529,20
0.45646,20
0.45762,20
0.45879,20
0.45996,20
0.46113,20
0.46229,20
0.46346,20
0.46463,20
0.4658,20
0.46696,20
0.46813,20
0.4693,20
0.47046,20
0.47163,20
0.4728,20
0.47397,20
0.47513,20
0.4763,20
0.47747,20
0.47864,20
0.4798,20
0.48097,20
0.48214,20
0.48331,20
0.48447,20
0.48564,20
0.48681,20
0.48798,20
0.48914,20
0.49031,20
0.49148,20
0.49265,20
0.49381,20
0.49498,20
0.49615,20
0.49731,20
0.49848,20
0.49965,20
0.50082,20
0.50198,20
0.50315,20
0.50432,20
0.50549,20
0.50665,20
0.50782,20
0.50899,20.001
0.51016,20.001
0.51132,20.001
0.51249,20.001
0.51366,20.001
0.51483,20.001
0.51599,20.002
0.51716,20.002
0.51833,20.002
0.5195,20.002
0.52066,20.003
0.52183,20.003
0.523,20.004
0.52417,20.004
0.52533,20.004
0.5265,20.005
0.52767,20.005
0.52883,20.006
0.53,20.007
0.53117,20.007
0.53234,20.008
0.5335,20.009
0.53467,20.01
0.53584,20.01
0.53701,20.011
0.53817,20.012
0.53934,20.013
0.54051,20.014
0.54168,20.015
0.54284,20.016
0.54401,20.017
0.54518,20.019
0.54635,20.02
0.54751,20.021
0.54868,20.022
0.54985,20.024
0.55102,20.025
0.55218,20.027
0.55335,20.029
0.55452,20.03
0.55569,20.032
0.55685,20.034
0.55802,20.036
0.55919,20.037
0.56035,20.039
0.56152,20.041
0.56269,20.044
0.56386,20.046
0.56502,20.048
0.56619,20.05
0.56736,20.053
0.56853,20.055
0.56969,20.058
0.57086,20.061
0.57203,20.063
0.5732,20.066
0.57436,20.069
0.57553,20.072
0.5767,20.075
0.57787,20.078
0.57903,20.082
0.5802,20.085
0.58137,20.088
0.58254,20.092
0.5837,20.095
0.58487,20.099
0.58604,20.103
0.58721,20.107
0.58837,20.111
0.58954,20.115
0.59071,20.119
0.59187,20.124
0.59304,20.128
0.59421,20.133
0.59538,20.137
0.59654,20.142
0.59771,20.147
0.59888,20.152
0.60005,20.157
0.60121,20.163
0.60238,20.168
0.60355,20.173
0.60472,20.179
0.60588,20.185
0.60705,20.191
0.60822,20.197
0.60939,20.203
0.61055,20.209
0.61172,20.216
0.61289,20.222
0.61406,20.229
0.61522,20.236
0.61639,20.243
0.61756,20.25
0.61873,20.257
0.61989,20.265
0.62106,20.273
0.62223,20.28
0.62339,20.288
0.62456,20.296
0.62573,20.305
0.6269,20.313
0.62806,20.321
0.62923,20.33
0.6304,20.339
0.63157,20.348
0.63273,20.357
0.6339,20.366
0.63507,20.375
0.63624,20.385
0.6374,20.394
0.63857,20.404
0.63974,20.414
0.64091,20.424
0.64207,20.434
0.64324,20.444
0.64441,20.455
0.64558,20.465
0.64674,20.476
0.64791,20.487
0.64908,20.498
0.65025,20.509
0.65141,20.52
0.65258,20.532
0.65375,20.543
0.65491,20.555
0.65608,20.567
0.65725,20.579
0.65842,20.591
0.65958,20.604
0.66075,20.616
0.66192,20.629
0.66309,20.642
0.66425,20.655
0.66542,20.668
0.66659,20.681
0.66776,20.695
0.66892,20.709
0.67009,20.723
0.67126,20.737
0.67243,20.751
0.67359,20.765
0.67476,20.78
0.67593,20.795
0.6771,20.81
0.67826,20.825
0.67943,20.84
0.6806,20.856
0.68177,20.872
0.68293,20.888
0.6841,20.904
0.68527,20.92
0.68643,20.937
0.6876,20.953
0.68877,20.97
0.68994,20.988
0.6911,21.005
0.69227,21.023
0.69344,21.041
0.69461,21.059
0.69577,21.077
0.69694,21.096
0.69811,21.114
0.69928,21.133
0.70044,21.153
0.70161,21.172
0.70278,21.192
0.70395,21.212
0.70511,21.232
0.70628,21.252
0.70745,21.273
0.70862,21.294
0.70978,21.315
0.71095,21.337
0.71212,21.359
0.71329,21.381
0.71445,21.403
0.71562,21.426
0.71679,21.448
0.71795,21.472
0.71912,21.495
0.72029,21.519
0.72146,21.543
0.72262,21.567
0.72379,21.592
0.72496,21.617
0.72613,21.642
0.72729,21.668
0.72846,21.694
0.72963,21.72
0.7308,21.747
0.73196,21.774
0.73313,21.801
0.7343,21.829
0.73547,21.857
0.73663,21.885
0.7378,21.913
0.73897,21.942
0.74014,21.972
0.7413,22.001
0.74247,22.032
0.74364,22.062
0.74481,22.093
0.74597,22.125
0.74714,22.156
0.74831,22.189
0.74947,22.221
0.75064,22.254
0.75181,22.287
0.75298,22.321
0.75414,22.355
0.75531,22.39
0.75648,22.425
0.75765,22.461
0.75881,22.497
0.75998,22.533
0.76115,22.57
0.76232,22.607
0.76348,22.645
0.76465,22.684
0.76582,22.723
0.76699,22.762
0.76815,22.803
0.76932,22.843
0.77049,22.884
0.77166,22.926
0.77282,22.968
0.77399,23.011
0.77516,23.054
0.77633,23.098
0.77749,23.143
0.77866,23.188
0.77983,23.234
0.78099,23.28
0.78216,23.327
0.78333,23.374
0.7845,23.422
0.78566,23.47
0.78683,23.52
0.788,23.57
0.78917,23.621
0.79033,23.673
0.7915,23.725
0.79267,23.778
0.79384,23.832
0.795,23.886
0.79617,23.942
0.79734,23.998
0.79851,24.056
0.79967,24.115
0.80084,24.174
0.80201,24.235
0.80318,24.296
0.80434,24.358
0.80551,24.421
0.80668,24.484
0.80784,24.547
0.80901,24.611
0.81018,24.676
0.81135,24.741
0.81251,24.807
0.81368,24.874
0.81485,24.941
0.81602,25.008
0.81718,25.076
0.81835,25.145
0.81952,25.215
0.82069,25.288
0.82185,25.362
0.82302,25.439
0.82419,25.519
0.82536,25.601
0.82652,25.685
0.82769,25.771
0.82886,25.861
0.83003,25.953
0.83119,26.048
0.83236,26.145
0.83353,26.245
0.8347,26.346
0.83586,26.448
0.83703,26.549
0.8382,26.649
0.83936,26.746
0.84053,26.84
0.8417,26.93
0.84287,27.016
0.84403,27.097
0.8452,27.172
0.84637,27.24
0.84754,27.302
0.8487,27.354
0.84987,27.397
0.85104,27.429
0.85221,27.452
0.85337,27.466
0.85454,27.471
0.85571,27.468
0.85688,27.458
0.85804,27.44
0.85921,27.414
0.86038,27.381
0.86155,27.34
0.86271,27.294
0.86388,27.243
0.86505,27.19
0.86622,27.134
0.86738,27.078
0.86855,27.021
0.86972,26.964
0.87088,26.907
0.87205,26.849
0.87322,26.791
0.87439,26.733
0.87555,26.671
0.87672,26.601
0.87789,26.533
0.87906,26.474
0.88022,26.417
0.88139,26.36
0.88256,26.302
0.88373,26.243
0.88489,26.186
0.88606,26.13
0.88723,26.079
0.8884,26.035
0.88956,25.998
0.89073,25.966
0.8919,25.926
0.89307,25.877
0.89423,25.823
0.8954,25.759
0.89657,25.687
0.89774,25.61
0.8989,25.537
0.90007,25.467
0.90124,25.398
0.9024,25.321
0.90357,25.271
0.90474,25.248
0.90591,25.226
0.90707,25.211
0.90824,25.207
0.90941,25.207
0.91058,25.202
0.91174,25.183
0.91291,25.151
0.91408,25.118
0.91525,25.083
0.91641,25.062
0.91758,25.092
0.91875,25.145
0.91992,25.185
0.92108,25.201
0.92225,25.227
0.92342,25.321
0.92459,25.245
0.92575,25.272
0.92692,25.519
0.92809,25.638
0.92926,25.545
0.93042,25.451
0.93159,25.358
0.93276,25.265
0.93392,25.171
0.93509,25.078
0.93626,24.984
0.93743,24.891
0.93859,24.798
0.93976,24.704
0.94093,24.611
0.9421,24.518
0.94326,24.424
0.94443,24.331
0.9456,24.237
0.94677,24.144
0.94793,24.051
0.9491,23.957
0.95027,23.864
0.95144,23.771
0.9526,23.677
0.95377,23.584
0.95494,23.49
0.95611,23.397
0.95727,23.304
0.95844,23.21
0.95961,23.117
0.96078,23.023
0.96194,22.93
0.96311,22.837
0.96428,22.743
0.96544,22.65
0.96661,22.557
0.96778,22.463
0.96895,22.37
0.97011,22.276
0.97128,22.183
0.97245,22.09
0.97362,21.996
0.97478,21.903
0.97595,21.81
0.97712,21.716
0.97829,21.623
0.97945,21.529
0.98062,21.436
0.98179,21.343
0.98296,21.249
0.98412,21.156
0.98529,21.063
0.98646,20.969
0.98763,20.876
0.98879,20.782
0.98996,20.689
0.99113,20.596
0.9923,20.502
0.99346,20.409
0.99463,20.316
0.9958,20.222
0.99696,20.129
0.99813,20.035
0.9993,19.942
1.0005,19.849
1.0016,19.755
1.0028,19.662
1.004,19.569
1.0051,19.475
1.0063,19.382
1.0075,19.288
1.0086,19.195
1.0098,19.102
1.011,19.008
1.0121,18.915
1.0133,18.822
1.0145,18.728
1.0156,18.635
1.0168,18.541
1.018,18.448
1.0191,18.355
1.0203,18.261
1.0215,18.168
1.0226,18.075
1.0238,17.981
1.025,17.888
1.0261,17.794
1.0273,17.701
1.0285,17.608
1.0297,17.514
1.0308,17.421
1.032,17.328
1.0332,17.234
1.0343,17.141
1.0355,17.047
1.0367,16.954
1.0378,16.861
1.039,16.767
1.0402,16.674
1.0413,16.581
1.0425,16.487
1.0437,16.394
1.0448,16.301
1.046,16.207
1.0472,16.114
1.0483,16.02
1.0495,15.927
1.0507,15.834
1.0518,15.74
1.053,15.647
1.0542,15.553
1.0553,15.46
1.0565,15.366
1.0577,15.273
1.0588,15.179
1.06,15.086
1.0612,14.992
1.0623,14.899
1.0635,14.806
1.0647,14.712
1.0658,14.619
1.067,14.526
1.0682,14.433
1.0693,14.339
1.0705,14.246
1.0717,14.153
1.0728,14.06
1.074,13.967
1.0752,13.874
1.0763,13.779
1.0775,13.685
1.0787,13.591
1.0799,13.497
1.081,13.404
1.0822,13.311
1.0834,13.218
1.0845,13.125
1.0857,13.032
1.0869,12.939
1.088,12.846
1.0892,12.755
1.0904,12.666
1.0915,12.577
1.0927,12.488
1.0939,12.399
1.095,12.31
1.0962,12.221
1.0974,12.132
1.0985,12.042
1.0997,11.953
1.1009,11.856
1.102,11.752
1.1032,11.649
1.1044,11.545
1.1055,11.442
1.1067,11.338
1.1079,11.235
1.109,11.131
1.1102,11.028
1.1114,10.924
1.1125,10.825
1.1137,10.729
1.1149,10.633
1.116,10.537
1.1172,10.44
1.1184,10.344
1.1195,10.248
1.1207,10.152
1.1219,10.104
1.123,10.067
1.1242,10.031
1.1254,10
1.1265,10
1.1277,10
1.1289,10
1.13,10
1.1312,10
1.1324,10
1.1336,10
1.1347,10
1.1359,10
1.1371,10
1.1382,10
1.1394,10
1.1406,10
1.1417,10
1.1429,10
1.1441,10
1.1452,10
1.1464,10
1.1476,10
1.1487,10
1.1499,10
1.1511,10
1.1522,10
1.1534,10
1.1546,10
1.1557,10
1.1569,10
1.1581,10
1.1592,10
1.1604,10
1.1616,10
1.1627,10
1.1639,10
1.1651,10
1.1662,10
1.1674,10
1.1686,10
1.1697,10
1.1709,10
1.1721,10
1.1732,10
1.1744,10
1.1756,10
1.1767,10
1.1779,10
1.1791,10
1.1802,10
1.1814,10
1.1826,10
1.1837,10
1.1849,10
1.1861,10
1.1873,10
1.1884,10
1.1896,10
1.1908,10
1.1919,10
1.1931,10
1.1943,10
1.1954,10
1.1966,10
1.1978,10
1.1989,10
1.2001,10
1.2013,10
1.2024,10
1.2036,10
1.2048,10
1.2059,10
1.2071,10
1.2083,10
1.2094,10
1.2106,10
1.2118,10
1.2129,10
1.2141,10
1.2153,10
1.2164,10
1.2176,10
1.2188,10
1.2199,10
1.2211,10
1.2223,10
1.2234,10
1.2246,10
1.2258,10
1.2269,10
1.2281,10
1.2293,10
1.2304,10
1.2316,10
1.2328,10
1.2339,10
1.2351,10
1.2363,10
1.2375,10
1.2386,10
1.2398,10
1.241,10
1.2421,10
1.2433,10
1.2445,10
1.2456,10
1.2468,10
1.248,10
1.2491,10
1.2503,10
1.2515,10
1.2526,10
1.2538,10
1.255,10
1.2561,10
1.2573,10
1.2585,10
1.2596,10
1.2608,10
1.262,10
1.2631,10
1.2643,10
1.2655,10
1.2666,10
1.2678,10
1.269,10
1.2701,10
1.2713,10
1.2725,10
1.2736,10
1.2748,10
1.276,10
1.2771,10
1.2783,10
1.2795,10
1.2806,10
1.2818,10
1.283,10
1.2841,10
1.2853,10
1.2865,10
1.2876,10
1.2888,10
1.29,10
1.2912,10
1.2923,10
1.2935,10
1.2947,10
1.2958,10
1.297,10
1.2982,10
1.2993,10
1.3005,10
1.3017,10
1.3028,10
1.304,10
1.3052,10
1.3063,10
1.3075,10
1.3087,10
1.3098,10
1.311,10
1.3122,10
1.3133,10
1.3145,10
1.3157,10
1.3168,10
1.318,10
1.3192,10
1.3203,10
1.3215,10
1.3227,10
1.3238,10
1.325,10
1.3262,10
1.3273,10
1.3285,10
1.3297,10
1.3308,10
1.332,10
1.3332,10
1.3343,10
1.3355,10
1.3367,10
1.3378,10
1.339,10
1.3402,10
1.3413,10
1.3425,10
1.3437,10
1.3449,10
1.346,10
1.3472,10
1.3484,10
1.3495,10
1.3507,10
1.3519,10
1.353,10
1.3542,10
1.3554,10
1.3565,10
1.3577,10
1.3589,10
1.36,10
1.3612,10
1.3624,10
1.3635,10
1.3647,10
1.3659,10
1.367,10
1.3682,10
1.3694,10
1.3705,10
1.3717,10
1.3729,10
1.374,10
1.3752,10
1.3764,10
1.3775,10
1.3787,10
1.3799,10
1.381,10
1.3822,10
1.3834,10
1.3845,10
1.3857,10
1.3869,10
1.388,10
1.3892,10
1.3904,10
1.3915,10
1.3927,10
1.3939,10
1.3951,10
1.3962,10
1.3974,10
1.3986,10
1.3997,10
1.4009,10
1.4021,10
1.4032,10
1.4044,10
1.4056,10
1.4067,10
1.4079,10
1.4091,10
1.4102,10
1.4114,10
1.4126,10
1.4137,10
1.4149,10
1.4161,10
1.4172,10
1.4184,10
1.4196,10
1.4207,10
1.4219,10
1.4231,10
1.4242,10
1.4254,10
1.4266,10
1.4277,10
1.4289,10
1.4301,10
1.4312,10
1.4324,10
1.4336,10
1.4347,10
1.4359,10
1.4371,10
1.4382,10
1.4394,10
1.4406,10
1.4417,10
1.4429,10
1.4441,10
1.4452,10
1.4464,10
1.4476,10
1.4488,10
1.4499,10
1.4511,10
1.4523,10
1.4534,10
1.4546,10
1.4558,10
1.4569,10
1.4581,10
1.4593,10
1.4604,10
1.4616,10
1.4628,10
1.4639,10
1.4651,10
1.4663,10
1.4674,10
1.4686,10
1.4698,10
1.4709,10
1.4721,10
1.4733,10
1.4744,10
1.4756,10
1.4768,10
1.4779,10
1.4791,10
1.4803,10
1.4814,10
1.4826,10
1.4838,10
1.4849,10
1.4861,10
1.4873,10
1.4884,10
1.4896,10
1.4908,10
1.4919,10
1.4931,10
1.4943,10
1.4954,10
1.4966,10
1.4978,10
1.4989,10
1.5001,10
1.5013,10
1.5025,10
1.5036,10
1.5048,10
1.506,10
1.5071,10
1.5083,10
1.5095,10
1.5106,10
1.5118,10
1.513,10
1.5141,10
1.5153,10
1.5165,10
1.5176,10
1.5188,10
1.52,10
1.5211,10
1.5223,10
1.5235,10
1.5246,10
1.5258,10
1.527,10
1.5281,10
1.5293,10
1.5305,10
1.5316,10
1.5328,10
1.534,10
1.5351,10
1.5363,10
1.5375,10
1.5386,10
1.5398,10
1.541,10
1.5421,10
1.5433,10
1.5445,10
1.5456,10
1.5468,10
1.548,10
1.5491,10
1.5503,10
1.5515,10
1.5527,10
1.5538,10
1.555,10
1.5562,10
1.5573,10
1.5585,10
1.5597,10
1.5608,10
1.562,10
1.5632,10
1.5643,10
1.5655,10
1.5667,10
1.5678,10
1.569,10
1.5702,10
1.5713,10
1.5725,10
1.5737,10
1.5748,10
1.576,10
1.5772,10
1.5783,10
1.5795,10
1.5807,10
1.5818,10
1.583,10
1.5842,10
1.5853,10
1.5865,10
1.5877,10
1.5888,10
1.59,10
1.5912,10
1.5923,10
1.5935,10
1.5947,10
1.5958,10
1.597,10
1.5982,10
1.5993,10
1.6005,10
1.6017,10
1.6028,10
1.604,10
1.6052,10
1.6064,10
1.6075,10
1.6087,10
1.6099,10
1.611,10
1.6122,10
1.6134,10
1.6145,10
1.6157,10
1.6169,10
1.618,10
1.6192,10
1.6204,10
1.6215,10
1.6227,10
1.6239,10
1.625,10
1.6262,10
1.6274,10
1.6285,10
1.6297,10
1.6309,10
1.632,10
1.6332,10
1.6344,10
1.6355,10
1.6367,10
1.6379,10
1.639,10
1.6402,10
1.6414,10
1.6425,10
1.6437,10
1.6449,10
1.646,10
1.6472,10
1.6484,10
1.6495,10
1.6507,10
1.6519,10
1.653,10
1.6542,10
1.6554,10
1.6565,10
1.6577,10
1.6589,10
1.6601,10
1.6612,10
1.6624,10
1.6636,10
1.6647,10
1.6659,10
1.6671,10
1.6682,10
1.6694,10
1.6706,10
1.6717,10
1.6729,10
1.6741,10
1.6752,10
1.6764,10
1.6776,10
1.6787,10
1.6799,10
1.6811,10
1.6822,10
1.6834,10
1.6846,10
1.6857,10
1.6869,10
1.6881,10
1.6892,10
1.6904,10
1.6916,10
1.6927,10
1.6939,10
1.6951,10
1.6962,10
1.6974,10
1.6986,10
1.6997,10
1.7009,10
1.7021,10
1.7032,10
1.7044,10
1.7056,10
1.7067,10
1.7079,10
1.7091,10
1.7102,10
1.7114,10
1.7126,10
1.7138,10
1.7149,10
1.7161,10
1.7173,10
1.7184,10
1.7196,10
1.7208,10
1.7219,10
1.7231,10
1.7243,10
1.7254,10
1.7266,10
1.7278,10
1.7289,10
1.7301,10
1.7313,10
1.7324,10
1.7336,10
1.7348,10
1.7359,10
1.7371,10
1.7383,10
1.7394,10
1.7406,10
1.7418,10
1.7429,10
1.7441,10
1.7453,10
1.7464,10
1.7476,10
1.7488,10
1.7499,10
1.7511,10
1.7523,10
1.7534,10
1.7546,10
1.7558,10
1.7569,10
1.7581,10
1.7593,10
1.7604,10
1.7616,10
1.7628,10
1.764,10
1.7651,10
1.7663,10
1.7675,10
1.7686,10
1.7698,10
1.771,10
1.7721,10
1.7733,10
1.7745,10
1.7756,10
1.7768,10
1.778,10
1.7791,10
1.7803,10
1.7815,10
1.7826,10
1.7838,10
1.785,10
1.7861,10
1.7873,10
1.7885,10
1.7896,10
1.7908,10
1.792,10
1.7931,10
1.7943,10
1.7955,10
1.7966,10
1.7978,10
1.799,10
1.8001,10
1.8013,10
1.8025,10
1.8036,10
1.8048,10
1.806,10
1.8071,10
1.8083,10
1.8095,10
1.8106,10
1.8118,10
1.813,10
1.8141,10
1.8153,10
1.8165,10
1.8177,10
1.8188,10
1.82,10
1.8212,10
1.8223,10
1.8235,10
1.8247,10
1.8258,10
1.827,10
1.8282,10
1.8293,10
1.8305,10
1.8317,10
1.8328,10
1.834,10
1.8352,10
1.8363,10
1.8375,10
1.8387,10
1.8398,10
1.841,10
1.8422,10
1.8433,10
1.8445,10
1.8457,10
1.8468,10
1.848,10
1.8492,10
1.8503,10
1.8515,10
1.8527,10
1.8538,10
1.855,10
1.8562,10
1.8573,10
1.8585,10
1.8597,10
1.8608,10
1.862,10
1.8632,10
1.8643,10
1.8655,10
1.8667,10
1.8678,10
1.869,10
1.8702,10
1.8714,10
1.8725,10
1.8737,10
1.8749,10
1.876,10
1.8772,10
1.8784,10
1.8795,10
1.8807,10
1.8819,10
1.883,10
1.8842,10
1.8854,10
1.8865,10
1.8877,10
1.8889,10
1.89,10
1.8912,10
1.8924,10
1.8935,10
1.8947,10
1.8959,10
1.897,10
1.8982,10
1.8994,10
1.9005,10
1.9017,10
1.9029,10
1.904,10
1.9052,10
1.9064,10
1.9075,10
1.9087,10
1.9099,10
1.911,10
1.9122,10
1.9134,10
1.9145,10
1.9157,10
1.9169,10
1.918,10
1.9192,10
1.9204,10
1.9216,10
1.9227,10
1.9239,10
1.9251,10
1.9262,10
1.9274,10
1.9286,10
1.9297,10
1.9309,10
1.9321,10
1.9332,10
1.9344,10
1.9356,10
1.9367,10
1.9379,10
1.9391,10
1.9402,10
1.9414,10
1.9426,10
1.9437,10
1.9449,10
1.9461,10
1.9472,10
1.9484,10
1.9496,10
1.9507,10
1.9519,10
1.9531,10
1.9542,10
1.9554,10
1.9566,10
1.9577,10
1.9589,10
1.9601,10
1.9612,10
1.9624,10
1.9636,10
1.9647,10
1.9659,10
1.9671,10
1.9682,10
1.9694,10
1.9706,10
1.9717,10
1.9729,10
1.9741,10
1.9753,10
1.9764,10
1.9776,10
1.9788,10
1.9799,10
1.9811,10
1.9823,10
1.9834,10
1.9846,10
1.9858,10
1.9869,10
1.9881,10
1.9893,10
1.9904,10
1.9916,10
1.9928,10
1.9939,10
1.9951,10
1.9963,10
1.9974,10
1.9986,10
1.9998,10
2.0009,10
2.0021,10
2.0033,10
2.0044,10
2.0056,10
2.0068,10
2.0079,10
2.0091,10
2.0103,10
2.0114,10
2.0126,10
2.0138,10
2.0149,10
2.0161,10
2.0173,10
2.0184,10
2.0196,10
2.0208,10
2.0219,10
2.0231,10
2.0243,10
2.0254,10
2.0266,10
2.0278,10
2.029,10
2.0301,10
2.0313,10
2.0325,10
2.0336,10
2.0348,10
2.036,10
2.0371,10
2.0383,10
2.0395,10
2.0406,10
2.0418,10
2.043,10
2.0441,10
2.0453,10
2.0465,10
2.0476,10
2.0488,10
2.05,10
2.0511,10
2.0523,10
2.0535,10
2.0546,10
2.0558,10
2.057,10
2.0581,10
2.0593,10
2.0605,10
2.0616,10
2.0628,10
2.064,10
2.0651,10
2.0663,10
2.0675,10
2.0686,10
2.0698,10
2.071,10
2.0721,10
2.0733,10
2.0745,10
2.0756,10
2.0768,10
2.078,10
2.0792,10
2.0803,10
2.0815,10
2.0827,10
2.0838,10
2.085,10
2.0862,10
2.0873,10
2.0885,10
2.0897,10
2.0908,10
2.092,10
2.0932,10
2.0943,10
2.0955,10
2.0967,10
2.0978,10
2.099,10
2.1002,10
2.1013,10
2.1025,10
2.1037,10
2.1048,10
2.106,10
2.1072,10
2.1083,10
2.1095,10
2.1107,10
2.1118,10
2.113,10
2.1142,10
2.1153,10
2.1165,10
2.1177,10
2.1188,10
2.12,10
2.1212,10
2.1223,10
2.1235,10
2.1247,10
2.1258,10
2.127,10
2.1282,10
2.1293,10
2.1305,10
2.1317,10
2.1329,10
2.134,10
2.1352,10
2.1364,10
2.1375,10
2.1387,10
2.1399,10
2.141,10
2.1422,10
2.1434,10
2.1445,10
2.1457,10
2.1469,10
2.148,10
2.1492,10
2.1504,10
2.1515,10
2.1527,10
2.1539,10
2.155,10
2.1562,10
2.1574,10
2.1585,10
2.1597,10
2.1609,10
2.162,10
2.1632,10
2.1644,10
2.1655,10
2.1667,10
2.1679,10
2.169,10
2.1702,10
2.1714,10
2.1725,10
2.1737,10
2.1749,10
2.176,10
2.1772,10
2.1784,10
2.1795,10
2.1807,10
2.1819,10
2.183,10
2.1842,10
2.1854,10
2.1866,10
2.1877,10
2.1889,10
2.1901,10
2.1912,10
2.1924,10
2.1936,10
2.1947,10
2.1959,10
2.1971,10
2.1982,10
2.1994,10
2.2006,10
2.2017,10
2.2029,10
2.2041,10
2.2052,10
2.2064,10
2.2076,10
2.2087,10
2.2099,10
2.2111,10
2.2122,10
2.2134,10
2.2146,10
2.2157,10
2.2169,10
2.2181,10
2.2192,10
2.2204,10
2.2216,10
2.2227,10
2.2239,10
2.2251,10
2.2262,10
2.2274,10
2.2286,10
2.2297,10
2.2309,10
2.2321,10
2.2332,10
2.2344,10
2.2356,10
2.2367,10
2.2379,10
2.2391,10
2.2403,10
2.2414,10
2.2426,10
2.2438,10
2.2449,10
2.2461,10
2.2473,10
2.2484,10
2.2496,10
2.2508,10
2.2519,10
2.2531,10
2.2543,10
2.2554,10
2.2566,10
2.2578,10
2.2589,10
2.2601,10
2.2613,10
2.2624,10
2.2636,10
2.2648,10
2.2659,10
2.2671,10
2.2683,10
2.2694,10
2.2706,10
2.2718,10
2.2729,10
2.2741,10
2.2753,10
2.2764,10
2.2776,10
2.2788,10
2.2799,10
2.2811,10
2.2823,10
2.2834,10
2.2846,10
2.2858,10
2.2869,10
2.2881,10
2.2893,10
2.2905,10
2.2916,10
2.2928,10
2.294,10
2.2951,10
2.2963,10
2.2975,10
2.2986,10
2.2998,10
2.301,10
2.3021,10
2.3033,10
2.3045,10
2.3056,10
2.3068,10
2.308,10
2.3091,10
2.3103,10
2.3115,10
2.3126,10
2.3138,10
2.315,10
2.3161,10
2.3173,10
2.3185,10
2.3196,10
2.3208,10
2.322,10
2.3231,10
2.3243,10
2.3255,10
2.3266,10
2.3278,10
2.329,10
2.3301,10
2.3313,10
2.3325,10
2.3336,10
2.3348,10
2.336,10
2.3371,10
2.3383,10
2.3395,10
2.3406,10
2.3418,10
2.343,10
2.3442,10
2.3453,10
2.3465,10
2.3477,10
2.3488,10
2.35,10
2.3512,10
2.3523,10
2.3535,10
2.3547,10
2.3558,10
2.357,10
2.3582,10
2.3593,10
2.3605,10
2.3617,10
2.3628,10
2.364,10
2.3652,10
2.3663,10
2.3675,10
2.3687,10
2.3698,10
2.371,10
2.3722,10
2.3733,10
2.3745,10
2.3757,10
2.3768,10
2.378,10
2.3792,10
2.3803,10
2.3815,10
2.3827,10
2.3838,10
2.385,10
2.3862,10
2.3873,10
2.3885,10
2.3897,10
2.3908,10
2.392,10
2.3932,10
2.3943,10
2.3955,10
2.3967,10
2.3979,10
2.399,10
2.4002,10
2.4014,10
2.4025,10
2.4037,10
2.4049,10
2.406,10
2.4072,10
2.4084,10
2.4095,10
2.4107,10
2.4119,10
2.413,10
2.4142,10
2.4154,10
2.4165,10
2.4177,10
2.4189,10
2.42,10
2.4212,10
2.4224,10
2.4235,10
2.4247,10
2.4259,10
2.427,10
2.4282,10
2.4294,10
2.4305,10
2.4317,10
2.4329,10
2.434,10
2.4352,10
2.4364,10
2.4375,10
2.4387,10
2.4399,10
2.441,10
2.4422,10
2.4434,10
2.4445,10
2.4457,10
2.4469,10
2.4481,10
2.4492,10
2.4504,10
2.4516,10
2.4527,10
2.4539,10
2.4551,10
2.4562,10
2.4574,10
2.4586,10
2.4597,10
2.4609,10
2.4621,10
2.4632,10
2.4644,10
2.4656,10
2.4667,10
2.4679,10
2.4691,10
2.4702,10
2.4714,10
2.4726,10
2.4737,10
2.4749,10
2.4761,10
2.4772,10
2.4784,10
2.4796,10
2.4807,10
2.4819,10
2.4831,10
2.4842,10
2.4854,10
2.4866,10
2.4877,10
2.4889,10
2.4901,10
2.4912,10
2.4924,10
2.4936,10
2.4947,10
2.4959,10
2.4971,10
2.4982,10
2.4994,10
2.5006,10
2.5018,10
2.5029,10
2.5041,10
2.5053,10
2.5064,10
2.5076,10
2.5088,10
2.5099,10
2.5111,10
2.5123,10
2.5134,10
2.5146,10
2.5158,10
2.5169,10
2.5181,10
2.5193,10
2.5204,10
2.5216,10
2.5228,10
2.5239,10
2.5251,10
2.5263,10
2.5274,10
2.5286,10
2.5298,10
2.5309,10
2.5321,10
2.5333,10
2.5344,10
2.5356,10
2.5368,10
2.5379,10
2.5391,10
2.5403,10
2.5414,10
2.5426,10
2.5438,10
2.5449,10
2.5461,10
2.5473,10
2.5484,10
2.5496,10
2.5508,10
2.5519,10
2.5531,10
2.5543,10
2.5555,10
2.5566,10
2.5578,10
2.559,10
2.5601,10
2.5613,10
2.5625,10
2.5636,10
2.5648,10
2.566,10
2.5671,10
2.5683,10
2.5695,10
2.5706,10
2.5718,10
2.573,10
2.5741,10
2.5753,10
2.5765,10
2.5776,10
2.5788,10
2.58,10
2.5811,10
2.5823,10
2.5835,10
2.5846,10
2.5858,10
2.587,10
2.5881,10
2.5893,10
2.5905,10
2.5916,10
2.5928,10
2.594,10
2.5951,10
2.5963,10
2.5975,10
2.5986,10
2.5998,10
2.601,10
2.6021,10
2.6033,10
2.6045,10
2.6057,10
2.6068,10
2.608,10
2.6092,10
2.6103,10
2.6115,10
2.6127,10
2.6138,10
2.615,10
2.6162,10
2.6173,10
2.6185,10
2.6197,10
2.6208,10
2.622,10
2.6232,10
2.6243,10
2.6255,10
2.6267,10
2.6278,10
2.629,10
2.6302,10
2.6313,10
2.6325,10
2.6337,10
2.6348,10
2.636,10
2.6372,10
2.6383,10
2.6395,10
2.6407,10
2.6418,10
2.643,10
2.6442,10
2.6453,10
2.6465,10
2.6477,10
2.6488,10
2.65,10
2.6512,10
2.6523,10
2.6535,10
2.6547,10
2.6558,10
2.657,10
2.6582,10
2.6594,10
2.6605,10
2.6617,10
2.6629,10
2.664,10
2.6652,10
2.6664,10
2.6675,10
2.6687,10
2.6699,10
2.671,10
2.6722,10
2.6734,10
2.6745,10
2.6757,10
2.6769,10
2.678,10
2.6792,10
2.6804,10
2.6815,10
2.6827,10
2.6839,10
2.685,10
2.6862,10
2.6874,10
2.6885,10
2.6897,10
2.6909,10
2.692,10
2.6932,10
2.6944,10
2.6955,10
2.6967,10
2.6979,10
2.699,10
2.7002,10
2.7014,10
2.7025,10
2.7037,10
2.7049,10
2.706,10
2.7072,10
2.7084,10
2.7095,10
2.7107,10
2.7119,10
2.7131,10
2.7142,10
2.7154,10
2.7166,10
2.7177,10
2.7189,10
2.7201,10
2.7212,10
2.7224,10
2.7236,10
2.7247,10
2.7259,10
2.7271,10
2.7282,10
2.7294,10
2.7306,10
2.7317,10
2.7329,10
2.7341,10
2.7352,10
2.7364,10
2.7376,10
2.7387,10
2.7399,10
2.7411,10
2.7422,10
2.7434,10
2.7446,10
2.7457,10
2.7469,10
2.7481,10
2.7492,10
2.7504,10
2.7516,10
2.7527,10
2.7539,10
2.7551,10
2.7562,10
2.7574,10
2.7586,10
2.7597,10
2.7609,10
2.7621,10
2.7633,10
2.7644,10
2.7656,10
2.7668,10
2.7679,10
2.7691,10
2.7703,10
2.7714,10
2.7726,10
2.7738,10
2.7749,10
2.7761,10
2.7773,10
2.7784,10
2.7796,10
2.7808,10
2.7819,10
2.7831,10
2.7843,10
2.7854,10
2.7866,10
2.7878,10
2.7889,10
2.7901,10
2.7913,10
2.7924,10
2.7936,10
2.7948,10
2.7959,10
2.7971,10
2.7983,10
2.7994,10
2.8006,10
2.8018,10
2.8029,10
2.8041,10
2.8053,10
2.8064,10
2.8076,10
2.8088,10
2.8099,10
2.8111,10
2.8123,10
2.8134,10
2.8146,10
2.8158,10
2.817,10
2.8181,10
2.8193,10
2.8205,10
2.8216,10
2.8228,10
2.824,10
2.8251,10
2.8263,10
2.8275,10
2.8286,10
2.8298,10
2.831,10
2.8321,10
2.8333,10
2.8345,10
2.8356,10
2.8368,10
2.838,10
2.8391,10
2.8403,10
2.8415,10
2.8426,10
2.8438,10
2.845,10
2.8461,10
2.8473,10
2.8485,10
2.8496,10
2.8508,10
2.852,10
2.8531,10
2.8543,10
2.8555,10
2.8566,10
2.8578,10
2.859,10
2.8601,10
2.8613,10
2.8625,10
2.8636,10
2.8648,10
2.866,10
2.8671,10
2.8683,10
2.8695,10
2.8707,10
2.8718,10
2.873,10
2.8742,10
2.8753,10
2.8765,10
2.8777,10
2.8788,10
2.88,10
2.8812,10
2.8823,10
2.8835,10
2.8847,10
2.8858,10
2.887,10
2.8882,10
2.8893,10
2.8905,10
2.8917,10
2.8928,10
2.894,10
2.8952,10
2.8963,10
2.8975,10
2.8987,10
2.8998,10
2.901,10
2.9022,10
2.9033,10
2.9045,10
2.9057,10
2.9068,10
2.908,10
2.9092,10
2.9103,10
2.9115,10
2.9127,10
2.9138,10
2.915,10
2.9162,10
2.9173,10
2.9185,10
2.9197,10
2.9208,10
2.922,10
2.9232,10
2.9244,10
2.9255,10
2.9267,10
2.9279,10
2.929,10
2.9302,10
2.9314,10
2.9325,10
2.9337,10
2.9349,10
2.936,10
2.9372,10
2.9384,10
2.9395,10
2.9407,10
2.9419,10
2.943,10
2.9442,10
2.9454,10
2.9465,10
2.9477,10
2.9489,10
2.95,10
2.9512,10
2.9524,10
2.9535,10
2.9547,10
2.9559,10
2.957,10
2.9582,10
2.9594,10
2.9605,10
2.9617,10
2.9629,10
2.964,10
2.9652,10
2.9664,10
2.9675,10
2.9687,10
2.9699,10
2.971,10
2.9722,10
2.9734,10
2.9746,10
2.9757,10
2.9769,10
2.9781,10
2.9792,10
2.9804,10
2.9816,10
2.9827,10
2.9839,10
2.9851,10
2.9862,10
2.9874,10
2.9886,10
2.9897,10
2.9909,10
2.9921,10
2.9932,10
2.9944,10
2.9956,10
2.9967,10
2.9979,10
2.9991,10
3.0002,10
3.0014,10
3.0026,10
3.0037,10
3.0049,10
3.0061,10
3.0072,10
3.0084,10
3.0096,10
3.0107,10
3.0119,10
3.0131,10
3.0142,10
3.0154,10
3.0166,10
3.0177,10
3.0189,10
3.0201,10
3.0212,10
3.0224,10
3.0236,10
3.0247,10
3.0259,10
3.0271,10
3.0283,10
3.0294,10
3.0306,10
3.0318,10
3.0329,10
3.0341,10
3.0353,10
3.0364,10
3.0376,10
3.0388,10
3.0399,10
3.0411,10
3.0423,10
3.0434,10
3.0446,10
3.0458,10
3.0469,10
3.0481,10
3.0493,10
3.0504,10
3.0516,10
3.0528,10
3.0539,10
3.0551,10
3.0563,10
3.0574,10
3.0586,10
3.0598,10
3.0609,10
3.0621,10
3.0633,10
3.0644,10
3.0656,10
3.0668,10
3.0679,10
3.0691,10
3.0703,10
3.0714,10
3.0726,10
3.0738,10
3.0749,10
3.0761,10
3.0773,10
3.0784,10
3.0796,10
3.0808,10
3.082,10
3.0831,10
3.0843,10
3.0855,10
3.0866,10
3.0878,10
3.089,10
3.0901,10
3.0913,10
3.0925,10
3.0936,10
3.0948,10
3.096,10
3.0971,10
3.0983,10
3.0995,10
3.1006,10
3.1018,10
3.103,10
3.1041,10
3.1053,10
3.1065,10
3.1076,10
3.1088,10
3.11,10
3.1111,10
3.1123,10
3.1135,10
3.1146,10
3.1158,10
3.117,10
3.1181,10
3.1193,10
3.1205,10
3.1216,10
3.1228,10
3.124,10
3.1251,10
3.1263,10
3.1275,10
3.1286,10
3.1298,10
3.131,10
3.1322,10
3.1333,10
3.1345,10
3.1357,10
3.1368,10
3.138,10
3.1392,10
3.1403,10
3.1415,10
3.1427,10
3.1438,10
3.145,10
3.1462,10
3.1473,10
3.1485,10
3.1497,10
3.1508,10
3.152,10
3.1532,10
3.1543,10
3.1555,10
3.1567,10
3.1578,10
3.159,10
3.1602,10
3.1613,10
3.1625,10
3.1637,10
3.1648,10
3.166,10
3.1672,10
3.1683,10
3.1695,10
3.1707,10
3.1718,10
3.173,10
3.1742,10
3.1753,10
3.1765,10
3.1777,10
3.1788,10
3.18,10
3.1812,10
3.1823,10
3.1835,10
3.1847,10
3.1859,10
3.187,10
3.1882,10
3.1894,10
3.1905,10
3.1917,10
3.1929,10
3.194,10
3.1952,10
3.1964,10
3.1975,10
3.1987,10
3.1999,10
3.201,10
3.2022,10
3.2034,10
3.2045,10
3.2057,10
3.2069,10
3.208,10
3.2092,10
3.2104,10
3.2115,10
3.2127,10
3.2139,10
3.215,10
3.2162,10
3.2174,10
3.2185,10
3.2197,10
3.2209,10
3.222,10
3.2232,10
3.2244,10
3.2255,10
3.2267,10
3.2279,10
3.229,10
3.2302,10
3.2314,10
3.2325,10
3.2337,10
3.2349,10
3.236,10
3.2372,10
3.2384,10
3.2396,10
3.2407,10
3.2419,10
3.2431,10
3.2442,10
3.2454,10
3.2466,10
3.2477,10
3.2489,10
3.2501,10
3.2512,10
3.2524,10
3.2536,10
3.2547,10
3.2559,10
3.2571,10
3.2582,10
3.2594,10
3.2606,10
3.2617,10
3.2629,10
3.2641,10
3.2652,10
3.2664,10
3.2676,10
3.2687,10
3.2699,10
3.2711,10
3.2722,10
3.2734,10
3.2746,10
3.2757,10
3.2769,10
3.2781,10
3.2792,10
3.2804,10
3.2816,10
3.2827,10
3.2839,10
3.2851,10
3.2862,10
3.2874,10
3.2886,10
3.2898,10
3.2909,10
3.2921,10
3.2933,10
3.2944,10
3.2956,10
3.2968,10
3.2979,10
3.2991,10
3.3003,10
3.3014,10
3.3026,10
3.3038,10
3.3049,10
3.3061,10
3.3073,10
3.3084,10
3.3096,10
3.3108,10
3.3119,10
3.3131,10
3.3143,10
3.3154,10
3.3166,10
3.3178,10
3.3189,10
3.3201,10
3.3213,10
3.3224,10
3.3236,10
3.3248,10
3.3259,10
3.3271,10
3.3283,10
3.3294,10
3.3306,10
3.3318,10
3.3329,10
3.3341,10
3.3353,10
3.3364,10
3.3376,10
3.3388,10
3.3399,10
3.3411,10
3.3423,10
3.3435,10
3.3446,10
3.3458,10
3.347,10
3.3481,10
3.3493,10
3.3505,10
3.3516,10
3.3528,10
3.354,10
3.3551,10
3.3563,10
3.3575,10
3.3586,10
3.3598,10
3.361,10
3.3621,10
3.3633,10
3.3645,10
3.3656,10
3.3668,10
3.368,10
3.3691,10
3.3703,10
3.3715,10
3.3726,10
3.3738,10
3.375,10
3.3761,10
3.3773,10
3.3785,10
3.3796,10
3.3808,10
3.382,10
3.3831,10
3.3843,10
3.3855,10
3.3866,10
3.3878,10
3.389,10
3.3901,10
3.3913,10
3.3925,10
3.3936,10
3.3948,10
3.396,10
3.3972,10
3.3983,10
3.3995,10
3.4007,10
3.4018,10
3.403,10
3.4042,10
3.4053,10
3.4065,10
3.4077,10
3.4088,10
3.41,10
3.4112,10
3.4123,10
3.4135,10
3.4147,10
3.4158,10
3.417,10
3.4182,10
3.4193,10
3.4205,10
3.4217,10
3.4228,10
3.424,10
3.4252,10
3.4263,10
3.4275,10
3.4287,10
3.4298,10
3.431,10
3.4322,10
3.4333,10
3.4345,10
3.4357,10
3.4368,10
3.438,10
3.4392,10
3.4403,10
3.4415,10
3.4427,10
3.4438,10
3.445,10
3.4462,10
3.4473,10
3.4485,10
3.4497,10
3.4509,10
3.452,10
3.4532,10
3.4544,10
3.4555,10
3.4567,10
3.4579,10
3.459,10
3.4602,10
3.4614,10
3.4625,10
3.4637,10
3.4649,10
3.466,10
3.4672,10
3.4684,10
3.4695,10
3.4707,10
3.4719,10
3.473,10
3.4742,10
3.4754,10
3.4765,10
3.4777,10
3.4789,10
3.48,10
3.4812,10
3.4824,10
3.4835,10
3.4847,10
3.4859,10
3.487,10
3.4882,10
3.4894,10
3.4905,10
3.4917,10
3.4929,10
3.494,10
3.4952,10
3.4964,10
3.4975,10
3.4987,10
3.4999,10
3.5011,10
3.5022,10
3.5034,10
3.5046,10
3.5057,10
3.5069,10
3.5081,10
3.5092,10
3.5104,10
3.5116,10
3.5127,10
3.5139,10
3.5151,10
3.5162,10
3.5174,10
3.5186,10
3.5197,10
3.5209,10
3.5221,10
3.5232,10
3.5244,10
3.5256,10
3.5267,10
3.5279,10
3.5291,10
3.5302,10
3.5314,10
3.5326,10
3.5337,10
3.5349,10
3.5361,10
3.5372,10
3.5384,10
3.5396,10
3.5407,10
3.5419,10
3.5431,10
3.5442,10
3.5454,10
3.5466,10
3.5477,10
3.5489,10
3.5501,10
3.5512,10
3.5524,10
3.5536,10
3.5548,10
3.5559,10
3.5571,10
3.5583,10
3.5594,10
3.5606,10
3.5618,10
3.5629,10
3.5641,10
3.5653,10
3.5664,10
3.5676,10
3.5688,10
3.5699,10
3.5711,10
3.5723,10
3.5734,10
3.5746,10
3.5758,10
3.5769,10
3.5781,10
3.5793,10
3.5804,10
3.5816,10
3.5828,10
3.5839,10
3.5851,10
3.5863,10
3.5874,10
3.5886,10
3.5898,10
3.5909,10
3.5921,10
3.5933,10
3.5944,10
3.5956,10
3.5968,10
3.5979,10
3.5991,10
3.6003,10
3.6014,10
3.6026,10
3.6038,10
3.6049,10
3.6061,10
3.6073,10
3.6085,10
3.6096,10
3.6108,10
3.612,10
3.6131,10
3.6143,10
3.6155,10
3.6166,10
3.6178,10
3.619,10
3.6201,10
3.6213,10
3.6225,10
3.6236,10
3.6248,10
3.626,10
3.6271,10
3.6283,10
3.6295,10
3.6306,10
3.6318,10
3.633,10
3.6341,10
3.6353,10
3.6365,10
3.6376,10
3.6388,10
3.64,10
3.6411,10
3.6423,10
3.6435,10
3.6446,10
3.6458,10
3.647,10
3.6481,10
3.6493,10
3.6505,10
3.6516,10
3.6528,10
3.654,10
3.6551,10
3.6563,10
3.6575,10
3.6587,10
3.6598,10
3.661,10
3.6622,10
3.6633,10
3.6645,10
3.6657,10
3.6668,10
3.668,10
3.6692,10
3.6703,10
3.6715,10
3.6727,10
3.6738,10
3.675,10
3.6762,10
3.6773,10
3.6785,10
3.6797,10
3.6808,10
3.682,10
3.6832,10
3.6843,10
3.6855,10
3.6867,10
3.6878,10
3.689,10
3.6902,10
3.6913,10
3.6925,10
3.6937,10
3.6948,10
3.696,10
3.6972,10
3.6983,10
3.6995,10
3.7007,10
3.7018,10
3.703,10
3.7042,10
3.7053,10
3.7065,10
3.7077,10
3.7088,10
3.71,10
3.7112,10
3.7124,10
3.7135,10
3.7147,10
3.7159,10
3.717,10
3.7182,10
3.7194,10
3.7205,10
3.7217,10
3.7229,10
3.724,10
3.7252,10
3.7264,10
3.7275,10
3.7287,10
3.7299,10
3.731,10
3.7322,10
3.7334,10
3.7345,10
3.7357,10
3.7369,10
3.738,10
3.7392,10
3.7404,10
3.7415,10
3.7427,10
3.7439,10
3.745,10
3.7462,10
3.7474,10
3.7485,10
3.7497,10
3.7509,10
3.752,10
3.7532,10
3.7544,10
3.7555,10
3.7567,10
3.7579,10
3.759,10
3.7602,10
3.7614,10
3.7625,10
3.7637,10
3.7649,10
3.7661,10
3.7672,10
3.7684,10
3.7696,10
3.7707,10
3.7719,10
3.7731,10
3.7742,10
3.7754,10
3.7766,10
3.7777,10
3.7789,10
3.7801,10
3.7812,10
3.7824,10
3.7836,10
3.7847,10
3.7859,10
3.7871,10
3.7882,10
3.7894,10
3.7906,10
3.7917,10
3.7929,10
3.7941,10
3.7952,10
3.7964,10
3.7976,10
3.7987,10
3.7999,10
3.8011,10
3.8022,10
3.8034,10
3.8046,10
3.8057,10
3.8069,10
3.8081,10
3.8092,10
3.8104,10
3.8116,10
3.8127,10
3.8139,10
3.8151,10
3.8163,10
3.8174,10
3.8186,10
3.8198,10
3.8209,10
3.8221,10
3.8233,10
3.8244,10
3.8256,10
3.8268,10
3.8279,10
3.8291,10
3.8303,10
3.8314,10
3.8326,10
3.8338,10
3.8349,10
3.8361,10
3.8373,10
3.8384,10
3.8396,10
3.8408,10
3.8419,10
3.8431,10
3.8443,10
3.8454,10
3.8466,10
3.8478,10
3.8489,10
3.8501,10
3.8513,10
3.8524,10
3.8536,10
3.8548,10
3.8559,10
3.8571,10
3.8583,10
3.8594,10
3.8606,10
3.8618,10
3.8629,10
3.8641,10
3.8653,10
3.8664,10
3.8676,10
3.8688,10
3.87,10
3.8711,10
3.8723,10
3.8735,10
3.8746,10
3.8758,10
3.877,10
3.8781,10
3.8793,10
3.8805,10
3.8816,10
3.8828,10
3.884,10
3.8851,10
3.8863,10
3.8875,10
3.8886,10
3.8898,10
3.891,10
3.8921,10
3.8933,10
3.8945,10
3.8956,10
3.8968,10
3.898,10
3.8991,10
3.9003,10
3.9015,10
3.9026,10
3.9038,10
3.905,10
3.9061,10
3.9073,10
3.9085,10
3.9096,10
3.9108,10
3.912,10
3.9131,10
3.9143,10
3.9155,10
3.9166,10
3.9178,10
3.919,10
3.9201,10
3.9213,10
3.9225,10
3.9237,10
3.9248,10
3.926,10
3.9272,10
3.9283,10
3.9295,10
3.9307,10
3.9318,10
3.933,10
3.9342,10
3.9353,10
3.9365,10
3.9377,10
3.9388,10
3.94,10
3.9412,10
3.9423,10
3.9435,10
3.9447,10
3.9458,10
3.947,10
3.9482,10
3.9493,10
3.9505,10
3.9517,10
3.9528,10
3.954,10
3.9552,10
3.9563,10
3.9575,10
3.9587,10
3.9598,10
3.961,10
3.9622,10
3.9633,10
3.9645,10
3.9657,10
3.9668,10
3.968,10
3.9692,10
3.9703,10
3.9715,10
3.9727,10
3.9739,10
3.975,10
3.9762,10
3.9774,10
3.9785,10
3.9797,10
3.9809,10
3.982,10
3.9832,10
3.9844,10
3.9855,10
3.9867,10
3.9879,10
3.989,10
3.9902,10
3.9914,10
3.9925,10
3.9937,10
3.9949,10
3.996,10
3.9972,10
3.9984,10
3.9995,10
4.0007,10
4.0019,10
4.003,10
4.0042,10
4.0054,10
4.0065,10
4.0077,10
4.0089,10
4.01,10
4.0112,10
4.0124,10
4.0135,10
4.0147,10
4.0159,10
4.017,10
4.0182,10
4.0194,10
4.0205,10
4.0217,10
4.0229,10
4.024,10
4.0252,10
4.0264,10
4.0276,10
4.0287,10
4.0299,10
4.0311,10
4.0322,10
4.0334,10
4.0346,10
4.0357,10
4.0369,10
4.0381,10
4.0392,10
4.0404,10
4.0416,10
4.0427,10
4.0439,10
4.0451,10
4.0462,10
4.0474,10
4.0486,10
4.0497,10
4.0509,10
4.0521,10
4.0532,10
4.0544,10
4.0556,10
4.0567,10
4.0579,10
4.0591,10
4.0602,10
4.0614,10
4.0626,10
4.0637,10
4.0649,10
4.0661,10
4.0672,10
4.0684,10
4.0696,10
4.0707,10
4.0719,10
4.0731,10
4.0742,10
4.0754,10
4.0766,10
4.0777,10
4.0789,10
4.0801,10
4.0813,10
4.0824,10
4.0836,10
4.0848,10
4.0859,10
4.0871,10
4.0883,10
4.0894,10
4.0906,10
4.0918,10
4.0929,10
4.0941,10
4.0953,10
4.0964,10
4.0976,10
4.0988,10
4.0999,10
4.1011,10
4.1023,10
4.1034,10
4.1046,10
4.1058,10
4.1069,10
4.1081,10
4.1093,10
4.1104,10
4.1116,10
4.1128,10
4.1139,10
4.1151,10
4.1163,10
4.1174,10
4.1186,10
4.1198,10
4.1209,10
4.1221,10
4.1233,10
4.1244,10
4.1256,10
4.1268,10
4.1279,10
4.1291,10
4.1303,10
4.1314,10
4.1326,10
4.1338,10
4.135,10
4.1361,10
4.1373,10
4.1385,10
4.1396,10
4.1408,10
4.142,10
4.1431,10
4.1443,10
4.1455,10
4.1466,10
4.1478,10
4.149,10
4.1501,10
4.1513,10
4.1525,10
4.1536,10
4.1548,10
4.156,10
4.1571,10
4.1583,10
4.1595,10
4.1606,10
4.1618,10
4.163,10
4.1641,10
4.1653,10
4.1665,10
4.1676,10
4.1688,10
4.17,10
4.1711,10
4.1723,10
4.1735,10
4.1746,10
4.1758,10
4.177,10
4.1781,10
4.1793,10
4.1805,10
4.1816,10
4.1828,10
4.184,10
4.1852,10
4.1863,10
4.1875,10
4.1887,10
4.1898,10
4.191,10
4.1922,10
4.1933,10
4.1945,10
4.1957,10
4.1968,10
4.198,10
4.1992,10
4.2003,10
4.2015,10
4.2027,10
4.2038,10
4.205,10
4.2062,10
4.2073,10
4.2085,10
4.2097,10
4.2108,10
4.212,10
4.2132,10
4.2143,10
4.2155,10
4.2167,10
4.2178,10
4.219,10
4.2202,10
4.2213,10
4.2225,10
4.2237,10
4.2248,10
4.226,10
4.2272,10
4.2283,10
4.2295,10
4.2307,10
4.2318,10
4.233,10
4.2342,10
4.2353,10
4.2365,10
4.2377,10
4.2389,10
4.24,10
4.2412,10
4.2424,10
4.2435,10
4.2447,10
4.2459,10
4.247,10
4.2482,10
4.2494,10
4.2505,10
4.2517,10
4.2529,10
4.254,10
4.2552,10
4.2564,10
4.2575,10
4.2587,10
4.2599,10
4.261,10
4.2622,10
4.2634,10
4.2645,10
4.2657,10
4.2669,10
4.268,10
4.2692,10
4.2704,10
4.2715,10
4.2727,10
4.2739,10
4.275,10
4.2762,10
4.2774,10
4.2785,10
4.2797,10
4.2809,10
4.282,10
4.2832,10
4.2844,10
4.2855,10
4.2867,10
4.2879,10
4.289,10
4.2902,10
4.2914,10
4.2926,10
4.2937,10
4.2949,10
4.2961,10
4.2972,10
4.2984,10
4.2996,10
4.3007,10
4.3019,10
4.3031,10
4.3042,10
4.3054,10
4.3066,10
4.3077,10
4.3089,10
4.3101,10
4.3112,10
4.3124,10
4.3136,10
4.3147,10
4.3159,10
4.3171,10
4.3182,10
4.3194,10
4.3206,10
4.3217,10
4.3229,10
4.3241,10
4.3252,10
4.3264,10
4.3276,10
4.3287,10
4.3299,10
4.3311,10
4.3322,10
4.3334,10
4.3346,10
4.3357,10
4.3369,10
4.3381,10
4.3392,10
4.3404,10
4.3416,10
4.3428,10
4.3439,10
4.3451,10
4.3463,10
4.3474,10
4.3486,10
4.3498,10
4.3509,10
4.3521,10
4.3533,10
4.3544,10
4.3556,10
4.3568,10
4.3579,10
4.3591,10
4.3603,10
4.3614,10
4.3626,10
4.3638,10
4.3649,10
4.3661,10
4.3673,10
4.3684,10
4.3696,10
4.3708,10
4.3719,10
4.3731,10
4.3743,10
4.3754,10
4.3766,10
4.3778,10
4.3789,10
4.3801,10
4.3813,10
4.3824,10
4.3836,10
4.3848,10
4.3859,10
4.3871,10
4.3883,10
4.3894,10
4.3906,10
4.3918,10
4.3929,10
4.3941,10
4.3953,10
4.3965,10
4.3976,10
4.3988,10
4.4,10
4.4011,10
4.4023,10
4.4035,10
4.4046,10
4.4058,10
4.407,10
4.4081,10
4.4093,10
4.4105,10
4.4116,10
4.4128,10
4.414,10
4.4151,10
4.4163,10
4.4175,10
4.4186,10
4.4198,10
4.421,10
4.4221,10
4.4233,10
4.4245,10
4.4256,10
4.4268,10
4.428,10
4.4291,10
4.4303,10
4.4315,10
4.4326,10
4.4338,10
4.435,10
4.4361,10
4.4373,10
4.4385,10
4.4396,10
4.4408,10
4.442,10
4.4431,10
4.4443,10
4.4455,10
4.4466,10
4.4478,10
4.449,10
4.4502,10
4.4513,10
4.4525,10
4.4537,10
4.4548,10
4.456,10
4.4572,10
4.4583,10
4.4595,10
4.4607,10
4.4618,10
4.463,10
4.4642,10
4.4653,10
4.4665,10
4.4677,10
4.4688,10
4.47,10
4.4712,10
4.4723,10
4.4735,10
4.4747,10
4.4758,10
4.477,10
4.4782,10
4.4793,10
4.4805,10
4.4817,10
4.4828,10
4.484,10
4.4852,10
4.4863,10
4.4875,10
4.4887,10
4.4898,10
4.491,10
4.4922,10
4.4933,10
4.4945,10
4.4957,10
4.4968,10
4.498,10
4.4992,10
4.5004,10
4.5015,10
4.5027,10
4.5039,10
4.505,10
4.5062,10
4.5074,10
4.5085,10
4.5097,10
4.5109,10
4.512,10
4.5132,10
4.5144,10
4.5155,10
4.5167,10
4.5179,10
4.519,10
4.5202,10
4.5214,10
4.5225,10
4.5237,10
4.5249,10
4.526,10
4.5272,10
4.5284,10
4.5295,10
4.5307,10
4.5319,10
4.533,10
4.5342,10
4.5354,10
4.5365,10
4.5377,10
4.5389,10
4.54,10
4.5412,10
4.5424,10
4.5435,10
4.5447,10
4.5459,10
4.547,10
4.5482,10
4.5494,10
4.5505,10
4.5517,10
4.5529,10
4.5541,10
4.5552,10
4.5564,10
4.5576,10
4.5587,10
4.5599,10
4.5611,10
4.5622,10
4.5634,10
4.5646,10
4.5657,10
4.5669,10
4.5681,10
4.5692,10
4.5704,10
4.5716,10
4.5727,10
4.5739,10
4.5751,10
4.5762,10
4.5774,10
4.5786,10
4.5797,10
4.5809,10
4.5821,10
4.5832,10
4.5844,10
4.5856,10
4.5867,10
4.5879,10
4.5891,10
4.5902,10
4.5914,10
4.5926,10
4.5937,10
4.5949,10
4.5961,10
4.5972,10
4.5984,10
4.5996,10
4.6007,10
4.6019,10
4.6031,10
4.6042,10
4.6054,10
4.6066,10
4.6078,10
4.6089,10
4.6101,10
4.6113,10
4.6124,10
4.6136,10
4.6148,10
4.6159,10
4.6171,10
4.6183,10
4.6194,10
4.6206,10
4.6218,10
4.6229,10
4.6241,10
4.6253,10
4.6264,10
4.6276,10
4.6288,10
4.6299,10
4.6311,10
4.6323,10
4.6334,10
4.6346,10
4.6358,10
4.6369,10
4.6381,10
4.6393,10
4.6404,10
4.6416,10
4.6428,10
4.6439,10
4.6451,10
4.6463,10
4.6474,10
4.6486,10
4.6498,10
4.6509,10
4.6521,10
4.6533,10
4.6544,10
4.6556,10
4.6568,10
4.658,10
4.6591,10
4.6603,10
4.6615,10
4.6626,10
4.6638,10
4.665,10
4.6661,10
4.6673,10
4.6685,10
4.6696,10
4.6708,10
4.672,10
4.6731,10
4.6743,10
4.6755,10
4.6766,10
4.6778,10
4.679,10
4.6801,10
4.6813,10
4.6825,10
4.6836,10
4.6848,10
4.686,10
4.6871,10
4.6883,10
4.6895,10
4.6906,10
4.6918,10
4.693,10
4.6941,10
4.6953,10
4.6965,10
4.6976,10
4.6988,10
4.7,10
4.7011,10
4.7023,10
4.7035,10
4.7046,10
4.7058,10
4.707,10
4.7081,10
4.7093,10
4.7105,10
4.7117,10
4.7128,10
4.714,10
4.7152,10
4.7163,10
4.7175,10
4.7187,10
4.7198,10
4.721,10
4.7222,10
4.7233,10
4.7245,10
4.7257,10
4.7268,10
4.728,10
4.7292,10
4.7303,10
4.7315,10
4.7327,10
4.7338,10
4.735,10
4.7362,10
4.7373,10
4.7385,10
4.7397,10
4.7408,10
4.742,10
4.7432,10
4.7443,10
4.7455,10
4.7467,10
4.7478,10
4.749,10
4.7502,10
4.7513,10
4.7525,10
4.7537,10
4.7548,10
4.756,10
4.7572,10
4.7583,10
4.7595,10
4.7607,10
4.7618,10
4.763,10
4.7642,10
4.7654,10
4.7665,10
4.7677,10
4.7689,10
4.77,10
4.7712,10
4.7724,10
4.7735,10
4.7747,10
4.7759,10
4.777,10
4.7782,10
4.7794,10
4.7805,10
4.7817,10
4.7829,10
4.784,10
4.7852,10
4.7864,10
4.7875,10
4.7887,10
4.7899,10
4.791,10
4.7922,10
4.7934,10
4.7945,10
4.7957,10
4.7969,10
4.798,10
4.7992,10
4.8004,10
4.8015,10
4.8027,10
4.8039,10
4.805,10
4.8062,10
4.8074,10
4.8085,10
4.8097,10
4.8109,10
4.812,10
4.8132,10
4.8144,10
4.8155,10
4.8167,10
4.8179,10
4.8191,10
4.8202,10
4.8214,10
4.8226,10
4.8237,10
4.8249,10
4.8261,10
4.8272,10
4.8284,10
4.8296,10
4.8307,10
4.8319,10
4.8331,10
4.8342,10
4.8354,10
4.8366,10
4.8377,10
4.8389,10
4.8401,10
4.8412,10
4.8424,10
4.8436,10
4.8447,10
4.8459,10
4.8471,10
4.8482,10
4.8494,10
4.8506,10
4.8517,10
4.8529,10
4.8541,10
4.8552,10
4.8564,10
4.8576,10
4.8587,10
4.8599,10
4.8611,10
4.8622,10
4.8634,10
4.8646,10
4.8657,10
4.8669,10
4.8681,10
4.8693,10
4.8704,10
4.8716,10
4.8728,10
4.8739,10
4.8751,10
4.8763,10
4.8774,10
4.8786,10
4.8798,10
4.8809,10
4.8821,10
4.8833,10
4.8844,10
4.8856,10
4.8868,10
4.8879,10
4.8891,10
4.8903,10
4.8914,10
4.8926,10
4.8938,10
4.8949,10
4.8961,10
4.8973,10
4.8984,10
4.8996,10
4.9008,10
4.9019,10
4.9031,10
4.9043,10
4.9054,10
4.9066,10
4.9078,10
4.9089,10
4.9101,10
4.9113,10
4.9124,10
4.9136,10
4.9148,10
4.9159,10
4.9171,10
4.9183,10
4.9194,10
4.9206,10
4.9218,10
4.923,10
4.9241,10
4.9253,10
4.9265,10
4.9276,10
4.9288,10
4.93,10
4.9311,10
4.9323,10
4.9335,10
4.9346,10
4.9358,10
4.937,10
4.9381,10
4.9393,10
4.9405,10
4.9416,10
4.9428,10
4.944,10
4.9451,10
4.9463,10
4.9475,10
4.9486,10
4.9498,10
4.951,10
4.9521,10
4.9533,10
4.9545,10
4.9556,10
4.9568,10
4.958,10
4.9591,10
4.9603,10
4.9615,10
4.9626,10
4.9638,10
4.965,10
4.9661,10
4.9673,10
4.9685,10
4.9696,10
4.9708,10
4.972,10
4.9731,10
4.9743,10
4.9755,10
4.9767,10
4.9778,10
4.979,10
4.9802,10
4.9813,10
4.9825,10
4.9837,10
4.9848,10
4.986,10
4.9872,10
4.9883,10
4.9895,10
4.9907,10
4.9918,10
4.993,10
4.9942,10
4.9953,10
4.9965,10
4.9977,10
4.9988,10
5,10
