0,20
0.0011674,20
0.0023348,20
0.0035022,20
0.0046696,20
0.005837,20
0.0070044,20
0.0081718,20
0.0093392,20
0.010507,20
0.011674,20
0.012841,20
0.014009,20
0.015176,20
0.016344,20
0.017511,20
0.018678,20
0.019846,20
0.021013,20
0.022181,20
0.023348,20
0.024516,20
0.025683,20
0.02685,20
0.028018,20
0.029185,20
0.030353,20
0.03152,20
0.032687,20
0.033855,20
0.035022,20
0.03619,20
0.037357,20
0.038524,20
0.039692,20
0.040859,20
0.042027,20
0.043194,20
0.044361,20
0.045529,20
0.046696,20
0.047864,20
0.049031,20
0.050198,20
0.051366,20
0.052533,20
0.053701,20
0.054868,20
0.056035,20
0.057203,20
0.05837,20
0.059538,20
0.060705,20
0.061873,20
0.06304,20
0.064207,20
0.065375,20
0.066542,20
0.06771,20
0.068877,20
0.070044,20
0.071212,20
0.072379,20
0.073547,20
0.074714,20
0.075881,20
0.077049,20
0.078216,20
0.079384,20
0.080551,20
0.081718,20
0.082886,20
0.084053,20
0.085221,20
0.086388,20
0.087555,20
0.088723,20
0.08989,20
0.091058,20
0.092225,20
0.093392,20
0.09456,20
0.095727,20
0.096895,20
0.098062,20
0.09923,20
0.1004,20
0.10156,20
0.10273,20
0.1039,20
0.10507,20
0.10623,20
0.1074,20
0.10857,20
0.10974,20
0.1109,20
0.11207,20
0.11324,20
0.11441,20
0.11557,20
0.11674,20
0.11791,20
0.11908,20
0.12024,20
0.12141,20
0.12258,20
0.12375,20
0.12491,20
0.12608,20
0.12725,20
0.12841,20
0.12958,20
0.13075,20
0.13192,20
0.13308,20
0.13425,20
0.13542,20
0.13659,20
0.13775,20
0.13892,20
0.14009,20
0.14126,20
0.14242,20
0.14359,20
0.14476,20
0.14593,20
0.14709,20
0.14826,20
0.14943,20
0.1506,20
0.15176,20
0.15293,20
0.1541,20
0.15527,20
0.15643,20
0.1576,20
0.15877,20
0.15993,20
0.1611,20
0.16227,20
0.16344,20
0.1646,20
0.16577,20
0.16694,20
0.16811,20
0.16927,20
0.17044,20
0.17161,20
0.17278,20
0.17394,20
0.17511,20
0.17628,20
0.17745,20
0.17861,20
0.17978,20
0.18095,20
0.18212,20
0.18328,20
0.18445,20
0.18562,20
0.18678,20
0.18795,20
0.18912,20
0.19029,20
0.19145,20
0.19262,20
0.19379,20
0.19496,20
0.19612,20
0.19729,20
0.19846,20
0.19963,20
0.20079,20
0.20196,20
0.20313,20
0.2043,20
0.20546,20
0.20663,20
0.2078,20
0.20897,20
0.21013,20
0.2113,20
0.21247,20
0.21364,20
0.2148,20
0.21597,20
0.21714,20
0.2183,20
0.21947,20
0.22064,20
0.22181,20
0.22297,20
0.22414,20
0.22531,20
0.22648,20
0.22764,20
0.22881,20
0.22998,20
0.23115,20
0.23231,20
0.23348,20
0.23465,20
0.23582,20
0.23698,20
0.23815,20
0.23932,20
0.24049,20
0.24165,20
0.24282,20
0.24399,20
0.24516,20
0.24632,20
0.24749,20
0.24866,20
0.24982,20
0.25099,20
0.25216,20
0.25333,20
0.25449,20
0.25566,20
0.25683,20
0.258,20
0.25916,20
0.26033,20
0.2615,20
0.26267,20
0.26383,20
0.265,20
0.26617,20
0.26734,20
0.2685,20
0.26967,20
0.27084,20
0.27201,20
0.27317,20
0.27434,20
0.27551,20
0.27668,20
0.27784,20
0.27901,20
0.28018,20
0.28134,20
0.28251,20
0.28368,20
0.28485,20
0.28601,20
0.28718,20
0.28835,20
0.28952,20
0.29068,20
0.29185,20
0.29302,20
0.29419,20
0.29535,20
0.29652,20
0.29769,20
0.29886,20
0.30002,20
0.30119,20
0.30236,20
0.30353,20
0.30469,20
0.30586,20
0.30703,20
0.3082,20
0.30936,20
0.31053,20
0.3117,20
0.31286,20
0.31403,20
0.3152,20
0.31637,20
0.31753,20
0.3187,20
0.31987,20
0.32104,20
0.3222,20
0.32337,20
0.32454,20
0.32571,20
0.32687,20
0.32804,20
0.32921,20
0.33038,20
0.33154,20
0.33271,20
0.33388,20
0.33505,20
0.33621,20
0.33738,20
0.33855,20
0.33972,20
0.34088,20
0.34205,20
0.34322,20
0.34438,20
0.34555,20
0.34672,20
0.34789,20
0.34905,20
0.35022,20
0.35139,20
0.35256,20
0.35372,20
0.35489,20
0.35606,20
0.35723,20
0.35839,20
0.35956,20
0.36073,20
0.3619,20
0.36306,20
0.36423,20
0.3654,20
0.36657,20
0.36773,20
0.3689,20
0.37007,20
0.37124,20
0.3724,20
0.37357,20
0.37474,20
0.3759,20
0.37707,20
0.37824,20
0.37941,20
0.38057,20
0.38174,20
0.38291,20
0.38408,20
0.38524,20
0.38641,20
0.38758,20
0.38875,20
0.38991,20
0.39108,20
0.39225,20
0.39342,20
0.39458,20
0.39575,20
0.39692,20
0.39809,20
0.39925,20
0.40042,20
0.40159,20
0.40276,20
0.40392,20
0.40509,20
0.40626,20
0.40742,20
0.40859,20
0.40976,20
0.41093,20
0.41209,20
0.41326,20
0.41443,20
0.4156,20
0.41676,20
0.41793,20
0.4191,20
0.42027,20
0.42143,20
0.4226,20
0.42377,20
0.42494,20
0.4261,20
0.42727,20
0.42844,20
0.42961,20
0.43077,20
0.43194,20
0.43311,20
0.43428,20
0.43544,20
0.43661,20
0.43778,20
0.43894,20
0.44011,20
0.44128,20
0.44245,20
0.44361,20
0.44478,20
0.44595,20
0.44712,20
0.44828,20
0.44945,20
0.45062,20
0.45179,20
0.45295,20
0.45412,20
0.45529,20
0.45646,20
0.45762,20
0.45879,20
0.45996,20
0.46113,20
0.46229,20
0.46346,20
0.46463,20
0.4658,20
0.46696,20
0.46813,20
0.4693,20
0.47046,20
0.47163,20
0.4728,20
0.47397,20
0.47513,20
0.4763,20
0.47747,20
0.47864,20
0.4798,20
0.48097,20
0.48214,20
0.48331,20
0.48447,20
0.48564,20
0.48681,20
0.48798,20
0.48914,20
0.49031,20
0.49148,20
0.49265,20
0.49381,20
0.49498,20
0.49615,20
0.49731,20
0.49848,20
0.49965,20
0.50082,20
0.50198,20
0.50315,20
0.50432,20
0.50549,20
0.50665,20
0.50782,20
0.50899,20
0.51016,20
0.51132,20
0.51249,20
0.51366,20
0.51483,20
0.51599,20
0.51716,20
0.51833,20
0.5195,20
0.52066,20
0.52183,20
0.523,20
0.52417,20
0.52533,20
0.5265,20
0.52767,20
0.52883,20
0.53,20
0.53117,20
0.53234,20
0.5335,20
0.53467,20
0.53584,20
0.53701,20
0.53817,20
0.53934,20
0.54051,20
0.54168,20
0.54284,20
0.54401,20
0.54518,20
0.54635,20
0.54751,20
0.54868,20
0.54985,20
0.55102,20
0.55218,20
0.55335,20
0.55452,20
0.55569,20
0.55685,20
0.55802,20
0.55919,20
0.56035,20
0.56152,20
0.56269,20
0.56386,20
0.56502,20
0.56619,20
0.56736,20
0.56853,20
0.56969,20
0.57086,20
0.57203,20
0.5732,20
0.57436,20
0.57553,20
0.5767,20
0.57787,20
0.57903,20
0.5802,20
0.58137,20
0.58254,20
0.5837,20
0.58487,20
0.58604,20
0.58721,20
0.58837,20
0.58954,20
0.59071,20
0.59187,20
0.59304,20
0.59421,20
0.59538,20
0.59654,20
0.59771,20
0.59888,20
0.60005,20
0.60121,20
0.60238,20
0.60355,20
0.60472,20
0.60588,20
0.60705,20
0.60822,20
0.60939,20
0.61055,20
0.61172,20
0.61289,20
0.61406,20
0.61522,20
0.61639,20
0.61756,20
0.61873,20
0.61989,20
0.62106,20
0.62223,20
0.62339,20
0.62456,20
0.62573,20
0.6269,20
0.62806,20
0.62923,20
0.6304,20
0.63157,20
0.63273,20
0.6339,20
0.63507,20
0.63624,20
0.6374,20
0.63857,20
0.63974,20
0.64091,20
0.64207,20
0.64324,20
0.64441,20
0.64558,20
0.64674,20
0.64791,20
0.64908,20
0.65025,20
0.65141,20
0.65258,20
0.65375,20
0.65491,20
0.65608,20
0.65725,20
0.65842,20
0.65958,20
0.66075,20
0.66192,20
0.66309,20
0.66425,20
0.66542,20
0.66659,20
0.66776,20
0.66892,20
0.67009,20
0.67126,20
0.67243,20
0.67359,20
0.67476,20
0.67593,20
0.6771,20
0.67826,20
0.67943,20
0.6806,20
0.68177,20
0.68293,20
0.6841,20
0.68527,20
0.68643,20
0.6876,20
0.68877,20
0.68994,20
0.6911,20
0.69227,20
0.69344,20
0.69461,20
0.69577,20
0.69694,20
0.69811,20
0.69928,20
0.70044,20
0.70161,20
0.70278,20
0.70395,20
0.70511,20
0.70628,20
0.70745,20
0.70862,20
0.70978,20
0.71095,20
0.71212,20
0.71329,20
0.71445,20
0.71562,20
0.71679,20
0.71795,20
0.71912,20
0.72029,20
0.72146,20
0.72262,20
0.72379,20
0.72496,20
0.72613,20
0.72729,20
0.72846,20
0.72963,20
0.7308,20
0.73196,20
0.73313,20
0.7343,20
0.73547,20
0.73663,20
0.7378,20
0.73897,20
0.74014,20
0.7413,20
0.74247,20
0.74364,20
0.74481,20
0.74597,20
0.74714,20
0.74831,20
0.74947,20
0.75064,20
0.75181,20
0.75298,20
0.75414,20
0.75531,20
0.75648,20
0.75765,20
0.75881,20
0.75998,20
0.76115,20
0.76232,20
0.76348,20
0.76465,20
0.76582,20
0.76699,20
0.76815,20
0.76932,20
0.77049,20
0.77166,20
0.77282,20
0.77399,20
0.77516,20
0.77633,20
0.77749,20
0.77866,20
0.77983,20
0.78099,20
0.78216,20
0.78333,20
0.7845,20
0.78566,20
0.78683,20
0.788,20
0.78917,20
0.79033,20
0.7915,20
0.79267,20
0.79384,20
0.795,20
0.79617,20
0.79734,20
0.79851,20
0.79967,20
0.80084,20
0.80201,20
0.80318,20
0.80434,20
0.80551,20
0.80668,20
0.80784,20
0.80901,20
0.81018,20
0.81135,20
0.81251,20
0.81368,20
0.81485,20
0.81602,20
0.81718,20
0.81835,20
0.81952,20
0.82069,20
0.82185,20
0.82302,20
0.82419,20
0.82536,20
0.82652,20
0.82769,20
0.82886,20
0.83003,20
0.83119,20
0.83236,20
0.83353,20
0.8347,20
0.83586,20
0.83703,20
0.8382,20
0.83936,20
0.84053,20
0.8417,20
0.84287,20
0.84403,20
0.8452,20
0.84637,20
0.84754,20
0.8487,20
0.84987,20
0.85104,20
0.85221,20
0.85337,20
0.85454,20
0.85571,20
0.85688,20
0.85804,20
0.85921,20
0.86038,20
0.86155,20
0.86271,20
0.86388,20
0.86505,20
0.86622,20
0.86738,20
0.86855,20
0.86972,20
0.87088,20
0.87205,20
0.87322,20
0.87439,20
0.87555,20
0.87672,20
0.87789,20
0.87906,20
0.88022,20
0.88139,20
0.88256,20
0.88373,20
0.88489,20
0.88606,20
0.88723,20
0.8884,20
0.88956,20
0.89073,20
0.8919,20
0.89307,20
0.89423,20
0.8954,20
0.89657,20
0.89774,20
0.8989,20
0.90007,20
0.90124,20
0.9024,20
0.90357,20
0.90474,20
0.90591,20
0.90707,20
0.90824,20
0.90941,20
0.91058,20
0.91174,20
0.91291,20
0.91408,20
0.91525,20
0.91641,20
0.91758,20
0.91875,20
0.91992,20
0.92108,20
0.92225,20
0.92342,20
0.92459,20
0.92575,20
0.92692,20
0.92809,20
0.92926,20
0.93042,20
0.93159,20
0.93276,20
0.93392,20
0.93509,20
0.93626,20
0.93743,20
0.93859,20
0.93976,20
0.94093,20
0.9421,20
0.94326,20
0.94443,20
0.9456,20
0.94677,20
0.94793,20
0.9491,20
0.95027,20
0.95144,20
0.9526,20
0.95377,20
0.95494,20
0.95611,20
0.95727,20
0.95844,20
0.95961,20
0.96078,20
0.96194,20
0.96311,20
0.96428,20
0.96544,20
0.96661,20
0.96778,20
0.96895,20
0.97011,20
0.97128,20
0.97245,20
0.97362,20
0.97478,20
0.97595,20
0.97712,20
0.97829,20
0.97945,20
0.98062,20
0.98179,20
0.98296,20
0.98412,20
0.98529,20
0.98646,20
0.98763,20
0.98879,20
0.98996,20
0.99113,20
0.9923,20
0.99346,20
0.99463,20
0.9958,20
0.99696,20
0.99813,20
0.9993,20
1.0005,20
1.0016,20
1.0028,20
1.004,20
1.0051,20
1.0063,20
1.0075,20
1.0086,20
1.0098,20
1.011,20
1.0121,20
1.0133,20
1.0145,20
1.0156,20
1.0168,20
1.018,20
1.0191,20
1.0203,20
1.0215,20
1.0226,20
1.0238,20
1.025,20
1.0261,20
1.0273,20
1.0285,20
1.0297,20
1.0308,20
1.032,20
1.0332,20
1.0343,20
1.0355,20
1.0367,20
1.0378,20
1.039,20
1.0402,20
1.0413,20
1.0425,20
1.0437,20
1.0448,20
1.046,20
1.0472,20
1.0483,20
1.0495,20
1.0507,20
1.0518,20
1.053,20
1.0542,20
1.0553,20
1.0565,20
1.0577,20
1.0588,20
1.06,20
1.0612,20
1.0623,20
1.0635,20
1.0647,20
1.0658,20
1.067,20
1.0682,20
1.0693,20
1.0705,20
1.0717,20
1.0728,20
1.074,20
1.0752,20
1.0763,20
1.0775,20
1.0787,20
1.0799,20
1.081,20
1.0822,20
1.0834,20
1.0845,20
1.0857,20
1.0869,20
1.088,20
1.0892,20
1.0904,20
1.0915,20
1.0927,20
1.0939,20
1.095,20
1.0962,20
1.0974,20
1.0985,20
1.0997,20
1.1009,20
1.102,20
1.1032,20
1.1044,20
1.1055,20
1.1067,20
1.1079,20
1.109,20
1.1102,20
1.1114,20
1.1125,20
1.1137,20
1.1149,20
1.116,20
1.1172,20
1.1184,20
1.1195,20
1.1207,20
1.1219,20
1.123,20
1.1242,20
1.1254,20
1.1265,20
1.1277,20
1.1289,20
1.13,20
1.1312,20
1.1324,20
1.1336,20
1.1347,20
1.1359,20
1.1371,20
1.1382,20
1.1394,20
1.1406,20
1.1417,20
1.1429,20
1.1441,20
1.1452,20
1.1464,20
1.1476,20
1.1487,20
1.1499,20
1.1511,20
1.1522,20
1.1534,20
1.1546,20
1.1557,20
1.1569,20
1.1581,20
1.1592,20
1.1604,20
1.1616,20
1.1627,20
1.1639,20
1.1651,20
1.1662,20
1.1674,20
1.1686,20
1.1697,20
1.1709,20
1.1721,20
1.1732,20
1.1744,20
1.1756,20
1.1767,20
1.1779,20
1.1791,20
1.1802,20
1.1814,20
1.1826,20
1.1837,20
1.1849,20
1.1861,20
1.1873,20
1.1884,20
1.1896,20
1.1908,20
1.1919,20
1.1931,20
1.1943,20
1.1954,20
1.1966,20
1.1978,20
1.1989,20
1.2001,20
1.2013,20
1.2024,20
1.2036,20
1.2048,20
1.2059,20
1.2071,20
1.2083,20
1.2094,20
1.2106,20
1.2118,20
1.2129,20
1.2141,20
1.2153,20
1.2164,20
1.2176,20
1.2188,20
1.2199,20
1.2211,20
1.2223,20
1.2234,20
1.2246,20
1.2258,20
1.2269,20
1.2281,20
1.2293,20
1.2304,20
1.2316,20
1.2328,20
1.2339,20
1.2351,20
1.2363,20
1.2375,20
1.2386,20
1.2398,20
1.241,20
1.2421,20
1.2433,20
1.2445,20
1.2456,20
1.2468,20
1.248,20
1.2491,20
1.2503,20
1.2515,20
1.2526,20
1.2538,20
1.255,20
1.2561,20
1.2573,20
1.2585,20
1.2596,20
1.2608,20
1.262,20
1.2631,20
1.2643,20
1.2655,20
1.2666,20
1.2678,20
1.269,20
1.2701,20
1.2713,20
1.2725,20
1.2736,20
1.2748,20
1.276,20
1.2771,20
1.2783,20
1.2795,20
1.2806,20
1.2818,20
1.283,20
1.2841,20
1.2853,20
1.2865,20
1.2876,20
1.2888,20
1.29,20
1.2912,20
1.2923,20
1.2935,20
1.2947,20
1.2958,20
1.297,20
1.2982,20
1.2993,20
1.3005,20
1.3017,20
1.3028,20
1.304,20
1.3052,20
1.3063,20
1.3075,20
1.3087,20
1.3098,20
1.311,20
1.3122,20
1.3133,20
1.3145,20
1.3157,20
1.3168,20
1.318,20
1.3192,20
1.3203,20
1.3215,20
1.3227,20
1.3238,20
1.325,20
1.3262,20
1.3273,20
1.3285,20
1.3297,20
1.3308,20
1.332,20
1.3332,20
1.3343,20
1.3355,20
1.3367,20
1.3378,20
1.339,20
1.3402,20
1.3413,20
1.3425,20
1.3437,20
1.3449,20
1.346,20
1.3472,20
1.3484,20
1.3495,20
1.3507,20
1.3519,20
1.353,20
1.3542,20
1.3554,20
1.3565,20
1.3577,20
1.3589,20
1.36,20
1.3612,20
1.3624,20
1.3635,20
1.3647,20
1.3659,20
1.367,20
1.3682,20
1.3694,20
1.3705,20
1.3717,20
1.3729,20
1.374,20
1.3752,20
1.3764,20
1.3775,20
1.3787,20
1.3799,20
1.381,20
1.3822,20
1.3834,20
1.3845,20
1.3857,20
1.3869,20
1.388,20
1.3892,20
1.3904,20
1.3915,20
1.3927,20
1.3939,20
1.3951,20
1.3962,20
1.3974,20
1.3986,20
1.3997,20
1.4009,20
1.4021,20
1.4032,20
1.4044,20
1.4056,20
1.4067,20
1.4079,20
1.4091,20
1.4102,20
1.4114,20
1.4126,20
1.4137,20
1.4149,20
1.4161,20
1.4172,20
1.4184,20
1.4196,20
1.4207,20
1.4219,20
1.4231,20
1.4242,20
1.4254,20
1.4266,20
1.4277,20
1.4289,20
1.4301,20
1.4312,20
1.4324,20
1.4336,20
1.4347,20
1.4359,20
1.4371,20
1.4382,20
1.4394,20
1.4406,20
1.4417,20
1.4429,20
1.4441,20
1.4452,20
1.4464,20
1.4476,20
1.4488,20
1.4499,20
1.4511,20
1.4523,20
1.4534,20
1.4546,20
1.4558,20
1.4569,20
1.4581,20
1.4593,20
1.4604,20
1.4616,20
1.4628,20
1.4639,20
1.4651,20
1.4663,20
1.4674,20
1.4686,20
1.4698,20
1.4709,20
1.4721,20
1.4733,20
1.4744,20
1.4756,20
1.4768,20
1.4779,20
1.4791,20
1.4803,20
1.4814,20
1.4826,20
1.4838,20
1.4849,20
1.4861,20
1.4873,20
1.4884,20
1.4896,20
1.4908,20
1.4919,20
1.4931,20
1.4943,20
1.4954,20
1.4966,20
1.4978,20
1.4989,20
1.5001,20
1.5013,20
1.5025,20
1.5036,20
1.5048,20
1.506,20
1.5071,20
1.5083,20
1.5095,20
1.5106,20
1.5118,20
1.513,20
1.5141,20
1.5153,20
1.5165,20
1.5176,20
1.5188,20
1.52,20
1.5211,20.001
1.5223,20.001
1.5235,20.001
1.5246,20.001
1.5258,20.001
1.527,20.001
1.5281,20.001
1.5293,20.001
1.5305,20.001
1.5316,20.001
1.5328,20.001
1.534,20.002
1.5351,20.002
1.5363,20.002
1.5375,20.002
1.5386,20.002
1.5398,20.002
1.541,20.002
1.5421,20.003
1.5433,20.003
1.5445,20.003
1.5456,20.003
1.5468,20.003
1.548,20.004
1.5491,20.004
1.5503,20.004
1.5515,20.004
1.5527,20.005
1.5538,20.005
1.555,20.005
1.5562,20.005
1.5573,20.006
1.5585,20.006
1.5597,20.006
1.5608,20.007
1.562,20.007
1.5632,20.007
1.5643,20.008
1.5655,20.008
1.5667,20.008
1.5678,20.009
1.569,20.009
1.5702,20.01
1.5713,20.01
1.5725,20.01
1.5737,20.011
1.5748,20.011
1.576,20.012
1.5772,20.012
1.5783,20.013
1.5795,20.013
1.5807,20.014
1.5818,20.014
1.583,20.015
1.5842,20.015
1.5853,20.016
1.5865,20.016
1.5877,20.017
1.5888,20.018
1.59,20.018
1.5912,20.019
1.5923,20.019
1.5935,20.02
1.5947,20.021
1.5958,20.021
1.597,20.022
1.5982,20.023
1.5993,20.023
1.6005,20.024
1.6017,20.025
1.6028,20.026
1.604,20.026
1.6052,20.027
1.6064,20.028
1.6075,20.029
1.6087,20.029
1.6099,20.03
1.611,20.031
1.6122,20.032
1.6134,20.033
1.6145,20.034
1.6157,20.035
1.6169,20.036
1.618,20.037
1.6192,20.037
1.6204,20.038
1.6215,20.039
1.6227,20.04
1.6239,20.041
1.625,20.042
1.6262,20.043
1.6274,20.045
1.6285,20.046
1.6297,20.047
1.6309,20.048
1.632,20.049
1.6332,20.05
1.6344,20.051
1.6355,20.052
1.6367,20.053
1.6379,20.054
1.639,20.056
1.6402,20.057
1.6414,20.058
1.6425,20.059
1.6437,20.06
1.6449,20.061
1.646,20.063
1.6472,20.064
1.6484,20.065
1.6495,20.066
1.6507,20.068
1.6519,20.069
1.653,20.07
1.6542,20.071
1.6554,20.073
1.6565,20.074
1.6577,20.075
1.6589,20.076
1.6601,20.078
1.6612,20.079
1.6624,20.08
1.6636,20.082
1.6647,20.083
1.6659,20.084
1.6671,20.086
1.6682,20.087
1.6694,20.089
1.6706,20.09
1.6717,20.091
1.6729,20.093
1.6741,20.094
1.6752,20.096
1.6764,20.097
1.6776,20.098
1.6787,20.1
1.6799,20.101
1.6811,20.103
1.6822,20.104
1.6834,20.106
1.6846,20.107
1.6857,20.109
1.6869,20.11
1.6881,20.112
1.6892,20.113
1.6904,20.115
1.6916,20.116
1.6927,20.118
1.6939,20.119
1.6951,20.121
1.6962,20.123
1.6974,20.124
1.6986,20.126
1.6997,20.127
1.7009,20.129
1.7021,20.131
1.7032,20.132
1.7044,20.134
1.7056,20.136
1.7067,20.137
1.7079,20.139
1.7091,20.141
1.7102,20.142
1.7114,20.144
1.7126,20.146
1.7138,20.147
1.7149,20.149
1.7161,20.151
1.7173,20.153
1.7184,20.154
1.7196,20.156
1.7208,20.158
1.7219,20.16
1.7231,20.162
1.7243,20.163
1.7254,20.165
1.7266,20.167
1.7278,20.169
1.7289,20.171
1.7301,20.173
1.7313,20.174
1.7324,20.176
1.7336,20.178
1.7348,20.18
1.7359,20.182
1.7371,20.184
1.7383,20.186
1.7394,20.188
1.7406,20.19
1.7418,20.192
1.7429,20.194
1.7441,20.196
1.7453,20.198
1.7464,20.2
1.7476,20.202
1.7488,20.204
1.7499,20.206
1.7511,20.208
1.7523,20.21
1.7534,20.212
1.7546,20.214
1.7558,20.216
1.7569,20.218
1.7581,20.22
1.7593,20.222
1.7604,20.224
1.7616,20.226
1.7628,20.229
1.764,20.231
1.7651,20.233
1.7663,20.235
1.7675,20.237
1.7686,20.24
1.7698,20.242
1.771,20.244
1.7721,20.246
1.7733,20.248
1.7745,20.251
1.7756,20.253
1.7768,20.255
1.778,20.257
1.7791,20.26
1.7803,20.262
1.7815,20.264
1.7826,20.267
1.7838,20.269
1.785,20.271
1.7861,20.274
1.7873,20.276
1.7885,20.279
1.7896,20.281
1.7908,20.283
1.792,20.286
1.7931,20.288
1.7943,20.291
1.7955,20.293
1.7966,20.296
1.7978,20.298
1.799,20.301
1.8001,20.303
1.8013,20.306
1.8025,20.308
1.8036,20.311
1.8048,20.313
1.806,20.316
1.8071,20.318
1.8083,20.321
1.8095,20.324
1.8106,20.326
1.8118,20.329
1.813,20.331
1.8141,20.334
1.8153,20.337
1.8165,20.339
1.8177,20.342
1.8188,20.345
1.82,20.348
1.8212,20.35
1.8223,20.353
1.8235,20.356
1.8247,20.358
1.8258,20.361
1.827,20.364
1.8282,20.367
1.8293,20.37
1.8305,20.372
1.8317,20.375
1.8328,20.378
1.834,20.381
1.8352,20.384
1.8363,20.387
1.8375,20.39
1.8387,20.393
1.8398,20.395
1.841,20.398
1.8422,20.401
1.8433,20.404
1.8445,20.407
1.8457,20.41
1.8468,20.413
1.848,20.416
1.8492,20.419
1.8503,20.422
1.8515,20.425
1.8527,20.429
1.8538,20.432
1.855,20.435
1.8562,20.438
1.8573,20.441
1.8585,20.444
1.8597,20.447
1.8608,20.45
1.862,20.454
1.8632,20.457
1.8643,20.46
1.8655,20.463
1.8667,20.466
1.8678,20.47
1.869,20.473
1.8702,20.476
1.8714,20.48
1.8725,20.483
1.8737,20.486
1.8749,20.49
1.876,20.493
1.8772,20.496
1.8784,20.5
1.8795,20.503
1.8807,20.506
1.8819,20.51
1.883,20.513
1.8842,20.517
1.8854,20.52
1.8865,20.524
1.8877,20.527
1.8889,20.531
1.89,20.534
1.8912,20.538
1.8924,20.541
1.8935,20.545
1.8947,20.548
1.8959,20.552
1.897,20.556
1.8982,20.559
1.8994,20.563
1.9005,20.567
1.9017,20.57
1.9029,20.574
1.904,20.578
1.9052,20.581
1.9064,20.585
1.9075,20.589
1.9087,20.593
1.9099,20.596
1.911,20.6
1.9122,20.604
1.9134,20.608
1.9145,20.612
1.9157,20.616
1.9169,20.619
1.918,20.623
1.9192,20.627
1.9204,20.631
1.9216,20.635
1.9227,20.639
1.9239,20.643
1.9251,20.647
1.9262,20.651
1.9274,20.655
1.9286,20.659
1.9297,20.663
1.9309,20.667
1.9321,20.671
1.9332,20.676
1.9344,20.68
1.9356,20.684
1.9367,20.688
1.9379,20.692
1.9391,20.696
1.9402,20.701
1.9414,20.705
1.9426,20.709
1.9437,20.713
1.9449,20.718
1.9461,20.722
1.9472,20.726
1.9484,20.731
1.9496,20.735
1.9507,20.739
1.9519,20.744
1.9531,20.748
1.9542,20.753
1.9554,20.757
1.9566,20.761
1.9577,20.766
1.9589,20.77
1.9601,20.775
1.9612,20.779
1.9624,20.784
1.9636,20.789
1.9647,20.793
1.9659,20.798
1.9671,20.802
1.9682,20.807
1.9694,20.812
1.9706,20.816
1.9717,20.821
1.9729,20.826
1.9741,20.831
1.9753,20.835
1.9764,20.84
1.9776,20.845
1.9788,20.85
1.9799,20.855
1.9811,20.859
1.9823,20.864
1.9834,20.869
1.9846,20.874
1.9858,20.879
1.9869,20.884
1.9881,20.889
1.9893,20.894
1.9904,20.899
1.9916,20.904
1.9928,20.909
1.9939,20.914
1.9951,20.919
1.9963,20.924
1.9974,20.93
1.9986,20.935
1.9998,20.94
2.0009,20.945
2.0021,20.95
2.0033,20.955
2.0044,20.961
2.0056,20.966
2.0068,20.971
2.0079,20.977
2.0091,20.982
2.0103,20.987
2.0114,20.993
2.0126,20.998
2.0138,21.004
2.0149,21.009
2.0161,21.014
2.0173,21.02
2.0184,21.026
2.0196,21.031
2.0208,21.037
2.0219,21.042
2.0231,21.048
2.0243,21.053
2.0254,21.059
2.0266,21.065
2.0278,21.07
2.029,21.076
2.0301,21.082
2.0313,21.088
2.0325,21.093
2.0336,21.099
2.0348,21.105
2.036,21.111
2.0371,21.117
2.0383,21.123
2.0395,21.129
2.0406,21.135
2.0418,21.141
2.043,21.146
2.0441,21.153
2.0453,21.159
2.0465,21.165
2.0476,21.171
2.0488,21.177
2.05,21.183
2.0511,21.189
2.0523,21.195
2.0535,21.201
2.0546,21.208
2.0558,21.214
2.057,21.22
2.0581,21.227
2.0593,21.233
2.0605,21.239
2.0616,21.246
2.0628,21.252
2.064,21.258
2.0651,21.265
2.0663,21.271
2.0675,21.278
2.0686,21.284
2.0698,21.291
2.071,21.298
2.0721,21.304
2.0733,21.311
2.0745,21.317
2.0756,21.324
2.0768,21.331
2.078,21.338
2.0792,21.344
2.0803,21.351
2.0815,21.358
2.0827,21.365
2.0838,21.372
2.085,21.379
2.0862,21.386
2.0873,21.392
2.0885,21.399
2.0897,21.406
2.0908,21.414
2.092,21.421
2.0932,21.428
2.0943,21.435
2.0955,21.442
2.0967,21.449
2.0978,21.456
2.099,21.464
2.1002,21.471
2.1013,21.478
2.1025,21.485
2.1037,21.493
2.1048,21.5
2.106,21.508
2.1072,21.515
2.1083,21.522
2.1095,21.53
2.1107,21.537
2.1118,21.545
2.113,21.553
2.1142,21.56
2.1153,21.568
2.1165,21.575
2.1177,21.583
2.1188,21.591
2.12,21.599
2.1212,21.606
2.1223,21.614
2.1235,21.622
2.1247,21.63
2.1258,21.638
2.127,21.646
2.1282,21.654
2.1293,21.662
2.1305,21.67
2.1317,21.678
2.1329,21.686
2.134,21.694
2.1352,21.702
2.1364,21.711
2.1375,21.719
2.1387,21.727
2.1399,21.735
2.141,21.744
2.1422,21.752
2.1434,21.76
2.1445,21.769
2.1457,21.777
2.1469,21.786
2.148,21.794
2.1492,21.803
2.1504,21.811
2.1515,21.82
2.1527,21.829
2.1539,21.837
2.155,21.846
2.1562,21.855
2.1574,21.864
2.1585,21.873
2.1597,21.881
2.1609,21.89
2.162,21.899
2.1632,21.908
2.1644,21.917
2.1655,21.926
2.1667,21.935
2.1679,21.944
2.169,21.954
2.1702,21.963
2.1714,21.972
2.1725,21.981
2.1737,21.991
2.1749,22
2.176,22.009
2.1772,22.019
2.1784,22.028
2.1795,22.038
2.1807,22.047
2.1819,22.057
2.183,22.066
2.1842,22.076
2.1854,22.086
2.1866,22.095
2.1877,22.105
2.1889,22.115
2.1901,22.125
2.1912,22.134
2.1924,22.144
2.1936,22.154
2.1947,22.164
2.1959,22.174
2.1971,22.184
2.1982,22.195
2.1994,22.205
2.2006,22.215
2.2017,22.225
2.2029,22.235
2.2041,22.246
2.2052,22.256
2.2064,22.266
2.2076,22.277
2.2087,22.287
2.2099,22.298
2.2111,22.308
2.2122,22.319
2.2134,22.33
2.2146,22.34
2.2157,22.351
2.2169,22.362
2.2181,22.372
2.2192,22.383
2.2204,22.394
2.2216,22.405
2.2227,22.416
2.2239,22.427
2.2251,22.438
2.2262,22.449
2.2274,22.461
2.2286,22.472
2.2297,22.483
2.2309,22.494
2.2321,22.506
2.2332,22.517
2.2344,22.528
2.2356,22.54
2.2367,22.551
2.2379,22.563
2.2391,22.575
2.2403,22.586
2.2414,22.598
2.2426,22.61
2.2438,22.621
2.2449,22.633
2.2461,22.645
2.2473,22.657
2.2484,22.669
2.2496,22.681
2.2508,22.693
2.2519,22.705
2.2531,22.718
2.2543,22.73
2.2554,22.742
2.2566,22.754
2.2578,22.767
2.2589,22.779
2.2601,22.792
2.2613,22.804
2.2624,22.817
2.2636,22.83
2.2648,22.842
2.2659,22.855
2.2671,22.868
2.2683,22.881
2.2694,22.894
2.2706,22.906
2.2718,22.92
2.2729,22.933
2.2741,22.946
2.2753,22.959
2.2764,22.972
2.2776,22.985
2.2788,22.999
2.2799,23.012
2.2811,23.025
2.2823,23.039
2.2834,23.053
2.2846,23.066
2.2858,23.08
2.2869,23.094
2.2881,23.107
2.2893,23.121
2.2905,23.135
2.2916,23.149
2.2928,23.163
2.294,23.177
2.2951,23.191
2.2963,23.205
2.2975,23.22
2.2986,23.234
2.2998,23.248
2.301,23.263
2.3021,23.277
2.3033,23.292
2.3045,23.306
2.3056,23.321
2.3068,23.336
2.308,23.35
2.3091,23.365
2.3103,23.38
2.3115,23.395
2.3126,23.41
2.3138,23.425
2.315,23.44
2.3161,23.455
2.3173,23.471
2.3185,23.486
2.3196,23.502
2.3208,23.517
2.322,23.533
2.3231,23.548
2.3243,23.564
2.3255,23.58
2.3266,23.595
2.3278,23.611
2.329,23.627
2.3301,23.643
2.3313,23.659
2.3325,23.675
2.3336,23.692
2.3348,23.708
2.336,23.724
2.3371,23.741
2.3383,23.757
2.3395,23.774
2.3406,23.79
2.3418,23.807
2.343,23.824
2.3442,23.84
2.3453,23.857
2.3465,23.874
2.3477,23.891
2.3488,23.909
2.35,23.926
2.3512,23.943
2.3523,23.96
2.3535,23.978
2.3547,23.995
2.3558,24.013
2.357,24.03
2.3582,24.048
2.3593,24.066
2.3605,24.084
2.3617,24.102
2.3628,24.12
2.364,24.138
2.3652,24.156
2.3663,24.174
2.3675,24.193
2.3687,24.211
2.3698,24.23
2.371,24.248
2.3722,24.267
2.3733,24.286
2.3745,24.304
2.3757,24.323
2.3768,24.342
2.378,24.361
2.3792,24.381
2.3803,24.4
2.3815,24.419
2.3827,24.439
2.3838,24.458
2.385,24.478
2.3862,24.497
2.3873,24.517
2.3885,24.537
2.3897,24.557
2.3908,24.577
2.392,24.597
2.3932,24.617
2.3943,24.637
2.3955,24.658
2.3967,24.678
2.3979,24.699
2.399,24.72
2.4002,24.74
2.4014,24.761
2.4025,24.782
2.4037,24.803
2.4049,24.824
2.406,24.845
2.4072,24.867
2.4084,24.888
2.4095,24.909
2.4107,24.931
2.4119,24.953
2.413,24.975
2.4142,24.996
2.4154,25.018
2.4165,25.041
2.4177,25.063
2.4189,25.085
2.42,25.107
2.4212,25.13
2.4224,25.152
2.4235,25.175
2.4247,25.198
2.4259,25.221
2.427,25.244
2.4282,25.267
2.4294,25.29
2.4305,25.314
2.4317,25.337
2.4329,25.361
2.434,25.384
2.4352,25.408
2.4364,25.432
2.4375,25.456
2.4387,25.48
2.4399,25.504
2.441,25.528
2.4422,25.553
2.4434,25.577
2.4445,25.602
2.4457,25.627
2.4469,25.652
2.4481,25.677
2.4492,25.702
2.4504,25.727
2.4516,25.752
2.4527,25.778
2.4539,25.803
2.4551,25.829
2.4562,25.855
2.4574,25.881
2.4586,25.907
2.4597,25.933
2.4609,25.96
2.4621,25.986
2.4632,26.013
2.4644,26.039
2.4656,26.066
2.4667,26.093
2.4679,26.12
2.4691,26.147
2.4702,26.175
2.4714,26.202
2.4726,26.23
2.4737,26.258
2.4749,26.285
2.4761,26.313
2.4772,26.342
2.4784,26.37
2.4796,26.398
2.4807,26.427
2.4819,26.456
2.4831,26.484
2.4842,26.513
2.4854,26.543
2.4866,26.572
2.4877,26.601
2.4889,26.631
2.4901,26.66
2.4912,26.69
2.4924,26.72
2.4936,26.75
2.4947,26.781
2.4959,26.811
2.4971,26.842
2.4982,26.872
2.4994,26.903
2.5006,26.934
2.5018,26.966
2.5029,26.997
2.5041,27.029
2.5053,27.06
2.5064,27.092
2.5076,27.124
2.5088,27.156
2.5099,27.189
2.5111,27.221
2.5123,27.254
2.5134,27.287
2.5146,27.32
2.5158,27.353
2.5169,27.386
2.5181,27.42
2.5193,27.453
2.5204,27.487
2.5216,27.521
2.5228,27.555
2.5239,27.59
2.5251,27.624
2.5263,27.659
2.5274,27.694
2.5286,27.729
2.5298,27.764
2.5309,27.799
2.5321,27.835
2.5333,27.87
2.5344,27.906
2.5356,27.942
2.5368,27.978
2.5379,28.015
2.5391,28.052
2.5403,28.089
2.5414,28.126
2.5426,28.163
2.5438,28.2
2.5449,28.238
2.5461,28.276
2.5473,28.314
2.5484,28.352
2.5496,28.391
2.5508,28.429
2.5519,28.468
2.5531,28.507
2.5543,28.546
2.5555,28.585
2.5566,28.623
2.5578,28.662
2.559,28.7
2.5601,28.738
2.5613,28.776
2.5625,28.812
2.5636,28.849
2.5648,28.884
2.566,28.918
2.5671,28.952
2.5683,28.984
2.5695,29.015
2.5706,29.044
2.5718,29.072
2.573,29.097
2.5741,29.121
2.5753,29.143
2.5765,29.162
2.5776,29.179
2.5788,29.193
2.58,29.205
2.5811,29.214
2.5823,29.22
2.5835,29.224
2.5846,29.225
2.5858,29.223
2.587,29.218
2.5881,29.21
2.5893,29.199
2.5905,29.186
2.5916,29.169
2.5928,29.15
2.594,29.128
2.5951,29.104
2.5963,29.077
2.5975,29.048
2.5986,29.017
2.5998,28.984
2.601,28.949
2.6021,28.912
2.6033,28.873
2.6045,28.833
2.6057,28.792
2.6068,28.749
2.608,28.705
2.6092,28.661
2.6103,28.615
2.6115,28.568
2.6127,28.521
2.6138,28.473
2.615,28.425
2.6162,28.377
2.6173,28.328
2.6185,28.279
2.6197,28.23
2.6208,28.181
2.622,28.132
2.6232,28.083
2.6243,28.035
2.6255,27.986
2.6267,27.938
2.6278,27.89
2.629,27.842
2.6302,27.794
2.6313,27.747
2.6325,27.7
2.6337,27.653
2.6348,27.607
2.636,27.561
2.6372,27.515
2.6383,27.47
2.6395,27.426
2.6407,27.382
2.6418,27.338
2.643,27.294
2.6442,27.251
2.6453,27.208
2.6465,27.166
2.6477,27.124
2.6488,27.082
2.65,27.041
2.6512,27
2.6523,26.959
2.6535,26.919
2.6547,26.879
2.6558,26.839
2.657,26.8
2.6582,26.762
2.6594,26.723
2.6605,26.685
2.6617,26.648
2.6629,26.61
2.664,26.573
2.6652,26.536
2.6664,26.499
2.6675,26.463
2.6687,26.427
2.6699,26.391
2.671,26.356
2.6722,26.321
2.6734,26.287
2.6745,26.252
2.6757,26.218
2.6769,26.184
2.678,26.151
2.6792,26.118
2.6804,26.085
2.6815,26.052
2.6827,26.019
2.6839,25.987
2.685,25.955
2.6862,25.922
2.6874,25.891
2.6885,25.859
2.6897,25.828
2.6909,25.797
2.692,25.767
2.6932,25.736
2.6944,25.706
2.6955,25.676
2.6967,25.646
2.6979,25.616
2.699,25.587
2.7002,25.557
2.7014,25.527
2.7025,25.498
2.7037,25.469
2.7049,25.441
2.706,25.412
2.7072,25.384
2.7084,25.356
2.7095,25.328
2.7107,25.3
2.7119,25.272
2.7131,25.244
2.7142,25.217
2.7154,25.19
2.7166,25.163
2.7177,25.136
2.7189,25.109
2.7201,25.082
2.7212,25.054
2.7224,25.028
2.7236,25.001
2.7247,24.975
2.7259,24.949
2.7271,24.924
2.7282,24.899
2.7294,24.873
2.7306,24.848
2.7317,24.822
2.7329,24.797
2.7341,24.772
2.7352,24.747
2.7364,24.722
2.7376,24.698
2.7387,24.673
2.7399,24.649
2.7411,24.625
2.7422,24.601
2.7434,24.577
2.7446,24.553
2.7457,24.529
2.7469,24.506
2.7481,24.484
2.7492,24.461
2.7504,24.439
2.7516,24.416
2.7527,24.393
2.7539,24.37
2.7551,24.347
2.7562,24.325
2.7574,24.303
2.7586,24.281
2.7597,24.26
2.7609,24.239
2.7621,24.219
2.7633,24.198
2.7644,24.176
2.7656,24.155
2.7668,24.134
2.7679,24.113
2.7691,24.093
2.7703,24.073
2.7714,24.054
2.7726,24.034
2.7738,24.015
2.7749,23.994
2.7761,23.974
2.7773,23.954
2.7784,23.935
2.7796,23.916
2.7808,23.898
2.7819,23.881
2.7831,23.863
2.7843,23.846
2.7854,23.828
2.7866,23.809
2.7878,23.79
2.7889,23.772
2.7901,23.754
2.7913,23.737
2.7924,23.721
2.7936,23.705
2.7948,23.689
2.7959,23.673
2.7971,23.656
2.7983,23.64
2.7994,23.623
2.8006,23.607
2.8018,23.591
2.8029,23.577
2.8041,23.564
2.8053,23.55
2.8064,23.536
2.8076,23.521
2.8088,23.505
2.8099,23.49
2.8111,23.475
2.8123,23.461
2.8134,23.449
2.8146,23.438
2.8158,23.427
2.817,23.415
2.8181,23.403
2.8193,23.39
2.8205,23.377
2.8216,23.365
2.8228,23.354
2.824,23.344
2.8251,23.335
2.8263,23.325
2.8275,23.316
2.8286,23.305
2.8298,23.293
2.831,23.281
2.8321,23.269
2.8333,23.258
2.8345,23.249
2.8356,23.242
2.8368,23.238
2.838,23.236
2.8391,23.233
2.8403,23.228
2.8415,23.22
2.8426,23.212
2.8438,23.205
2.845,23.2
2.8461,23.197
2.8473,23.195
2.8485,23.194
2.8496,23.193
2.8508,23.189
2.852,23.183
2.8531,23.176
2.8543,23.17
2.8555,23.166
2.8566,23.167
2.8578,23.173
2.859,23.182
2.8601,23.192
2.8613,23.202
2.8625,23.213
2.8636,23.224
2.8648,23.227
2.866,23.213
2.8671,23.198
2.8683,23.205
2.8695,23.216
2.8707,23.226
2.8718,23.232
2.873,23.238
2.8742,23.248
2.8753,23.26
2.8765,23.28
2.8777,23.315
2.8788,23.369
2.88,23.434
2.8812,23.477
2.8823,23.502
2.8835,23.512
2.8847,23.5
2.8858,23.468
2.887,23.427
2.8882,23.393
2.8893,23.367
2.8905,23.338
2.8917,23.29
2.8928,23.34
2.894,23.418
2.8952,23.503
2.8963,23.604
2.8975,23.723
2.8987,23.847
2.8998,23.951
2.901,24.019
2.9022,24.061
2.9033,24.108
2.9045,24.123
2.9057,24.227
2.9068,24.438
2.908,24.675
2.9092,24.86
2.9103,25.001
2.9115,25.208
2.9127,25.459
2.9138,25.366
2.915,25.729
2.9162,26.556
2.9173,26.524
2.9185,26.43
2.9197,26.337
2.9208,26.244
2.922,26.15
2.9232,26.057
2.9244,25.964
2.9255,25.87
2.9267,25.777
2.9279,25.683
2.929,25.59
2.9302,25.497
2.9314,25.403
2.9325,25.31
2.9337,25.217
2.9349,25.123
2.936,25.03
2.9372,24.936
2.9384,24.843
2.9395,24.75
2.9407,24.656
2.9419,24.563
2.943,24.47
2.9442,24.376
2.9454,24.283
2.9465,24.189
2.9477,24.096
2.9489,24.003
2.95,23.909
2.9512,23.816
2.9524,23.723
2.9535,23.629
2.9547,23.536
2.9559,23.442
2.957,23.349
2.9582,23.256
2.9594,23.162
2.9605,23.069
2.9617,22.976
2.9629,22.882
2.964,22.789
2.9652,22.695
2.9664,22.602
2.9675,22.509
2.9687,22.415
2.9699,22.322
2.971,22.229
2.9722,22.135
2.9734,22.042
2.9746,21.948
2.9757,21.855
2.9769,21.762
2.9781,21.668
2.9792,21.575
2.9804,21.482
2.9816,21.388
2.9827,21.295
2.9839,21.201
2.9851,21.108
2.9862,21.015
2.9874,20.921
2.9886,20.828
2.9897,20.735
2.9909,20.641
2.9921,20.548
2.9932,20.454
2.9944,20.361
2.9956,20.268
2.9967,20.174
2.9979,20.081
2.9991,19.987
3.0002,19.894
3.0014,19.801
3.0026,19.707
3.0037,19.614
3.0049,19.521
3.0061,19.427
3.0072,19.334
3.0084,19.24
3.0096,19.147
3.0107,19.054
3.0119,18.96
3.0131,18.867
3.0142,18.774
3.0154,18.68
3.0166,18.587
3.0177,18.493
3.0189,18.4
3.0201,18.307
3.0212,18.213
3.0224,18.12
3.0236,18.027
3.0247,17.933
3.0259,17.84
3.0271,17.746
3.0283,17.653
3.0294,17.56
3.0306,17.466
3.0318,17.373
3.0329,17.28
3.0341,17.186
3.0353,17.093
3.0364,16.999
3.0376,16.906
3.0388,16.813
3.0399,16.719
3.0411,16.626
3.0423,16.533
3.0434,16.439
3.0446,16.346
3.0458,16.253
3.0469,16.159
3.0481,16.066
3.0493,15.972
3.0504,15.879
3.0516,15.786
3.0528,15.692
3.0539,15.599
3.0551,15.505
3.0563,15.412
3.0574,15.318
3.0586,15.225
3.0598,15.131
3.0609,15.038
3.0621,14.944
3.0633,14.851
3.0644,14.758
3.0656,14.665
3.0668,14.571
3.0679,14.478
3.0691,14.385
3.0703,14.291
3.0714,14.198
3.0726,14.105
3.0738,14.012
3.0749,13.919
3.0761,13.825
3.0773,13.731
3.0784,13.636
3.0796,13.542
3.0808,13.449
3.082,13.356
3.0831,13.263
3.0843,13.17
3.0855,13.077
3.0866,12.984
3.0878,12.891
3.089,12.799
3.0901,12.71
3.0913,12.62
3.0925,12.531
3.0936,12.442
3.0948,12.353
3.096,12.264
3.0971,12.175
3.0983,12.086
3.0995,11.997
3.1006,11.906
3.1018,11.803
3.103,11.699
3.1041,11.596
3.1053,11.492
3.1065,11.389
3.1076,11.285
3.1088,11.182
3.11,11.078
3.1111,10.975
3.1123,10.872
3.1135,10.776
3.1146,10.679
3.1158,10.583
3.117,10.487
3.1181,10.391
3.1193,10.295
3.1205,10.199
3.1216,10.121
3.1228,10.085
3.124,10.048
3.1251,10.012
3.1263,10
3.1275,10
3.1286,10
3.1298,10
3.131,10
3.1322,10
3.1333,10
3.1345,10
3.1357,10
3.1368,10
3.138,10
3.1392,10
3.1403,10
3.1415,10
3.1427,10
3.1438,10
3.145,10
3.1462,10
3.1473,10
3.1485,10
3.1497,10
3.1508,10
3.152,10
3.1532,10
3.1543,10
3.1555,10
3.1567,10
3.1578,10
3.159,10
3.1602,10
3.1613,10
3.1625,10
3.1637,10
3.1648,10
3.166,10
3.1672,10
3.1683,10
3.1695,10
3.1707,10
3.1718,10
3.173,10
3.1742,10
3.1753,10
3.1765,10
3.1777,10
3.1788,10
3.18,10
3.1812,10
3.1823,10
3.1835,10
3.1847,10
3.1859,10
3.187,10
3.1882,10
3.1894,10
3.1905,10
3.1917,10
3.1929,10
3.194,10
3.1952,10
3.1964,10
3.1975,10
3.1987,10
3.1999,10
3.201,10
3.2022,10
3.2034,10
3.2045,10
3.2057,10
3.2069,10
3.208,10
3.2092,10
3.2104,10
3.2115,10
3.2127,10
3.2139,10
3.215,10
3.2162,10
3.2174,10
3.2185,10
3.2197,10
3.2209,10
3.222,10
3.2232,10
3.2244,10
3.2255,10
3.2267,10
3.2279,10
3.229,10
3.2302,10
3.2314,10
3.2325,10
3.2337,10
3.2349,10
3.236,10
3.2372,10
3.2384,10
3.2396,10
3.2407,10
3.2419,10
3.2431,10
3.2442,10
3.2454,10
3.2466,10
3.2477,10
3.2489,10
3.2501,10
3.2512,10
3.2524,10
3.2536,10
3.2547,10
3.2559,10
3.2571,10
3.2582,10
3.2594,10
3.2606,10
3.2617,10
3.2629,10
3.2641,10
3.2652,10
3.2664,10
3.2676,10
3.2687,10
3.2699,10
3.2711,10
3.2722,10
3.2734,10
3.2746,10
3.2757,10
3.2769,10
3.2781,10
3.2792,10
3.2804,10
3.2816,10
3.2827,10
3.2839,10
3.2851,10
3.2862,10
3.2874,10
3.2886,10
3.2898,10
3.2909,10
3.2921,10
3.2933,10
3.2944,10
3.2956,10
3.2968,10
3.2979,10
3.2991,10
3.3003,10
3.3014,10
3.3026,10
3.3038,10
3.3049,10
3.3061,10
3.3073,10
3.3084,10
3.3096,10
3.3108,10
3.3119,10
3.3131,10
3.3143,10
3.3154,10
3.3166,10
3.3178,10
3.3189,10
3.3201,10
3.3213,10
3.3224,10
3.3236,10
3.3248,10
3.3259,10
3.3271,10
3.3283,10
3.3294,10
3.3306,10
3.3318,10
3.3329,10
3.3341,10
3.3353,10
3.3364,10
3.3376,10
3.3388,10
3.3399,10
3.3411,10
3.3423,10
3.3435,10
3.3446,10
3.3458,10
3.347,10
3.3481,10
3.3493,10
3.3505,10
3.3516,10
3.3528,10
3.354,10
3.3551,10
3.3563,10
3.3575,10
3.3586,10
3.3598,10
3.361,10
3.3621,10
3.3633,10
3.3645,10
3.3656,10
3.3668,10
3.368,10
3.3691,10
3.3703,10
3.3715,10
3.3726,10
3.3738,10
3.375,10
3.3761,10
3.3773,10
3.3785,10
3.3796,10
3.3808,10
3.382,10
3.3831,10
3.3843,10
3.3855,10
3.3866,10
3.3878,10
3.389,10
3.3901,10
3.3913,10
3.3925,10
3.3936,10
3.3948,10
3.396,10
3.3972,10
3.3983,10
3.3995,10
3.4007,10
3.4018,10
3.403,10
3.4042,10
3.4053,10
3.4065,10
3.4077,10
3.4088,10
3.41,10
3.4112,10
3.4123,10
3.4135,10
3.4147,10
3.4158,10
3.417,10
3.4182,10
3.4193,10
3.4205,10
3.4217,10
3.4228,10
3.424,10
3.4252,10
3.4263,10
3.4275,10
3.4287,10
3.4298,10
3.431,10
3.4322,10
3.4333,10
3.4345,10
3.4357,10
3.4368,10
3.438,10
3.4392,10
3.4403,10
3.4415,10
3.4427,10
3.4438,10
3.445,10
3.4462,10
3.4473,10
3.4485,10
3.4497,10
3.4509,10
3.452,10
3.4532,10
3.4544,10
3.4555,10
3.4567,10
3.4579,10
3.459,10
3.4602,10
3.4614,10
3.4625,10
3.4637,10
3.4649,10
3.466,10
3.4672,10
3.4684,10
3.4695,10
3.4707,10
3.4719,10
3.473,10
3.4742,10
3.4754,10
3.4765,10
3.4777,10
3.4789,10
3.48,10
3.4812,10
3.4824,10
3.4835,10
3.4847,10
3.4859,10
3.487,10
3.4882,10
3.4894,10
3.4905,10
3.4917,10
3.4929,10
3.494,10
3.4952,10
3.4964,10
3.4975,10
3.4987,10
3.4999,10
3.5011,10
3.5022,10
3.5034,10
3.5046,10
3.5057,10
3.5069,10
3.5081,10
3.5092,10
3.5104,10
3.5116,10
3.5127,10
3.5139,10
3.5151,10
3.5162,10
3.5174,10
3.5186,10
3.5197,10
3.5209,10
3.5221,10
3.5232,10
3.5244,10
3.5256,10
3.5267,10
3.5279,10
3.5291,10
3.5302,10
3.5314,10
3.5326,10
3.5337,10
3.5349,10
3.5361,10
3.5372,10
3.5384,10
3.5396,10
3.5407,10
3.5419,10
3.5431,10
3.5442,10
3.5454,10
3.5466,10
3.5477,10
3.5489,10
3.5501,10
3.5512,10
3.5524,10
3.5536,10
3.5548,10
3.5559,10
3.5571,10
3.5583,10
3.5594,10
3.5606,10
3.5618,10
3.5629,10
3.5641,10
3.5653,10
3.5664,10
3.5676,10
3.5688,10
3.5699,10
3.5711,10
3.5723,10
3.5734,10
3.5746,10
3.5758,10
3.5769,10
3.5781,10
3.5793,10
3.5804,10
3.5816,10
3.5828,10
3.5839,10
3.5851,10
3.5863,10
3.5874,10
3.5886,10
3.5898,10
3.5909,10
3.5921,10
3.5933,10
3.5944,10
3.5956,10
3.5968,10
3.5979,10
3.5991,10
3.6003,10
3.6014,10
3.6026,10
3.6038,10
3.6049,10
3.6061,10
3.6073,10
3.6085,10
3.6096,10
3.6108,10
3.612,10
3.6131,10
3.6143,10
3.6155,10
3.6166,10
3.6178,10
3.619,10
3.6201,10
3.6213,10
3.6225,10
3.6236,10
3.6248,10
3.626,10
3.6271,10
3.6283,10
3.6295,10
3.6306,10
3.6318,10
3.633,10
3.6341,10
3.6353,10
3.6365,10
3.6376,10
3.6388,10
3.64,10
3.6411,10
3.6423,10
3.6435,10
3.6446,10
3.6458,10
3.647,10
3.6481,10
3.6493,10
3.6505,10
3.6516,10
3.6528,10
3.654,10
3.6551,10
3.6563,10
3.6575,10
3.6587,10
3.6598,10
3.661,10
3.6622,10
3.6633,10
3.6645,10
3.6657,10
3.6668,10
3.668,10
3.6692,10
3.6703,10
3.6715,10
3.6727,10
3.6738,10
3.675,10
3.6762,10
3.6773,10
3.6785,10
3.6797,10
3.6808,10
3.682,10
3.6832,10
3.6843,10
3.6855,10
3.6867,10
3.6878,10
3.689,10
3.6902,10
3.6913,10
3.6925,10
3.6937,10
3.6948,10
3.696,10
3.6972,10
3.6983,10
3.6995,10
3.7007,10
3.7018,10
3.703,10
3.7042,10
3.7053,10
3.7065,10
3.7077,10
3.7088,10
3.71,10
3.7112,10
3.7124,10
3.7135,10
3.7147,10
3.7159,10
3.717,10
3.7182,10
3.7194,10
3.7205,10
3.7217,10
3.7229,10
3.724,10
3.7252,10
3.7264,10
3.7275,10
3.7287,10
3.7299,10
3.731,10
3.7322,10
3.7334,10
3.7345,10
3.7357,10
3.7369,10
3.738,10
3.7392,10
3.7404,10
3.7415,10
3.7427,10
3.7439,10
3.745,10
3.7462,10
3.7474,10
3.7485,10
3.7497,10
3.7509,10
3.752,10
3.7532,10
3.7544,10
3.7555,10
3.7567,10
3.7579,10
3.759,10
3.7602,10
3.7614,10
3.7625,10
3.7637,10
3.7649,10
3.7661,10
3.7672,10
3.7684,10
3.7696,10
3.7707,10
3.7719,10
3.7731,10
3.7742,10
3.7754,10
3.7766,10
3.7777,10
3.7789,10
3.7801,10
3.7812,10
3.7824,10
3.7836,10
3.7847,10
3.7859,10
3.7871,10
3.7882,10
3.7894,10
3.7906,10
3.7917,10
3.7929,10
3.7941,10
3.7952,10
3.7964,10
3.7976,10
3.7987,10
3.7999,10
3.8011,10
3.8022,10
3.8034,10
3.8046,10
3.8057,10
3.8069,10
3.8081,10
3.8092,10
3.8104,10
3.8116,10
3.8127,10
3.8139,10
3.8151,10
3.8163,10
3.8174,10
3.8186,10
3.8198,10
3.8209,10
3.8221,10
3.8233,10
3.8244,10
3.8256,10
3.8268,10
3.8279,10
3.8291,10
3.8303,10
3.8314,10
3.8326,10
3.8338,10
3.8349,10
3.8361,10
3.8373,10
3.8384,10
3.8396,10
3.8408,10
3.8419,10
3.8431,10
3.8443,10
3.8454,10
3.8466,10
3.8478,10
3.8489,10
3.8501,10
3.8513,10
3.8524,10
3.8536,10
3.8548,10
3.8559,10
3.8571,10
3.8583,10
3.8594,10
3.8606,10
3.8618,10
3.8629,10
3.8641,10
3.8653,10
3.8664,10
3.8676,10
3.8688,10
3.87,10
3.8711,10
3.8723,10
3.8735,10
3.8746,10
3.8758,10
3.877,10
3.8781,10
3.8793,10
3.8805,10
3.8816,10
3.8828,10
3.884,10
3.8851,10
3.8863,10
3.8875,10
3.8886,10
3.8898,10
3.891,10
3.8921,10
3.8933,10
3.8945,10
3.8956,10
3.8968,10
3.898,10
3.8991,10
3.9003,10
3.9015,10
3.9026,10
3.9038,10
3.905,10
3.9061,10
3.9073,10
3.9085,10
3.9096,10
3.9108,10
3.912,10
3.9131,10
3.9143,10
3.9155,10
3.9166,10
3.9178,10
3.919,10
3.9201,10
3.9213,10
3.9225,10
3.9237,10
3.9248,10
3.926,10
3.9272,10
3.9283,10
3.9295,10
3.9307,10
3.9318,10
3.933,10
3.9342,10
3.9353,10
3.9365,10
3.9377,10
3.9388,10
3.94,10
3.9412,10
3.9423,10
3.9435,10
3.9447,10
3.9458,10
3.947,10
3.9482,10
3.9493,10
3.9505,10
3.9517,10
3.9528,10
3.954,10
3.9552,10
3.9563,10
3.9575,10
3.9587,10
3.9598,10
3.961,10
3.9622,10
3.9633,10
3.9645,10
3.9657,10
3.9668,10
3.968,10
3.9692,10
3.9703,10
3.9715,10
3.9727,10
3.9739,10
3.975,10
3.9762,10
3.9774,10
3.9785,10
3.9797,10
3.9809,10
3.982,10
3.9832,10
3.9844,10
3.9855,10
3.9867,10
3.9879,10
3.989,10
3.9902,10
3.9914,10
3.9925,10
3.9937,10
3.9949,10
3.996,10
3.9972,10
3.9984,10
3.9995,10
4.0007,10
4.0019,10
4.003,10
4.0042,10
4.0054,10
4.0065,10
4.0077,10
4.0089,10
4.01,10
4.0112,10
4.0124,10
4.0135,10
4.0147,10
4.0159,10
4.017,10
4.0182,10
4.0194,10
4.0205,10
4.0217,10
4.0229,10
4.024,10
4.0252,10
4.0264,10
4.0276,10
4.0287,10
4.0299,10
4.0311,10
4.0322,10
4.0334,10
4.0346,10
4.0357,10
4.0369,10
4.0381,10
4.0392,10
4.0404,10
4.0416,10
4.0427,10
4.0439,10
4.0451,10
4.0462,10
4.0474,10
4.0486,10
4.0497,10
4.0509,10
4.0521,10
4.0532,10
4.0544,10
4.0556,10
4.0567,10
4.0579,10
4.0591,10
4.0602,10
4.0614,10
4.0626,10
4.0637,10
4.0649,10
4.0661,10
4.0672,10
4.0684,10
4.0696,10
4.0707,10
4.0719,10
4.0731,10
4.0742,10
4.0754,10
4.0766,10
4.0777,10
4.0789,10
4.0801,10
4.0813,10
4.0824,10
4.0836,10
4.0848,10
4.0859,10
4.0871,10
4.0883,10
4.0894,10
4.0906,10
4.0918,10
4.0929,10
4.0941,10
4.0953,10
4.0964,10
4.0976,10
4.0988,10
4.0999,10
4.1011,10
4.1023,10
4.1034,10
4.1046,10
4.1058,10
4.1069,10
4.1081,10
4.1093,10
4.1104,10
4.1116,10
4.1128,10
4.1139,10
4.1151,10
4.1163,10
4.1174,10
4.1186,10
4.1198,10
4.1209,10
4.1221,10
4.1233,10
4.1244,10
4.1256,10
4.1268,10
4.1279,10
4.1291,10
4.1303,10
4.1314,10
4.1326,10
4.1338,10
4.135,10
4.1361,10
4.1373,10
4.1385,10
4.1396,10
4.1408,10
4.142,10
4.1431,10
4.1443,10
4.1455,10
4.1466,10
4.1478,10
4.149,10
4.1501,10
4.1513,10
4.1525,10
4.1536,10
4.1548,10
4.156,10
4.1571,10
4.1583,10
4.1595,10
4.1606,10
4.1618,10
4.163,10
4.1641,10
4.1653,10
4.1665,10
4.1676,10
4.1688,10
4.17,10
4.1711,10
4.1723,10
4.1735,10
4.1746,10
4.1758,10
4.177,10
4.1781,10
4.1793,10
4.1805,10
4.1816,10
4.1828,10
4.184,10
4.1852,10
4.1863,10
4.1875,10
4.1887,10
4.1898,10
4.191,10
4.1922,10
4.1933,10
4.1945,10
4.1957,10
4.1968,10
4.198,10
4.1992,10
4.2003,10
4.2015,10
4.2027,10
4.2038,10
4.205,10
4.2062,10
4.2073,10
4.2085,10
4.2097,10
4.2108,10
4.212,10
4.2132,10
4.2143,10
4.2155,10
4.2167,10
4.2178,10
4.219,10
4.2202,10
4.2213,10
4.2225,10
4.2237,10
4.2248,10
4.226,10
4.2272,10
4.2283,10
4.2295,10
4.2307,10
4.2318,10
4.233,10
4.2342,10
4.2353,10
4.2365,10
4.2377,10
4.2389,10
4.24,10
4.2412,10
4.2424,10
4.2435,10
4.2447,10
4.2459,10
4.247,10
4.2482,10
4.2494,10
4.2505,10
4.2517,10
4.2529,10
4.254,10
4.2552,10
4.2564,10
4.2575,10
4.2587,10
4.2599,10
4.261,10
4.2622,10
4.2634,10
4.2645,10
4.2657,10
4.2669,10
4.268,10
4.2692,10
4.2704,10
4.2715,10
4.2727,10
4.2739,10
4.275,10
4.2762,10
4.2774,10
4.2785,10
4.2797,10
4.2809,10
4.282,10
4.2832,10
4.2844,10
4.2855,10
4.2867,10
4.2879,10
4.289,10
4.2902,10
4.2914,10
4.2926,10
4.2937,10
4.2949,10
4.2961,10
4.2972,10
4.2984,10
4.2996,10
4.3007,10
4.3019,10
4.3031,10
4.3042,10
4.3054,10
4.3066,10
4.3077,10
4.3089,10
4.3101,10
4.3112,10
4.3124,10
4.3136,10
4.3147,10
4.3159,10
4.3171,10
4.3182,10
4.3194,10
4.3206,10
4.3217,10
4.3229,10
4.3241,10
4.3252,10
4.3264,10
4.3276,10
4.3287,10
4.3299,10
4.3311,10
4.3322,10
4.3334,10
4.3346,10
4.3357,10
4.3369,10
4.3381,10
4.3392,10
4.3404,10
4.3416,10
4.3428,10
4.3439,10
4.3451,10
4.3463,10
4.3474,10
4.3486,10
4.3498,10
4.3509,10
4.3521,10
4.3533,10
4.3544,10
4.3556,10
4.3568,10
4.3579,10
4.3591,10
4.3603,10
4.3614,10
4.3626,10
4.3638,10
4.3649,10
4.3661,10
4.3673,10
4.3684,10
4.3696,10
4.3708,10
4.3719,10
4.3731,10
4.3743,10
4.3754,10
4.3766,10
4.3778,10
4.3789,10
4.3801,10
4.3813,10
4.3824,10
4.3836,10
4.3848,10
4.3859,10
4.3871,10
4.3883,10
4.3894,10
4.3906,10
4.3918,10
4.3929,10
4.3941,10
4.3953,10
4.3965,10
4.3976,10
4.3988,10
4.4,10
4.4011,10
4.4023,10
4.4035,10
4.4046,10
4.4058,10
4.407,10
4.4081,10
4.4093,10
4.4105,10
4.4116,10
4.4128,10
4.414,10
4.4151,10
4.4163,10
4.4175,10
4.4186,10
4.4198,10
4.421,10
4.4221,10
4.4233,10
4.4245,10
4.4256,10
4.4268,10
4.428,10
4.4291,10
4.4303,10
4.4315,10
4.4326,10
4.4338,10
4.435,10
4.4361,10
4.4373,10
4.4385,10
4.4396,10
4.4408,10
4.442,10
4.4431,10
4.4443,10
4.4455,10
4.4466,10
4.4478,10
4.449,10
4.4502,10
4.4513,10
4.4525,10
4.4537,10
4.4548,10
4.456,10
4.4572,10
4.4583,10
4.4595,10
4.4607,10
4.4618,10
4.463,10
4.4642,10
4.4653,10
4.4665,10
4.4677,10
4.4688,10
4.47,10
4.4712,10
4.4723,10
4.4735,10
4.4747,10
4.4758,10
4.477,10
4.4782,10
4.4793,10
4.4805,10
4.4817,10
4.4828,10
4.484,10
4.4852,10
4.4863,10
4.4875,10
4.4887,10
4.4898,10
4.491,10
4.4922,10
4.4933,10
4.4945,10
4.4957,10
4.4968,10
4.498,10
4.4992,10
4.5004,10
4.5015,10
4.5027,10
4.5039,10
4.505,10
4.5062,10
4.5074,10
4.5085,10
4.5097,10
4.5109,10
4.512,10
4.5132,10
4.5144,10
4.5155,10
4.5167,10
4.5179,10
4.519,10
4.5202,10
4.5214,10
4.5225,10
4.5237,10
4.5249,10
4.526,10
4.5272,10
4.5284,10
4.5295,10
4.5307,10
4.5319,10
4.533,10
4.5342,10
4.5354,10
4.5365,10
4.5377,10
4.5389,10
4.54,10
4.5412,10
4.5424,10
4.5435,10
4.5447,10
4.5459,10
4.547,10
4.5482,10
4.5494,10
4.5505,10
4.5517,10
4.5529,10
4.5541,10
4.5552,10
4.5564,10
4.5576,10
4.5587,10
4.5599,10
4.5611,10
4.5622,10
4.5634,10
4.5646,10
4.5657,10
4.5669,10
4.5681,10
4.5692,10
4.5704,10
4.5716,10
4.5727,10
4.5739,10
4.5751,10
4.5762,10
4.5774,10
4.5786,10
4.5797,10
4.5809,10
4.5821,10
4.5832,10
4.5844,10
4.5856,10
4.5867,10
4.5879,10
4.5891,10
4.5902,10
4.5914,10
4.5926,10
4.5937,10
4.5949,10
4.5961,10
4.5972,10
4.5984,10
4.5996,10
4.6007,10
4.6019,10
4.6031,10
4.6042,10
4.6054,10
4.6066,10
4.6078,10
4.6089,10
4.6101,10
4.6113,10
4.6124,10
4.6136,10
4.6148,10
4.6159,10
4.6171,10
4.6183,10
4.6194,10
4.6206,10
4.6218,10
4.6229,10
4.6241,10
4.6253,10
4.6264,10
4.6276,10
4.6288,10
4.6299,10
4.6311,10
4.6323,10
4.6334,10
4.6346,10
4.6358,10
4.6369,10
4.6381,10
4.6393,10
4.6404,10
4.6416,10
4.6428,10
4.6439,10
4.6451,10
4.6463,10
4.6474,10
4.6486,10
4.6498,10
4.6509,10
4.6521,10
4.6533,10
4.6544,10
4.6556,10
4.6568,10
4.658,10
4.6591,10
4.6603,10
4.6615,10
4.6626,10
4.6638,10
4.665,10
4.6661,10
4.6673,10
4.6685,10
4.6696,10
4.6708,10
4.672,10
4.6731,10
4.6743,10
4.6755,10
4.6766,10
4.6778,10
4.679,10
4.6801,10
4.6813,10
4.6825,10
4.6836,10
4.6848,10
4.686,10
4.6871,10
4.6883,10
4.6895,10
4.6906,10
4.6918,10
4.693,10
4.6941,10
4.6953,10
4.6965,10
4.6976,10
4.6988,10
4.7,10
4.7011,10
4.7023,10
4.7035,10
4.7046,10
4.7058,10
4.707,10
4.7081,10
4.7093,10
4.7105,10
4.7117,10
4.7128,10
4.714,10
4.7152,10
4.7163,10
4.7175,10
4.7187,10
4.7198,10
4.721,10
4.7222,10
4.7233,10
4.7245,10
4.7257,10
4.7268,10
4.728,10
4.7292,10
4.7303,10
4.7315,10
4.7327,10
4.7338,10
4.735,10
4.7362,10
4.7373,10
4.7385,10
4.7397,10
4.7408,10
4.742,10
4.7432,10
4.7443,10
4.7455,10
4.7467,10
4.7478,10
4.749,10
4.7502,10
4.7513,10
4.7525,10
4.7537,10
4.7548,10
4.756,10
4.7572,10
4.7583,10
4.7595,10
4.7607,10
4.7618,10
4.763,10
4.7642,10
4.7654,10
4.7665,10
4.7677,10
4.7689,10
4.77,10
4.7712,10
4.7724,10
4.7735,10
4.7747,10
4.7759,10
4.777,10
4.7782,10
4.7794,10
4.7805,10
4.7817,10
4.7829,10
4.784,10
4.7852,10
4.7864,10
4.7875,10
4.7887,10
4.7899,10
4.791,10
4.7922,10
4.7934,10
4.7945,10
4.7957,10
4.7969,10
4.798,10
4.7992,10
4.8004,10
4.8015,10
4.8027,10
4.8039,10
4.805,10
4.8062,10
4.8074,10
4.8085,10
4.8097,10
4.8109,10
4.812,10
4.8132,10
4.8144,10
4.8155,10
4.8167,10
4.8179,10
4.8191,10
4.8202,10
4.8214,10
4.8226,10
4.8237,10
4.8249,10
4.8261,10
4.8272,10
4.8284,10
4.8296,10
4.8307,10
4.8319,10
4.8331,10
4.8342,10
4.8354,10
4.8366,10
4.8377,10
4.8389,10
4.8401,10
4.8412,10
4.8424,10
4.8436,10
4.8447,10
4.8459,10
4.8471,10
4.8482,10
4.8494,10
4.8506,10
4.8517,10
4.8529,10
4.8541,10
4.8552,10
4.8564,10
4.8576,10
4.8587,10
4.8599,10
4.8611,10
4.8622,10
4.8634,10
4.8646,10
4.8657,10
4.8669,10
4.8681,10
4.8693,10
4.8704,10
4.8716,10
4.8728,10
4.8739,10
4.8751,10
4.8763,10
4.8774,10
4.8786,10
4.8798,10
4.8809,10
4.8821,10
4.8833,10
4.8844,10
4.8856,10
4.8868,10
4.8879,10
4.8891,10
4.8903,10
4.8914,10
4.8926,10
4.8938,10
4.8949,10
4.8961,10
4.8973,10
4.8984,10
4.8996,10
4.9008,10
4.9019,10
4.9031,10
4.9043,10
4.9054,10
4.9066,10
4.9078,10
4.9089,10
4.9101,10
4.9113,10
4.9124,10
4.9136,10
4.9148,10
4.9159,10
4.9171,10
4.9183,10
4.9194,10
4.9206,10
4.9218,10
4.923,10
4.9241,10
4.9253,10
4.9265,10
4.9276,10
4.9288,10
4.93,10
4.9311,10
4.9323,10
4.9335,10
4.9346,10
4.9358,10
4.937,10
4.9381,10
4.9393,10
4.9405,10
4.9416,10
4.9428,10
4.944,10
4.9451,10
4.9463,10
4.9475,10
4.9486,10
4.9498,10
4.951,10
4.9521,10
4.9533,10
4.9545,10
4.9556,10
4.9568,10
4.958,10
4.9591,10
4.9603,10
4.9615,10
4.9626,10
4.9638,10
4.965,10
4.9661,10
4.9673,10
4.9685,10
4.9696,10
4.9708,10
4.972,10
4.9731,10
4.9743,10
4.9755,10
4.9767,10
4.9778,10
4.979,10
4.9802,10
4.9813,10
4.9825,10
4.9837,10
4.9848,10
4.986,10
4.9872,10
4.9883,10
4.9895,10
4.9907,10
4.9918,10
4.993,10
4.9942,10
4.9953,10
4.9965,10
4.9977,10
4.9988,10
5,10
