0,1e-12
0.0011674,0.036621
0.0023348,0.039381
0.0035022,0.013608
0.0046696,0.012681
0.005837,0.090174
0.0070044,0.16045
0.0081718,0.16824
0.0093392,0.16218
0.010507,0.16484
0.011674,0.16276
0.012841,0.17702
0.014009,0.2066
0.015176,0.23108
0.016344,0.24905
0.017511,0.26294
0.018678,0.2605
0.019846,0.24693
0.021013,0.25401
0.022181,0.29838
0.023348,0.3647
0.024516,0.42632
0.025683,0.45763
0.02685,0.45022
0.028018,0.42166
0.029185,0.39898
0.030353,0.39808
0.03152,0.42137
0.032687,0.4619
0.033855,0.50448
0.035022,0.53716
0.03619,0.55771
0.037357,0.56689
0.038524,0.566
0.039692,0.56193
0.040859,0.56635
0.042027,0.58736
0.043194,0.6227
0.044361,0.66009
0.045529,0.68433
0.046696,0.69122
0.047864,0.69229
0.049031,0.7008
0.050198,0.72039
0.051366,0.75091
0.052533,0.79036
0.053701,0.82598
0.054868,0.84111
0.056035,0.83607
0.057203,0.8275
0.05837,0.82715
0.059538,0.83457
0.060705,0.84809
0.061873,0.87095
0.06304,0.90471
0.064207,0.94225
0.065375,0.97145
0.066542,0.98667
0.06771,0.99369
0.068877,1.0017
0.070044,1.0153
0.071212,1.0355
0.072379,1.0631
0.073547,1.095
0.074714,1.1216
0.075881,1.1319
0.077049,1.1245
0.078216,1.1122
0.079384,1.113
0.080551,1.1346
0.081718,1.1696
0.082886,1.2045
0.084053,1.2298
0.085221,1.242
0.086388,1.2442
0.087555,1.248
0.088723,1.2666
0.08989,1.3049
0.091058,1.3542
0.092225,1.3975
0.093392,1.4204
0.09456,1.4193
0.095727,1.4031
0.096895,1.3871
0.098062,1.3856
0.09923,1.404
0.1004,1.436
0.10156,1.4669
0.10273,1.486
0.1039,1.4941
0.10507,1.5014
0.10623,1.5177
0.1074,1.5457
0.10857,1.5807
0.10974,1.6148
0.1109,1.6399
0.11207,1.6522
0.11324,1.6556
0.11441,1.6595
0.11557,1.6722
0.11674,1.6952
0.11791,1.7237
0.11908,1.7502
0.12024,1.7682
0.12141,1.775
0.12258,1.7736
0.12375,1.7712
0.12491,1.7764
0.12608,1.7604
0.12725,1.7821
0.12841,1.8219
0.12958,1.8379
0.13075,1.8366
0.13192,1.8051
0.13308,1.7761
0.13425,1.7834
0.13542,1.8077
0.13659,1.8219
0.13775,1.8263
0.13892,1.8216
0.14009,1.8082
0.14126,1.7959
0.14242,1.7885
0.14359,1.7873
0.14476,1.7981
0.14593,1.8184
0.14709,1.8312
0.14826,1.8234
0.14943,1.7988
0.1506,1.7712
0.15176,1.7552
0.15293,1.762
0.1541,1.7909
0.15527,1.8252
0.15643,1.8454
0.1576,1.844
0.15877,1.8267
0.15993,1.8061
0.1611,1.7931
0.16227,1.7887
0.16344,1.7859
0.1646,1.7805
0.16577,1.7751
0.16694,1.7747
0.16811,1.7806
0.16927,1.7893
0.17044,1.7952
0.17161,1.7961
0.17278,1.796
0.17394,1.8021
0.17511,1.8171
0.17628,1.834
0.17745,1.8408
0.17861,1.8307
0.17978,1.8073
0.18095,1.7827
0.18212,1.7693
0.18328,1.7709
0.18445,1.7819
0.18562,1.7924
0.18678,1.7954
0.18795,1.7903
0.18912,1.7826
0.19029,1.7802
0.19145,1.7866
0.19262,1.798
0.19379,1.8063
0.19496,1.8061
0.19612,1.7988
0.19729,1.7904
0.19846,1.7863
0.19963,1.788
0.20079,1.7933
0.20196,1.7992
0.20313,1.8032
0.2043,1.8037
0.20546,1.8001
0.20663,1.7934
0.2078,1.7861
0.20897,1.7816
0.21013,1.782
0.2113,1.7864
0.21247,1.7922
0.21364,1.7966
0.2148,1.7983
0.21597,1.7977
0.21714,1.7962
0.2183,1.7947
0.21947,1.7932
0.22064,1.7907
0.22181,1.7863
0.22297,1.7803
0.22414,1.774
0.22531,1.7693
0.22648,1.7677
0.22764,1.7701
0.22881,1.776
0.22998,1.784
0.23115,1.7916
0.23231,1.7966
0.23348,1.7987
0.23465,1.7994
0.23582,1.8006
0.23698,1.8033
0.23815,1.8059
0.23932,1.8059
0.24049,1.8013
0.24165,1.7927
0.24282,1.7828
0.24399,1.775
0.24516,1.7711
0.24632,1.7704
0.24749,1.7702
0.24866,1.7689
0.24982,1.7666
0.25099,1.7654
0.25216,1.7676
0.25333,1.7736
0.25449,1.7814
0.25566,1.7883
0.25683,1.7922
0.258,1.7932
0.25916,1.7929
0.26033,1.7931
0.2615,1.7942
0.26267,1.7952
0.26383,1.7944
0.265,1.7911
0.26617,1.7861
0.26734,1.781
0.2685,1.777
0.26967,1.7743
0.27084,1.7726
0.27201,1.7716
0.27317,1.7718
0.27434,1.7736
0.27551,1.7767
0.27668,1.7801
0.27784,1.7823
0.27901,1.7825
0.28018,1.7808
0.28134,1.7783
0.28251,1.776
0.28368,1.7746
0.28485,1.7739
0.28601,1.7734
0.28718,1.7725
0.28835,1.7715
0.28952,1.771
0.29068,1.7719
0.29185,1.7745
0.29302,1.7782
0.29419,1.7823
0.29535,1.7857
0.29652,1.7876
0.29769,1.7879
0.29886,1.7869
0.30002,1.7849
0.30119,1.7823
0.30236,1.779
0.30353,1.7752
0.30469,1.7712
0.30586,1.7674
0.30703,1.7643
0.3082,1.7623
0.30936,1.7616
0.31053,1.762
0.3117,1.7631
0.31286,1.7647
0.31403,1.7662
0.3152,1.7674
0.31637,1.7684
0.31753,1.7697
0.3187,1.7718
0.31987,1.775
0.32104,1.7791
0.3222,1.7829
0.32337,1.7853
0.32454,1.7852
0.32571,1.7825
0.32687,1.7781
0.32804,1.7732
0.32921,1.7691
0.33038,1.7663
0.33154,1.7648
0.33271,1.7641
0.33388,1.764
0.33505,1.7643
0.33621,1.7652
0.33738,1.7666
0.33855,1.768
0.33972,1.7686
0.34088,1.7679
0.34205,1.7658
0.34322,1.7632
0.34438,1.7611
0.34555,1.7603
0.34672,1.7608
0.34789,1.7621
0.34905,1.7637
0.35022,1.7652
0.35139,1.7666
0.35256,1.7681
0.35372,1.7698
0.35489,1.7716
0.35606,1.7731
0.35723,1.774
0.35839,1.7741
0.35956,1.7734
0.36073,1.7721
0.3619,1.7703
0.36306,1.7682
0.36423,1.7658
0.3654,1.7631
0.36657,1.7601
0.36773,1.7572
0.3689,1.7544
0.37007,1.752
0.37124,1.7502
0.3724,1.7492
0.37357,1.7492
0.37474,1.7505
0.3759,1.7532
0.37707,1.7571
0.37824,1.7615
0.37941,1.7659
0.38057,1.7697
0.38174,1.7723
0.38291,1.7736
0.38408,1.7735
0.38524,1.7721
0.38641,1.7697
0.38758,1.7666
0.38875,1.7634
0.38991,1.7603
0.39108,1.7576
0.39225,1.7554
0.39342,1.7537
0.39458,1.7524
0.39575,1.7514
0.39692,1.7507
0.39809,1.7505
0.39925,1.7508
0.40042,1.7517
0.40159,1.7529
0.40276,1.7544
0.40392,1.7558
0.40509,1.757
0.40626,1.7578
0.40742,1.7582
0.40859,1.7581
0.40976,1.7576
0.41093,1.7571
0.41209,1.7565
0.41326,1.7563
0.41443,1.7562
0.4156,1.7563
0.41676,1.7563
0.41793,1.7562
0.4191,1.7559
0.42027,1.7556
0.42143,1.7555
0.4226,1.7555
0.42377,1.7555
0.42494,1.7554
0.4261,1.7549
0.42727,1.7539
0.42844,1.7525
0.42961,1.7507
0.43077,1.7488
0.43194,1.7468
0.43311,1.7448
0.43428,1.7432
0.43544,1.7424
0.43661,1.7425
0.43778,1.7438
0.43894,1.7462
0.44011,1.7494
0.44128,1.7527
0.44245,1.7556
0.44361,1.7579
0.44478,1.7591
0.44595,1.7593
0.44712,1.7585
0.44828,1.7566
0.44945,1.7539
0.45062,1.7506
0.45179,1.7473
0.45295,1.7443
0.45412,1.7421
0.45529,1.741
0.45646,1.7408
0.45762,1.7415
0.45879,1.7428
0.45996,1.7442
0.46113,1.7454
0.46229,1.7464
0.46346,1.747
0.46463,1.7473
0.4658,1.7473
0.46696,1.7471
0.46813,1.7468
0.4693,1.7464
0.47046,1.746
0.47163,1.7456
0.4728,1.7451
0.47397,1.7445
0.47513,1.744
0.4763,1.7436
0.47747,1.7433
0.47864,1.7431
0.4798,1.7432
0.48097,1.7435
0.48214,1.7439
0.48331,1.7443
0.48447,1.7445
0.48564,1.7444
0.48681,1.744
0.48798,1.743
0.48914,1.7418
0.49031,1.7403
0.49148,1.7388
0.49265,1.7375
0.49381,1.7365
0.49498,1.7359
0.49615,1.7357
0.49731,1.7359
0.49848,1.7367
0.49965,1.7377
0.50082,1.7391
0.50198,1.7405
0.50315,1.7418
0.50432,1.7428
0.50549,1.7433
0.50665,1.7433
0.50782,1.7428
0.50899,1.7416
0.51016,1.7401
0.51132,1.7383
0.51249,1.7365
0.51366,1.735
0.51483,1.7338
0.51599,1.7331
0.51716,1.7329
0.51833,1.733
0.5195,1.7335
0.52066,1.7342
0.52183,1.7349
0.523,1.7357
0.52417,1.7365
0.52533,1.7371
0.5265,1.7376
0.52767,1.7379
0.52883,1.738
0.53,1.7379
0.53117,1.7375
0.53234,1.7367
0.5335,1.7356
0.53467,1.7341
0.53584,1.7324
0.53701,1.7308
0.53817,1.7294
0.53934,1.7286
0.54051,1.7285
0.54168,1.7289
0.54284,1.73
0.54401,1.7312
0.54518,1.7326
0.54635,1.7336
0.54751,1.7343
0.54868,1.7345
0.54985,1.7342
0.55102,1.7335
0.55218,1.7326
0.55335,1.7317
0.55452,1.7309
0.55569,1.7305
0.55685,1.7303
0.55802,1.7304
0.55919,1.7306
0.56035,1.7307
0.56152,1.7306
0.56269,1.7303
0.56386,1.7298
0.56502,1.729
0.56619,1.7281
0.56736,1.7272
0.56853,1.7264
0.56969,1.7258
0.57086,1.7255
0.57203,1.7253
0.5732,1.7253
0.57436,1.7255
0.57553,1.7257
0.5767,1.726
0.57787,1.7264
0.57903,1.7267
0.5802,1.727
0.58137,1.7273
0.58254,1.7276
0.5837,1.728
0.58487,1.7285
0.58604,1.7288
0.58721,1.7291
0.58837,1.7291
0.58954,1.7289
0.59071,1.7284
0.59187,1.7276
0.59304,1.7265
0.59421,1.7253
0.59538,1.7239
0.59654,1.7226
0.59771,1.7213
0.59888,1.7201
0.60005,1.7192
0.60121,1.7186
0.60238,1.7184
0.60355,1.7187
0.60472,1.7194
0.60588,1.7205
0.60705,1.722
0.60822,1.7235
0.60939,1.7251
0.61055,1.7264
0.61172,1.7274
0.61289,1.7278
0.61406,1.7277
0.61522,1.7271
0.61639,1.7261
0.61756,1.7249
0.61873,1.7235
0.61989,1.7222
0.62106,1.7211
0.62223,1.7202
0.62339,1.7196
0.62456,1.7192
0.62573,1.719
0.6269,1.7188
0.62806,1.7185
0.62923,1.7182
0.6304,1.7178
0.63157,1.7172
0.63273,1.7167
0.6339,1.7163
0.63507,1.7161
0.63624,1.7162
0.6374,1.7167
0.63857,1.7175
0.63974,1.7185
0.64091,1.7197
0.64207,1.7209
0.64324,1.7219
0.64441,1.7227
0.64558,1.7231
0.64674,1.7233
0.64791,1.7232
0.64908,1.7229
0.65025,1.7225
0.65141,1.7218
0.65258,1.7209
0.65375,1.7197
0.65491,1.7182
0.65608,1.7164
0.65725,1.7145
0.65842,1.7125
0.65958,1.7108
0.66075,1.7095
0.66192,1.7087
0.66309,1.7086
0.66425,1.7091
0.66542,1.7102
0.66659,1.7117
0.66776,1.7134
0.66892,1.7153
0.67009,1.717
0.67126,1.7185
0.67243,1.7197
0.67359,1.7205
0.67476,1.7209
0.67593,1.721
0.6771,1.7206
0.67826,1.7199
0.67943,1.7189
0.6806,1.7176
0.68177,1.7162
0.68293,1.7147
0.6841,1.7132
0.68527,1.7118
0.68643,1.7107
0.6876,1.7098
0.68877,1.7092
0.68994,1.7089
0.6911,1.7088
0.69227,1.709
0.69344,1.7093
0.69461,1.7097
0.69577,1.7101
0.69694,1.7105
0.69811,1.711
0.69928,1.7115
0.70044,1.712
0.70161,1.7127
0.70278,1.7135
0.70395,1.7143
0.70511,1.7152
0.70628,1.716
0.70745,1.7166
0.70862,1.717
0.70978,1.717
0.71095,1.7165
0.71212,1.7157
0.71329,1.7144
0.71445,1.7128
0.71562,1.711
0.71679,1.7091
0.71795,1.7073
0.71912,1.7058
0.72029,1.7046
0.72146,1.7038
0.72262,1.7036
0.72379,1.7039
0.72496,1.7046
0.72613,1.7056
0.72729,1.7068
0.72846,1.7081
0.72963,1.7093
0.7308,1.7104
0.73196,1.7113
0.73313,1.7121
0.7343,1.7128
0.73547,1.7133
0.73663,1.7137
0.7378,1.7139
0.73897,1.7139
0.74014,1.7137
0.7413,1.7131
0.74247,1.7122
0.74364,1.7109
0.74481,1.7094
0.74597,1.7077
0.74714,1.7061
0.74831,1.7046
0.74947,1.7034
0.75064,1.7025
0.75181,1.7021
0.75298,1.702
0.75414,1.7023
0.75531,1.7028
0.75648,1.7034
0.75765,1.7041
0.75881,1.7049
0.75998,1.7056
0.76115,1.7063
0.76232,1.707
0.76348,1.7077
0.76465,1.7083
0.76582,1.7089
0.76699,1.7095
0.76815,1.7099
0.76932,1.7102
0.77049,1.7103
0.77166,1.7101
0.77282,1.7096
0.77399,1.709
0.77516,1.708
0.77633,1.707
0.77749,1.7057
0.77866,1.7045
0.77983,1.7032
0.78099,1.702
0.78216,1.701
0.78333,1.7002
0.7845,1.6997
0.78566,1.6996
0.78683,1.6999
0.788,1.7007
0.78917,1.7017
0.79033,1.7031
0.7915,1.7045
0.79267,1.7059
0.79384,1.7072
0.795,1.7081
0.79617,1.7087
0.79734,1.7089
0.79851,1.7087
0.79967,1.7082
0.80084,1.7075
0.80201,1.7066
0.80318,1.7056
0.80434,1.7046
0.80551,1.7036
0.80668,1.7026
0.80784,1.7017
0.80901,1.701
0.81018,1.7003
0.81135,1.6999
0.81251,1.6996
0.81368,1.6995
0.81485,1.6996
0.81602,1.6999
0.81718,1.7003
0.81835,1.7009
0.81952,1.7016
0.82069,1.7023
0.82185,1.703
0.82302,1.7036
0.82419,1.7041
0.82536,1.7045
0.82652,1.7046
0.82769,1.7046
0.82886,1.7044
0.83003,1.7043
0.83119,1.7041
0.83236,1.7039
0.83353,1.7037
0.8347,1.7035
0.83586,1.7032
0.83703,1.7028
0.8382,1.7022
0.83936,1.7013
0.84053,1.7004
0.8417,1.6994
0.84287,1.6985
0.84403,1.6978
0.8452,1.6974
0.84637,1.6973
0.84754,1.6975
0.8487,1.6979
0.84987,1.6985
0.85104,1.6991
0.85221,1.6998
0.85337,1.7005
0.85454,1.7012
0.85571,1.7019
0.85688,1.7025
0.85804,1.703
0.85921,1.7033
0.86038,1.7034
0.86155,1.7032
0.86271,1.7028
0.86388,1.7021
0.86505,1.7012
0.86622,1.7003
0.86738,1.6994
0.86855,1.6987
0.86972,1.6982
0.87088,1.6979
0.87205,1.6978
0.87322,1.698
0.87439,1.6982
0.87555,1.6984
0.87672,1.6986
0.87789,1.6987
0.87906,1.6988
0.88022,1.6988
0.88139,1.6988
0.88256,1.6988
0.88373,1.6988
0.88489,1.699
0.88606,1.6992
0.88723,1.6995
0.8884,1.6998
0.88956,1.7001
0.89073,1.7003
0.8919,1.7004
0.89307,1.7003
0.89423,1.7001
0.8954,1.6997
0.89657,1.6993
0.89774,1.6987
0.8989,1.6982
0.90007,1.6976
0.90124,1.697
0.9024,1.6965
0.90357,1.6962
0.90474,1.6959
0.90591,1.6958
0.90707,1.6959
0.90824,1.6961
0.90941,1.6964
0.91058,1.6967
0.91174,1.6971
0.91291,1.6975
0.91408,1.6979
0.91525,1.6981
0.91641,1.6983
0.91758,1.6984
0.91875,1.6985
0.91992,1.6985
0.92108,1.6986
0.92225,1.6985
0.92342,1.6985
0.92459,1.6983
0.92575,1.6979
0.92692,1.6975
0.92809,1.6969
0.92926,1.6963
0.93042,1.6957
0.93159,1.6952
0.93276,1.695
0.93392,1.695
0.93509,1.6952
0.93626,1.6956
0.93743,1.6961
0.93859,1.6966
0.93976,1.697
0.94093,1.6972
0.9421,1.6972
0.94326,1.6971
0.94443,1.6969
0.9456,1.6966
0.94677,1.6964
0.94793,1.6962
0.9491,1.6961
0.95027,1.6961
0.95144,1.6961
0.9526,1.6961
0.95377,1.696
0.95494,1.696
0.95611,1.6959
0.95727,1.6958
0.95844,1.6957
0.95961,1.6957
0.96078,1.6957
0.96194,1.6957
0.96311,1.6957
0.96428,1.6956
0.96544,1.6955
0.96661,1.6954
0.96778,1.6952
0.96895,1.695
0.97011,1.6949
0.97128,1.6949
0.97245,1.695
0.97362,1.6952
0.97478,1.6954
0.97595,1.6957
0.97712,1.6959
0.97829,1.6959
0.97945,1.6959
0.98062,1.6956
0.98179,1.6953
0.98296,1.6948
0.98412,1.6944
0.98529,1.694
0.98646,1.6938
0.98763,1.6936
0.98879,1.6936
0.98996,1.6937
0.99113,1.6938
0.9923,1.6939
0.99346,1.694
0.99463,1.694
0.9958,1.6941
0.99696,1.6942
0.99813,1.6943
0.9993,1.6944
1.0005,1.6945
1.0016,1.6946
1.0028,1.6947
1.004,1.6948
1.0051,1.6947
1.0063,1.6946
1.0075,1.6943
1.0086,1.694
1.0098,1.6937
1.011,1.6934
1.0121,1.6932
1.0133,1.693
1.0145,1.693
1.0156,1.693
1.0168,1.693
1.018,1.6931
1.0191,1.6931
1.0203,1.6931
1.0215,1.6932
1.0226,1.6932
1.0238,1.6933
1.025,1.6935
1.0261,1.6937
1.0273,1.6939
1.0285,1.6941
1.0297,1.6942
1.0308,1.6942
1.032,1.6941
1.0332,1.6938
1.0343,1.6936
1.0355,1.6933
1.0367,1.6931
1.0378,1.693
1.039,1.693
1.0402,1.6931
1.0413,1.6933
1.0425,1.6934
1.0437,1.6934
1.0448,1.6932
1.046,1.6929
1.0472,1.6925
1.0483,1.6921
1.0495,1.6917
1.0507,1.6915
1.0518,1.6914
1.053,1.6915
1.0542,1.6918
1.0553,1.6922
1.0565,1.6927
1.0577,1.6931
1.0588,1.6935
1.06,1.6937
1.0612,1.6938
1.0623,1.6939
1.0635,1.6938
1.0647,1.6936
1.0658,1.6934
1.067,1.6931
1.0682,1.6926
1.0693,1.6922
1.0705,1.6917
1.0717,1.6913
1.0728,1.691
1.074,1.6908
1.0752,1.6907
1.0763,1.6908
1.0775,1.691
1.0787,1.6913
1.0799,1.6917
1.081,1.692
1.0822,1.6922
1.0834,1.6923
1.0845,1.6924
1.0857,1.6923
1.0869,1.6922
1.088,1.6921
1.0892,1.6921
1.0904,1.6922
1.0915,1.6923
1.0927,1.6925
1.0939,1.6927
1.095,1.6929
1.0962,1.693
1.0974,1.6929
1.0985,1.6927
1.0997,1.6923
1.1009,1.6919
1.102,1.6914
1.1032,1.6909
1.1044,1.6904
1.1055,1.6901
1.1067,1.6899
1.1079,1.6898
1.109,1.6899
1.1102,1.69
1.1114,1.6902
1.1125,1.6904
1.1137,1.6907
1.1149,1.6909
1.116,1.6912
1.1172,1.6915
1.1184,1.6919
1.1195,1.6921
1.1207,1.6924
1.1219,1.6925
1.123,1.6925
1.1242,1.6924
1.1254,1.6922
1.1265,1.6919
1.1277,1.6916
1.1289,1.6913
1.13,1.691
1.1312,1.6908
1.1324,1.6906
1.1336,1.6905
1.1347,1.6904
1.1359,1.6902
1.1371,1.69
1.1382,1.6899
1.1394,1.6897
1.1406,1.6896
1.1417,1.6896
1.1429,1.6897
1.1441,1.6899
1.1452,1.6902
1.1464,1.6905
1.1476,1.6909
1.1487,1.6913
1.1499,1.6916
1.1511,1.6918
1.1522,1.6919
1.1534,1.6918
1.1546,1.6918
1.1557,1.6916
1.1569,1.6914
1.1581,1.6911
1.1592,1.6909
1.1604,1.6906
1.1616,1.6904
1.1627,1.6902
1.1639,1.69
1.1651,1.6898
1.1662,1.6897
1.1674,1.6897
1.1686,1.6897
1.1697,1.6897
1.1709,1.6898
1.1721,1.6899
1.1732,1.69
1.1744,1.6902
1.1756,1.6903
1.1767,1.6904
1.1779,1.6905
1.1791,1.6906
1.1802,1.6907
1.1814,1.6909
1.1826,1.6911
1.1837,1.6914
1.1849,1.6916
1.1861,1.6917
1.1873,1.6917
1.1884,1.6916
1.1896,1.6913
1.1908,1.6909
1.1919,1.6904
1.1931,1.6898
1.1943,1.6893
1.1954,1.6889
1.1966,1.6886
1.1978,1.6885
1.1989,1.6884
1.2001,1.6885
1.2013,1.6886
1.2024,1.6888
1.2036,1.689
1.2048,1.6892
1.2059,1.6894
1.2071,1.6896
1.2083,1.6897
1.2094,1.6899
1.2106,1.69
1.2118,1.6901
1.2129,1.6902
1.2141,1.6902
1.2153,1.6902
1.2164,1.6901
1.2176,1.69
1.2188,1.6899
1.2199,1.6898
1.2211,1.6897
1.2223,1.6896
1.2234,1.6896
1.2246,1.6895
1.2258,1.6895
1.2269,1.6894
1.2281,1.6892
1.2293,1.689
1.2304,1.6888
1.2316,1.6886
1.2328,1.6885
1.2339,1.6884
1.2351,1.6884
1.2363,1.6885
1.2375,1.6887
1.2386,1.689
1.2398,1.6894
1.241,1.6897
1.2421,1.69
1.2433,1.6902
1.2445,1.6903
1.2456,1.6904
1.2468,1.6903
1.248,1.6902
1.2491,1.69
1.2503,1.6898
1.2515,1.6896
1.2526,1.6894
1.2538,1.6892
1.255,1.6891
1.2561,1.689
1.2573,1.6889
1.2585,1.6888
1.2596,1.6888
1.2608,1.6888
1.262,1.6888
1.2631,1.6889
1.2643,1.6889
1.2655,1.689
1.2666,1.6891
1.2678,1.6892
1.269,1.6893
1.2701,1.6894
1.2713,1.6895
1.2725,1.6896
1.2736,1.6898
1.2748,1.6898
1.276,1.6899
1.2771,1.6899
1.2783,1.6899
1.2795,1.6898
1.2806,1.6897
1.2818,1.6895
1.283,1.6893
1.2841,1.689
1.2853,1.6888
1.2865,1.6886
1.2876,1.6884
1.2888,1.6882
1.29,1.6881
1.2912,1.6881
1.2923,1.688
1.2935,1.688
1.2947,1.6879
1.2958,1.6878
1.297,1.6878
1.2982,1.6877
1.2993,1.6877
1.3005,1.6878
1.3017,1.688
1.3028,1.6882
1.304,1.6885
1.3052,1.6889
1.3063,1.6892
1.3075,1.6894
1.3087,1.6895
1.3098,1.6895
1.311,1.6894
1.3122,1.6892
1.3133,1.689
1.3145,1.6887
1.3157,1.6885
1.3168,1.6883
1.318,1.6882
1.3192,1.6881
1.3203,1.688
1.3215,1.688
1.3227,1.6881
1.3238,1.6881
1.325,1.6883
1.3262,1.6884
1.3273,1.6885
1.3285,1.6886
1.3297,1.6887
1.3308,1.6887
1.332,1.6886
1.3332,1.6885
1.3343,1.6884
1.3355,1.6883
1.3367,1.6883
1.3378,1.6883
1.339,1.6884
1.3402,1.6885
1.3413,1.6886
1.3425,1.6888
1.3437,1.6889
1.3449,1.6889
1.346,1.6889
1.3472,1.6888
1.3484,1.6886
1.3495,1.6885
1.3507,1.6883
1.3519,1.6882
1.353,1.688
1.3542,1.688
1.3554,1.6879
1.3565,1.6879
1.3577,1.688
1.3589,1.6881
1.36,1.6882
1.3612,1.6883
1.3624,1.6884
1.3635,1.6885
1.3647,1.6885
1.3659,1.6885
1.367,1.6885
1.3682,1.6884
1.3694,1.6883
1.3705,1.6883
1.3717,1.6883
1.3729,1.6883
1.374,1.6883
1.3752,1.6884
1.3764,1.6884
1.3775,1.6885
1.3787,1.6885
1.3799,1.6885
1.381,1.6884
1.3822,1.6883
1.3834,1.6881
1.3845,1.6879
1.3857,1.6877
1.3869,1.6875
1.388,1.6874
1.3892,1.6872
1.3904,1.6872
1.3915,1.6873
1.3927,1.6874
1.3939,1.6875
1.3951,1.6877
1.3962,1.6878
1.3974,1.688
1.3986,1.688
1.3997,1.6881
1.4009,1.6881
1.4021,1.688
1.4032,1.6879
1.4044,1.6878
1.4056,1.6877
1.4067,1.6877
1.4079,1.6877
1.4091,1.6878
1.4102,1.688
1.4114,1.6881
1.4126,1.6883
1.4137,1.6883
1.4149,1.6884
1.4161,1.6883
1.4172,1.6882
1.4184,1.688
1.4196,1.6878
1.4207,1.6876
1.4219,1.6875
1.4231,1.6874
1.4242,1.6873
1.4254,1.6873
1.4266,1.6874
1.4277,1.6875
1.4289,1.6875
1.4301,1.6876
1.4312,1.6877
1.4324,1.6878
1.4336,1.6879
1.4347,1.6879
1.4359,1.6879
1.4371,1.6878
1.4382,1.6877
1.4394,1.6876
1.4406,1.6875
1.4417,1.6874
1.4429,1.6874
1.4441,1.6874
1.4452,1.6874
1.4464,1.6875
1.4476,1.6876
1.4488,1.6877
1.4499,1.6878
1.4511,1.6879
1.4523,1.688
1.4534,1.688
1.4546,1.688
1.4558,1.688
1.4569,1.6879
1.4581,1.6878
1.4593,1.6877
1.4604,1.6876
1.4616,1.6874
1.4628,1.6874
1.4639,1.6873
1.4651,1.6874
1.4663,1.6875
1.4674,1.6876
1.4686,1.6878
1.4698,1.688
1.4709,1.6882
1.4721,1.6883
1.4733,1.6883
1.4744,1.6883
1.4756,1.6882
1.4768,1.6881
1.4779,1.6879
1.4791,1.6878
1.4803,1.6877
1.4814,1.6876
1.4826,1.6876
1.4838,1.6875
1.4849,1.6874
1.4861,1.6874
1.4873,1.6873
1.4884,1.6872
1.4896,1.6872
1.4908,1.6871
1.4919,1.6871
1.4931,1.687
1.4943,1.687
1.4954,1.687
1.4966,1.687
1.4978,1.687
1.4989,1.687
1.5001,1.6871
1.5013,1.6871
1.5025,1.6872
1.5036,1.6873
1.5048,1.6874
1.506,1.6875
1.5071,1.6875
1.5083,1.6876
1.5095,1.6876
1.5106,1.6876
1.5118,1.6875
1.513,1.6874
1.5141,1.6873
1.5153,1.6872
1.5165,1.6871
1.5176,1.687
1.5188,1.687
1.52,1.6869
1.5211,1.6868
1.5223,1.6868
1.5235,1.6868
1.5246,1.6867
1.5258,1.6867
1.527,1.6868
1.5281,1.6868
1.5293,1.6869
1.5305,1.6871
1.5316,1.6872
1.5328,1.6873
1.534,1.6874
1.5351,1.6875
1.5363,1.6876
1.5375,1.6876
1.5386,1.6877
1.5398,1.6877
1.541,1.6878
1.5421,1.6878
1.5433,1.6879
1.5445,1.6879
1.5456,1.6879
1.5468,1.6878
1.548,1.6877
1.5491,1.6876
1.5503,1.6874
1.5515,1.6873
1.5527,1.6871
1.5538,1.687
1.555,1.687
1.5562,1.6869
1.5573,1.687
1.5585,1.687
1.5597,1.6871
1.5608,1.6873
1.562,1.6874
1.5632,1.6875
1.5643,1.6876
1.5655,1.6877
1.5667,1.6877
1.5678,1.6877
1.569,1.6878
1.5702,1.6878
1.5713,1.6878
1.5725,1.6878
1.5737,1.6878
1.5748,1.6878
1.576,1.6877
1.5772,1.6877
1.5783,1.6876
1.5795,1.6875
1.5807,1.6873
1.5818,1.6871
1.583,1.687
1.5842,1.6868
1.5853,1.6867
1.5865,1.6865
1.5877,1.6864
1.5888,1.6863
1.59,1.6862
1.5912,1.6861
1.5923,1.6861
1.5935,1.6861
1.5947,1.6862
1.5958,1.6863
1.597,1.6865
1.5982,1.6868
1.5993,1.687
1.6005,1.6873
1.6017,1.6874
1.6028,1.6875
1.604,1.6875
1.6052,1.6875
1.6064,1.6874
1.6075,1.6873
1.6087,1.6871
1.6099,1.687
1.611,1.6869
1.6122,1.6868
1.6134,1.6867
1.6145,1.6867
1.6157,1.6866
1.6169,1.6866
1.618,1.6866
1.6192,1.6866
1.6204,1.6866
1.6215,1.6866
1.6227,1.6867
1.6239,1.6868
1.625,1.6869
1.6262,1.687
1.6274,1.6871
1.6285,1.6872
1.6297,1.6873
1.6309,1.6874
1.632,1.6875
1.6332,1.6876
1.6344,1.6877
1.6355,1.6877
1.6367,1.6878
1.6379,1.6878
1.639,1.6878
1.6402,1.6877
1.6414,1.6876
1.6425,1.6875
1.6437,1.6873
1.6449,1.6871
1.646,1.6869
1.6472,1.6868
1.6484,1.6867
1.6495,1.6867
1.6507,1.6867
1.6519,1.6868
1.653,1.6869
1.6542,1.6869
1.6554,1.687
1.6565,1.687
1.6577,1.687
1.6589,1.687
1.6601,1.687
1.6612,1.6871
1.6624,1.6872
1.6636,1.6872
1.6647,1.6873
1.6659,1.6874
1.6671,1.6875
1.6682,1.6876
1.6694,1.6876
1.6706,1.6876
1.6717,1.6875
1.6729,1.6874
1.6741,1.6873
1.6752,1.6871
1.6764,1.6869
1.6776,1.6867
1.6787,1.6865
1.6799,1.6864
1.6811,1.6863
1.6822,1.6862
1.6834,1.6863
1.6846,1.6863
1.6857,1.6864
1.6869,1.6865
1.6881,1.6866
1.6892,1.6866
1.6904,1.6866
1.6916,1.6866
1.6927,1.6865
1.6939,1.6865
1.6951,1.6865
1.6962,1.6865
1.6974,1.6866
1.6986,1.6867
1.6997,1.6869
1.7009,1.687
1.7021,1.6872
1.7032,1.6873
1.7044,1.6873
1.7056,1.6873
1.7067,1.6872
1.7079,1.6871
1.7091,1.6869
1.7102,1.6868
1.7114,1.6866
1.7126,1.6865
1.7138,1.6864
1.7149,1.6864
1.7161,1.6864
1.7173,1.6865
1.7184,1.6867
1.7196,1.6868
1.7208,1.6869
1.7219,1.687
1.7231,1.6871
1.7243,1.6871
1.7254,1.6872
1.7266,1.6872
1.7278,1.6872
1.7289,1.6872
1.7301,1.6872
1.7313,1.6872
1.7324,1.6872
1.7336,1.6872
1.7348,1.6872
1.7359,1.6871
1.7371,1.6871
1.7383,1.6871
1.7394,1.687
1.7406,1.6869
1.7418,1.6869
1.7429,1.6868
1.7441,1.6867
1.7453,1.6866
1.7464,1.6864
1.7476,1.6863
1.7488,1.6863
1.7499,1.6863
1.7511,1.6863
1.7523,1.6865
1.7534,1.6867
1.7546,1.687
1.7558,1.6873
1.7569,1.6875
1.7581,1.6876
1.7593,1.6876
1.7604,1.6875
1.7616,1.6874
1.7628,1.6872
1.764,1.6871
1.7651,1.687
1.7663,1.6871
1.7675,1.6872
1.7686,1.6873
1.7698,1.6874
1.771,1.6875
1.7721,1.6875
1.7733,1.6875
1.7745,1.6874
1.7756,1.6872
1.7768,1.687
1.778,1.6868
1.7791,1.6866
1.7803,1.6863
1.7815,1.6861
1.7826,1.686
1.7838,1.6859
1.785,1.6858
1.7861,1.6858
1.7873,1.686
1.7885,1.6862
1.7896,1.6864
1.7908,1.6867
1.792,1.6869
1.7931,1.6871
1.7943,1.6872
1.7955,1.6872
1.7966,1.6871
1.7978,1.687
1.799,1.6868
1.8001,1.6866
1.8013,1.6865
1.8025,1.6865
1.8036,1.6866
1.8048,1.6867
1.806,1.6868
1.8071,1.6869
1.8083,1.6869
1.8095,1.6869
1.8106,1.6869
1.8118,1.6867
1.813,1.6865
1.8141,1.6864
1.8153,1.6862
1.8165,1.6861
1.8177,1.686
1.8188,1.686
1.82,1.6862
1.8212,1.6863
1.8223,1.6866
1.8235,1.6868
1.8247,1.6871
1.8258,1.6873
1.827,1.6874
1.8282,1.6875
1.8293,1.6875
1.8305,1.6875
1.8317,1.6874
1.8328,1.6873
1.834,1.6872
1.8352,1.6871
1.8363,1.687
1.8375,1.6869
1.8387,1.6868
1.8398,1.6867
1.841,1.6867
1.8422,1.6867
1.8433,1.6867
1.8445,1.6868
1.8457,1.6868
1.8468,1.6868
1.848,1.6868
1.8492,1.6868
1.8503,1.6868
1.8515,1.6867
1.8527,1.6867
1.8538,1.6867
1.855,1.6869
1.8562,1.6871
1.8573,1.6874
1.8585,1.6877
1.8597,1.6879
1.8608,1.6881
1.862,1.6882
1.8632,1.6882
1.8643,1.688
1.8655,1.6877
1.8667,1.6874
1.8678,1.6872
1.869,1.6869
1.8702,1.6867
1.8714,1.6866
1.8725,1.6866
1.8737,1.6865
1.8749,1.6865
1.876,1.6864
1.8772,1.6864
1.8784,1.6863
1.8795,1.6862
1.8807,1.6861
1.8819,1.6861
1.883,1.6861
1.8842,1.6861
1.8854,1.6861
1.8865,1.6861
1.8877,1.6861
1.8889,1.6861
1.89,1.6861
1.8912,1.6862
1.8924,1.6863
1.8935,1.6865
1.8947,1.6867
1.8959,1.6869
1.897,1.6871
1.8982,1.6872
1.8994,1.6873
1.9005,1.6872
1.9017,1.6871
1.9029,1.6868
1.904,1.6866
1.9052,1.6863
1.9064,1.6861
1.9075,1.686
1.9087,1.6859
1.9099,1.686
1.911,1.6861
1.9122,1.6863
1.9134,1.6865
1.9145,1.6867
1.9157,1.6869
1.9169,1.687
1.918,1.6871
1.9192,1.6871
1.9204,1.687
1.9216,1.687
1.9227,1.687
1.9239,1.687
1.9251,1.6871
1.9262,1.6873
1.9274,1.6874
1.9286,1.6876
1.9297,1.6877
1.9309,1.6877
1.9321,1.6876
1.9332,1.6875
1.9344,1.6873
1.9356,1.6871
1.9367,1.6869
1.9379,1.6867
1.9391,1.6866
1.9402,1.6865
1.9414,1.6865
1.9426,1.6865
1.9437,1.6866
1.9449,1.6867
1.9461,1.6868
1.9472,1.6869
1.9484,1.6871
1.9496,1.6872
1.9507,1.6873
1.9519,1.6874
1.9531,1.6874
1.9542,1.6874
1.9554,1.6874
1.9566,1.6874
1.9577,1.6874
1.9589,1.6874
1.9601,1.6874
1.9612,1.6874
1.9624,1.6874
1.9636,1.6874
1.9647,1.6874
1.9659,1.6873
1.9671,1.6871
1.9682,1.6869
1.9694,1.6866
1.9706,1.6863
1.9717,1.6861
1.9729,1.6858
1.9741,1.6857
1.9753,1.6856
1.9764,1.6856
1.9776,1.6857
1.9788,1.6859
1.9799,1.686
1.9811,1.6862
1.9823,1.6864
1.9834,1.6866
1.9846,1.6867
1.9858,1.6868
1.9869,1.6869
1.9881,1.6869
1.9893,1.6869
1.9904,1.6869
1.9916,1.6868
1.9928,1.6868
1.9939,1.6867
1.9951,1.6867
1.9963,1.6867
1.9974,1.6867
1.9986,1.6868
1.9998,1.6869
2.0009,1.6869
2.0021,1.6869
2.0033,1.6869
2.0044,1.6868
2.0056,1.6867
2.0068,1.6865
2.0079,1.6864
2.0091,1.6862
2.0103,1.6862
2.0114,1.6863
2.0126,1.6864
2.0138,1.6866
2.0149,1.6869
2.0161,1.6871
2.0173,1.6874
2.0184,1.6875
2.0196,1.6877
2.0208,1.6877
2.0219,1.6877
2.0231,1.6876
2.0243,1.6875
2.0254,1.6874
2.0266,1.6873
2.0278,1.6873
2.029,1.6872
2.0301,1.6871
2.0313,1.6871
2.0325,1.687
2.0336,1.6869
2.0348,1.6868
2.036,1.6867
2.0371,1.6866
2.0383,1.6865
2.0395,1.6864
2.0406,1.6864
2.0418,1.6864
2.043,1.6865
2.0441,1.6866
2.0453,1.6868
2.0465,1.6869
2.0476,1.6871
2.0488,1.6873
2.05,1.6875
2.0511,1.6877
2.0523,1.6878
2.0535,1.6879
2.0546,1.6879
2.0558,1.6878
2.057,1.6877
2.0581,1.6875
2.0593,1.6873
2.0605,1.6872
2.0616,1.687
2.0628,1.6869
2.064,1.6868
2.0651,1.6867
2.0663,1.6866
2.0675,1.6866
2.0686,1.6866
2.0698,1.6865
2.071,1.6865
2.0721,1.6864
2.0733,1.6863
2.0745,1.6863
2.0756,1.6862
2.0768,1.6862
2.078,1.6862
2.0792,1.6862
2.0803,1.6863
2.0815,1.6865
2.0827,1.6867
2.0838,1.6869
2.085,1.6872
2.0862,1.6873
2.0873,1.6875
2.0885,1.6875
2.0897,1.6874
2.0908,1.6873
2.092,1.6872
2.0932,1.687
2.0943,1.6868
2.0955,1.6866
2.0967,1.6865
2.0978,1.6865
2.099,1.6864
2.1002,1.6864
2.1013,1.6864
2.1025,1.6864
2.1037,1.6865
2.1048,1.6865
2.106,1.6865
2.1072,1.6866
2.1083,1.6867
2.1095,1.6867
2.1107,1.6868
2.1118,1.6869
2.113,1.687
2.1142,1.687
2.1153,1.6871
2.1165,1.6872
2.1177,1.6873
2.1188,1.6874
2.12,1.6875
2.1212,1.6875
2.1223,1.6875
2.1235,1.6874
2.1247,1.6873
2.1258,1.6871
2.127,1.687
2.1282,1.6869
2.1293,1.6868
2.1305,1.6868
2.1317,1.6868
2.1329,1.6868
2.134,1.6868
2.1352,1.6869
2.1364,1.6869
2.1375,1.6868
2.1387,1.6868
2.1399,1.6869
2.141,1.6869
2.1422,1.687
2.1434,1.6872
2.1445,1.6873
2.1457,1.6875
2.1469,1.6877
2.148,1.6878
2.1492,1.6879
2.1504,1.688
2.1515,1.688
2.1527,1.688
2.1539,1.688
2.155,1.6879
2.1562,1.6878
2.1574,1.6877
2.1585,1.6875
2.1597,1.6873
2.1609,1.6871
2.162,1.6868
2.1632,1.6866
2.1644,1.6864
2.1655,1.6863
2.1667,1.6863
2.1679,1.6863
2.169,1.6864
2.1702,1.6865
2.1714,1.6866
2.1725,1.6867
2.1737,1.6868
2.1749,1.6868
2.176,1.6868
2.1772,1.6867
2.1784,1.6867
2.1795,1.6867
2.1807,1.6867
2.1819,1.6867
2.183,1.6868
2.1842,1.6869
2.1854,1.687
2.1866,1.687
2.1877,1.6871
2.1889,1.6871
2.1901,1.687
2.1912,1.6869
2.1924,1.6867
2.1936,1.6866
2.1947,1.6864
2.1959,1.6863
2.1971,1.6863
2.1982,1.6863
2.1994,1.6864
2.2006,1.6865
2.2017,1.6867
2.2029,1.6868
2.2041,1.6869
2.2052,1.687
2.2064,1.687
2.2076,1.6871
2.2087,1.6871
2.2099,1.6871
2.2111,1.6872
2.2122,1.6873
2.2134,1.6875
2.2146,1.6877
2.2157,1.6878
2.2169,1.6879
2.2181,1.6879
2.2192,1.6879
2.2204,1.6878
2.2216,1.6877
2.2227,1.6875
2.2239,1.6874
2.2251,1.6873
2.2262,1.6871
2.2274,1.687
2.2286,1.687
2.2297,1.6869
2.2309,1.6869
2.2321,1.6869
2.2332,1.6869
2.2344,1.687
2.2356,1.6871
2.2367,1.6873
2.2379,1.6875
2.2391,1.6876
2.2403,1.6878
2.2414,1.6879
2.2426,1.6879
2.2438,1.6879
2.2449,1.6879
2.2461,1.6879
2.2473,1.6878
2.2484,1.6878
2.2496,1.6877
2.2508,1.6877
2.2519,1.6876
2.2531,1.6876
2.2543,1.6876
2.2554,1.6876
2.2566,1.6875
2.2578,1.6875
2.2589,1.6873
2.2601,1.6872
2.2613,1.6869
2.2624,1.6866
2.2636,1.6864
2.2648,1.6861
2.2659,1.6859
2.2671,1.6858
2.2683,1.6859
2.2694,1.686
2.2706,1.6863
2.2718,1.6865
2.2729,1.6868
2.2741,1.687
2.2753,1.6872
2.2764,1.6872
2.2776,1.6872
2.2788,1.6871
2.2799,1.687
2.2811,1.6869
2.2823,1.6869
2.2834,1.6868
2.2846,1.6868
2.2858,1.6869
2.2869,1.6869
2.2881,1.6869
2.2893,1.687
2.2905,1.687
2.2916,1.687
2.2928,1.6869
2.294,1.6869
2.2951,1.6868
2.2963,1.6868
2.2975,1.6867
2.2986,1.6867
2.2998,1.6867
2.301,1.6868
2.3021,1.6869
2.3033,1.6871
2.3045,1.6874
2.3056,1.6876
2.3068,1.6879
2.308,1.688
2.3091,1.6881
2.3103,1.6881
2.3115,1.688
2.3126,1.6879
2.3138,1.6877
2.315,1.6876
2.3161,1.6875
2.3173,1.6875
2.3185,1.6875
2.3196,1.6875
2.3208,1.6875
2.322,1.6875
2.3231,1.6875
2.3243,1.6874
2.3255,1.6874
2.3266,1.6873
2.3278,1.6872
2.329,1.6871
2.3301,1.6871
2.3313,1.687
2.3325,1.687
2.3336,1.687
2.3348,1.6871
2.336,1.6872
2.3371,1.6873
2.3383,1.6875
2.3395,1.6877
2.3406,1.6879
2.3418,1.6882
2.343,1.6883
2.3442,1.6884
2.3453,1.6884
2.3465,1.6883
2.3477,1.6881
2.3488,1.6878
2.35,1.6875
2.3512,1.6873
2.3523,1.687
2.3535,1.6869
2.3547,1.6868
2.3558,1.6867
2.357,1.6868
2.3582,1.6869
2.3593,1.687
2.3605,1.687
2.3617,1.6871
2.3628,1.687
2.364,1.687
2.3652,1.6869
2.3663,1.6867
2.3675,1.6866
2.3687,1.6866
2.3698,1.6866
2.371,1.6866
2.3722,1.6868
2.3733,1.687
2.3745,1.6872
2.3757,1.6875
2.3768,1.6877
2.378,1.6878
2.3792,1.6878
2.3803,1.6877
2.3815,1.6876
2.3827,1.6874
2.3838,1.6872
2.385,1.687
2.3862,1.6869
2.3873,1.6868
2.3885,1.6868
2.3897,1.6868
2.3908,1.6868
2.392,1.6869
2.3932,1.687
2.3943,1.6872
2.3955,1.6873
2.3967,1.6874
2.3979,1.6874
2.399,1.6875
2.4002,1.6875
2.4014,1.6875
2.4025,1.6875
2.4037,1.6876
2.4049,1.6876
2.406,1.6876
2.4072,1.6877
2.4084,1.6879
2.4095,1.688
2.4107,1.6881
2.4119,1.6881
2.413,1.6881
2.4142,1.688
2.4154,1.6878
2.4165,1.6875
2.4177,1.6872
2.4189,1.687
2.42,1.6868
2.4212,1.6867
2.4224,1.6868
2.4235,1.6869
2.4247,1.687
2.4259,1.6873
2.427,1.6875
2.4282,1.6877
2.4294,1.6879
2.4305,1.6881
2.4317,1.6881
2.4329,1.6881
2.434,1.688
2.4352,1.6879
2.4364,1.6878
2.4375,1.6877
2.4387,1.6877
2.4399,1.6878
2.441,1.6879
2.4422,1.688
2.4434,1.6882
2.4445,1.6884
2.4457,1.6885
2.4469,1.6885
2.4481,1.6884
2.4492,1.6882
2.4504,1.6879
2.4516,1.6876
2.4527,1.6873
2.4539,1.687
2.4551,1.6867
2.4562,1.6866
2.4574,1.6866
2.4586,1.6866
2.4597,1.6868
2.4609,1.6869
2.4621,1.6871
2.4632,1.6873
2.4644,1.6874
2.4656,1.6875
2.4667,1.6875
2.4679,1.6875
2.4691,1.6875
2.4702,1.6874
2.4714,1.6873
2.4726,1.6872
2.4737,1.6872
2.4749,1.6872
2.4761,1.6872
2.4772,1.6872
2.4784,1.6873
2.4796,1.6873
2.4807,1.6873
2.4819,1.6873
2.4831,1.6873
2.4842,1.6872
2.4854,1.6872
2.4866,1.6871
2.4877,1.687
2.4889,1.6869
2.4901,1.6869
2.4912,1.6869
2.4924,1.6869
2.4936,1.6869
2.4947,1.6871
2.4959,1.6872
2.4971,1.6875
2.4982,1.6877
2.4994,1.688
2.5006,1.6882
2.5018,1.6883
2.5029,1.6883
2.5041,1.6883
2.5053,1.6881
2.5064,1.6879
2.5076,1.6877
2.5088,1.6876
2.5099,1.6875
2.5111,1.6875
2.5123,1.6876
2.5134,1.6878
2.5146,1.6879
2.5158,1.6881
2.5169,1.6881
2.5181,1.6881
2.5193,1.6879
2.5204,1.6877
2.5216,1.6875
2.5228,1.6873
2.5239,1.6871
2.5251,1.6871
2.5263,1.6873
2.5274,1.6875
2.5286,1.6879
2.5298,1.6882
2.5309,1.6886
2.5321,1.6889
2.5333,1.689
2.5344,1.689
2.5356,1.6889
2.5368,1.6887
2.5379,1.6885
2.5391,1.6882
2.5403,1.688
2.5414,1.6878
2.5426,1.6877
2.5438,1.6877
2.5449,1.6877
2.5461,1.6878
2.5473,1.6878
2.5484,1.6878
2.5496,1.6877
2.5508,1.6877
2.5519,1.6875
2.5531,1.6874
2.5543,1.6873
2.5555,1.6872
2.5566,1.6871
2.5578,1.6869
2.559,1.6869
2.5601,1.6868
2.5613,1.6868
2.5625,1.6868
2.5636,1.6869
2.5648,1.6871
2.566,1.6873
2.5671,1.6875
2.5683,1.6877
2.5695,1.6878
2.5706,1.6879
2.5718,1.6879
2.573,1.6877
2.5741,1.6876
2.5753,1.6874
2.5765,1.6872
2.5776,1.6871
2.5788,1.687
2.58,1.687
2.5811,1.6871
2.5823,1.6871
2.5835,1.6872
2.5846,1.6873
2.5858,1.6874
2.587,1.6875
2.5881,1.6875
2.5893,1.6876
2.5905,1.6876
2.5916,1.6877
2.5928,1.6878
2.594,1.6878
2.5951,1.6879
2.5963,1.688
2.5975,1.6881
2.5986,1.6882
2.5998,1.6883
2.601,1.6884
2.6021,1.6885
2.6033,1.6886
2.6045,1.6886
2.6057,1.6885
2.6068,1.6884
2.608,1.6882
2.6092,1.688
2.6103,1.6877
2.6115,1.6875
2.6127,1.6874
2.6138,1.6874
2.615,1.6875
2.6162,1.6877
2.6173,1.6879
2.6185,1.6881
2.6197,1.6883
2.6208,1.6884
2.622,1.6884
2.6232,1.6884
2.6243,1.6883
2.6255,1.6881
2.6267,1.688
2.6278,1.688
2.629,1.688
2.6302,1.6881
2.6313,1.6883
2.6325,1.6885
2.6337,1.6887
2.6348,1.6888
2.636,1.6888
2.6372,1.6888
2.6383,1.6886
2.6395,1.6884
2.6407,1.6882
2.6418,1.6879
2.643,1.6876
2.6442,1.6874
2.6453,1.6873
2.6465,1.6873
2.6477,1.6873
2.6488,1.6873
2.65,1.6873
2.6512,1.6874
2.6523,1.6874
2.6535,1.6874
2.6547,1.6874
2.6558,1.6875
2.657,1.6875
2.6582,1.6876
2.6594,1.6877
2.6605,1.6877
2.6617,1.6877
2.6629,1.6877
2.664,1.6876
2.6652,1.6875
2.6664,1.6874
2.6675,1.6874
2.6687,1.6875
2.6699,1.6876
2.671,1.6877
2.6722,1.6879
2.6734,1.688
2.6745,1.688
2.6757,1.6879
2.6769,1.6878
2.678,1.6877
2.6792,1.6875
2.6804,1.6874
2.6815,1.6873
2.6827,1.6874
2.6839,1.6875
2.685,1.6876
2.6862,1.6878
2.6874,1.688
2.6885,1.6882
2.6897,1.6883
2.6909,1.6883
2.692,1.6883
2.6932,1.6883
2.6944,1.6883
2.6955,1.6884
2.6967,1.6884
2.6979,1.6884
2.699,1.6885
2.7002,1.6885
2.7014,1.6885
2.7025,1.6885
2.7037,1.6884
2.7049,1.6884
2.706,1.6883
2.7072,1.6882
2.7084,1.6881
2.7095,1.6879
2.7107,1.6878
2.7119,1.6877
2.7131,1.6876
2.7142,1.6876
2.7154,1.6877
2.7166,1.6878
2.7177,1.6879
2.7189,1.6881
2.7201,1.6883
2.7212,1.6885
2.7224,1.6886
2.7236,1.6887
2.7247,1.6887
2.7259,1.6887
2.7271,1.6887
2.7282,1.6886
2.7294,1.6886
2.7306,1.6885
2.7317,1.6884
2.7329,1.6884
2.7341,1.6883
2.7352,1.6883
2.7364,1.6883
2.7376,1.6883
2.7387,1.6883
2.7399,1.6883
2.7411,1.6883
2.7422,1.6882
2.7434,1.6881
2.7446,1.688
2.7457,1.6879
2.7469,1.6877
2.7481,1.6876
2.7492,1.6875
2.7504,1.6874
2.7516,1.6874
2.7527,1.6875
2.7539,1.6876
2.7551,1.6877
2.7562,1.6878
2.7574,1.6879
2.7586,1.688
2.7597,1.688
2.7609,1.6881
2.7621,1.6881
2.7633,1.688
2.7644,1.688
2.7656,1.6879
2.7668,1.6878
2.7679,1.6878
2.7691,1.6877
2.7703,1.6877
2.7714,1.6877
2.7726,1.6877
2.7738,1.6877
2.7749,1.6878
2.7761,1.6878
2.7773,1.6878
2.7784,1.6877
2.7796,1.6877
2.7808,1.6877
2.7819,1.6877
2.7831,1.6877
2.7843,1.6878
2.7854,1.688
2.7866,1.6881
2.7878,1.6883
2.7889,1.6885
2.7901,1.6886
2.7913,1.6887
2.7924,1.6886
2.7936,1.6886
2.7948,1.6885
2.7959,1.6884
2.7971,1.6883
2.7983,1.6882
2.7994,1.6883
2.8006,1.6883
2.8018,1.6884
2.8029,1.6884
2.8041,1.6885
2.8053,1.6885
2.8064,1.6884
2.8076,1.6883
2.8088,1.6882
2.8099,1.6882
2.8111,1.6881
2.8123,1.6881
2.8134,1.6882
2.8146,1.6882
2.8158,1.6883
2.817,1.6885
2.8181,1.6886
2.8193,1.6887
2.8205,1.6888
2.8216,1.6889
2.8228,1.689
2.824,1.6891
2.8251,1.6891
2.8263,1.6892
2.8275,1.6892
2.8286,1.6892
2.8298,1.6891
2.831,1.689
2.8321,1.6888
2.8333,1.6886
2.8345,1.6884
2.8356,1.6882
2.8368,1.6881
2.838,1.688
2.8391,1.688
2.8403,1.688
2.8415,1.6881
2.8426,1.6882
2.8438,1.6883
2.845,1.6883
2.8461,1.6882
2.8473,1.6881
2.8485,1.688
2.8496,1.6878
2.8508,1.6877
2.852,1.6876
2.8531,1.6876
2.8543,1.6877
2.8555,1.6878
2.8566,1.6879
2.8578,1.6881
2.859,1.6882
2.8601,1.6882
2.8613,1.6882
2.8625,1.6881
2.8636,1.688
2.8648,1.6879
2.866,1.6878
2.8671,1.6877
2.8683,1.6877
2.8695,1.6877
2.8707,1.6877
2.8718,1.6878
2.873,1.6879
2.8742,1.688
2.8753,1.6881
2.8765,1.6881
2.8777,1.6881
2.8788,1.6882
2.88,1.6882
2.8812,1.6881
2.8823,1.6881
2.8835,1.6882
2.8847,1.6882
2.8858,1.6884
2.887,1.6885
2.8882,1.6887
2.8893,1.689
2.8905,1.6892
2.8917,1.6893
2.8928,1.6893
2.894,1.6893
2.8952,1.6891
2.8963,1.6889
2.8975,1.6886
2.8987,1.6884
2.8998,1.6882
2.901,1.6881
2.9022,1.6881
2.9033,1.6882
2.9045,1.6884
2.9057,1.6886
2.9068,1.6887
2.908,1.6889
2.9092,1.689
2.9103,1.689
2.9115,1.689
2.9127,1.6889
2.9138,1.6889
2.915,1.6889
2.9162,1.6889
2.9173,1.6889
2.9185,1.689
2.9197,1.689
2.9208,1.689
2.922,1.689
2.9232,1.689
2.9244,1.689
2.9255,1.689
2.9267,1.689
2.9279,1.689
2.929,1.689
2.9302,1.689
2.9314,1.6889
2.9325,1.6888
2.9337,1.6887
2.9349,1.6884
2.936,1.6882
2.9372,1.688
2.9384,1.6878
2.9395,1.6877
2.9407,1.6877
2.9419,1.6878
2.943,1.6879
2.9442,1.6881
2.9454,1.6883
2.9465,1.6884
2.9477,1.6884
2.9489,1.6884
2.95,1.6882
2.9512,1.6881
2.9524,1.6879
2.9535,1.6878
2.9547,1.6878
2.9559,1.6878
2.957,1.6879
2.9582,1.6881
2.9594,1.6882
2.9605,1.6884
2.9617,1.6884
2.9629,1.6885
2.964,1.6884
2.9652,1.6883
2.9664,1.6881
2.9675,1.688
2.9687,1.6879
2.9699,1.6878
2.971,1.6879
2.9722,1.688
2.9734,1.6881
2.9746,1.6883
2.9757,1.6886
2.9769,1.6888
2.9781,1.6889
2.9792,1.689
2.9804,1.6891
2.9816,1.6891
2.9827,1.689
2.9839,1.6889
2.9851,1.6888
2.9862,1.6887
2.9874,1.6887
2.9886,1.6887
2.9897,1.6888
2.9909,1.689
2.9921,1.6891
2.9932,1.6892
2.9944,1.6893
2.9956,1.6893
2.9967,1.6892
2.9979,1.6891
2.9991,1.6889
3.0002,1.6888
3.0014,1.6886
3.0026,1.6884
3.0037,1.6883
3.0049,1.6883
3.0061,1.6883
3.0072,1.6884
3.0084,1.6886
3.0096,1.6887
3.0107,1.6889
3.0119,1.6892
3.0131,1.6893
3.0142,1.6895
3.0154,1.6896
3.0166,1.6896
3.0177,1.6895
3.0189,1.6894
3.0201,1.6892
3.0212,1.689
3.0224,1.6888
3.0236,1.6887
3.0247,1.6886
3.0259,1.6886
3.0271,1.6886
3.0283,1.6887
3.0294,1.6888
3.0306,1.6889
3.0318,1.689
3.0329,1.6889
3.0341,1.6889
3.0353,1.6887
3.0364,1.6886
3.0376,1.6884
3.0388,1.6882
3.0399,1.6881
3.0411,1.688
3.0423,1.688
3.0434,1.688
3.0446,1.6882
3.0458,1.6883
3.0469,1.6885
3.0481,1.6886
3.0493,1.6887
3.0504,1.6888
3.0516,1.6887
3.0528,1.6886
3.0539,1.6885
3.0551,1.6883
3.0563,1.6882
3.0574,1.6882
3.0586,1.6882
3.0598,1.6883
3.0609,1.6884
3.0621,1.6885
3.0633,1.6886
3.0644,1.6887
3.0656,1.6887
3.0668,1.6886
3.0679,1.6886
3.0691,1.6885
3.0703,1.6884
3.0714,1.6884
3.0726,1.6884
3.0738,1.6884
3.0749,1.6885
3.0761,1.6886
3.0773,1.6888
3.0784,1.6889
3.0796,1.6891
3.0808,1.6892
3.082,1.6894
3.0831,1.6894
3.0843,1.6894
3.0855,1.6894
3.0866,1.6893
3.0878,1.6891
3.089,1.6889
3.0901,1.6887
3.0913,1.6885
3.0925,1.6884
3.0936,1.6884
3.0948,1.6884
3.096,1.6886
3.0971,1.6887
3.0983,1.6889
3.0995,1.6891
3.1006,1.6892
3.1018,1.6893
3.103,1.6894
3.1041,1.6893
3.1053,1.6892
3.1065,1.6891
3.1076,1.689
3.1088,1.6889
3.11,1.6888
3.1111,1.6889
3.1123,1.689
3.1135,1.6892
3.1146,1.6895
3.1158,1.6897
3.117,1.6899
3.1181,1.6901
3.1193,1.6901
3.1205,1.69
3.1216,1.6898
3.1228,1.6894
3.124,1.6891
3.1251,1.6888
3.1263,1.6886
3.1275,1.6885
3.1286,1.6885
3.1298,1.6885
3.131,1.6887
3.1322,1.6888
3.1333,1.689
3.1345,1.689
3.1357,1.689
3.1368,1.689
3.138,1.6889
3.1392,1.6887
3.1403,1.6886
3.1415,1.6885
3.1427,1.6884
3.1438,1.6884
3.145,1.6884
3.1462,1.6884
3.1473,1.6884
3.1485,1.6885
3.1497,1.6886
3.1508,1.6887
3.152,1.6887
3.1532,1.6888
3.1543,1.6888
3.1555,1.6887
3.1567,1.6886
3.1578,1.6885
3.159,1.6883
3.1602,1.6883
3.1613,1.6882
3.1625,1.6882
3.1637,1.6883
3.1648,1.6885
3.166,1.6886
3.1672,1.6888
3.1683,1.6889
3.1695,1.689
3.1707,1.689
3.1718,1.689
3.173,1.689
3.1742,1.689
3.1753,1.689
3.1765,1.689
3.1777,1.6891
3.1788,1.6891
3.18,1.6891
3.1812,1.6892
3.1823,1.6893
3.1835,1.6893
3.1847,1.6894
3.1859,1.6895
3.187,1.6896
3.1882,1.6896
3.1894,1.6896
3.1905,1.6895
3.1917,1.6893
3.1929,1.6891
3.194,1.6889
3.1952,1.6887
3.1964,1.6886
3.1975,1.6886
3.1987,1.6888
3.1999,1.689
3.201,1.6893
3.2022,1.6897
3.2034,1.6899
3.2045,1.6901
3.2057,1.6902
3.2069,1.6902
3.208,1.6901
3.2092,1.6899
3.2104,1.6896
3.2115,1.6894
3.2127,1.6893
3.2139,1.6892
3.215,1.6892
3.2162,1.6893
3.2174,1.6894
3.2185,1.6896
3.2197,1.6897
3.2209,1.6898
3.222,1.6898
3.2232,1.6897
3.2244,1.6895
3.2255,1.6893
3.2267,1.6891
3.2279,1.6888
3.229,1.6886
3.2302,1.6885
3.2314,1.6885
3.2325,1.6885
3.2337,1.6885
3.2349,1.6886
3.236,1.6887
3.2372,1.6887
3.2384,1.6888
3.2396,1.6887
3.2407,1.6887
3.2419,1.6887
3.2431,1.6886
3.2442,1.6886
3.2454,1.6886
3.2466,1.6886
3.2477,1.6886
3.2489,1.6886
3.2501,1.6886
3.2512,1.6886
3.2524,1.6886
3.2536,1.6886
3.2547,1.6886
3.2559,1.6887
3.2571,1.6887
3.2582,1.6888
3.2594,1.6888
3.2606,1.6889
3.2617,1.6889
3.2629,1.6888
3.2641,1.6888
3.2652,1.6888
3.2664,1.6889
3.2676,1.6889
3.2687,1.689
3.2699,1.6892
3.2711,1.6894
3.2722,1.6896
3.2734,1.6897
3.2746,1.6898
3.2757,1.6899
3.2769,1.6899
3.2781,1.6898
3.2792,1.6896
3.2804,1.6894
3.2816,1.6893
3.2827,1.6891
3.2839,1.6891
3.2851,1.6891
3.2862,1.6892
3.2874,1.6894
3.2886,1.6896
3.2898,1.6898
3.2909,1.6899
3.2921,1.6899
3.2933,1.6898
3.2944,1.6896
3.2956,1.6894
3.2968,1.6893
3.2979,1.6891
3.2991,1.6891
3.3003,1.6891
3.3014,1.6893
3.3026,1.6895
3.3038,1.6898
3.3049,1.69
3.3061,1.6902
3.3073,1.6902
3.3084,1.6902
3.3096,1.6901
3.3108,1.69
3.3119,1.6898
3.3131,1.6896
3.3143,1.6895
3.3154,1.6893
3.3166,1.6892
3.3178,1.6891
3.3189,1.6891
3.3201,1.6891
3.3213,1.6891
3.3224,1.6891
3.3236,1.6891
3.3248,1.6892
3.3259,1.6892
3.3271,1.6892
3.3283,1.6892
3.3294,1.6892
3.3306,1.6891
3.3318,1.689
3.3329,1.6889
3.3341,1.6888
3.3353,1.6887
3.3364,1.6887
3.3376,1.6887
3.3388,1.6888
3.3399,1.6889
3.3411,1.689
3.3423,1.6891
3.3435,1.6891
3.3446,1.6891
3.3458,1.6891
3.347,1.6891
3.3481,1.689
3.3493,1.689
3.3505,1.6889
3.3516,1.6889
3.3528,1.6889
3.354,1.689
3.3551,1.689
3.3563,1.6891
3.3575,1.6891
3.3586,1.6892
3.3598,1.6892
3.361,1.6893
3.3621,1.6893
3.3633,1.6893
3.3645,1.6893
3.3656,1.6894
3.3668,1.6894
3.368,1.6894
3.3691,1.6895
3.3703,1.6896
3.3715,1.6896
3.3726,1.6898
3.3738,1.6899
3.375,1.69
3.3761,1.69
3.3773,1.69
3.3785,1.69
3.3796,1.6899
3.3808,1.6897
3.382,1.6895
3.3831,1.6893
3.3843,1.6891
3.3855,1.689
3.3866,1.689
3.3878,1.6891
3.389,1.6892
3.3901,1.6895
3.3913,1.6897
3.3925,1.6899
3.3936,1.6901
3.3948,1.6901
3.396,1.6901
3.3972,1.69
3.3983,1.6899
3.3995,1.6897
3.4007,1.6897
3.4018,1.6896
3.403,1.6897
3.4042,1.6898
3.4053,1.6899
3.4065,1.69
3.4077,1.6901
3.4088,1.6901
3.41,1.6901
3.4112,1.69
3.4123,1.6899
3.4135,1.6898
3.4147,1.6898
3.4158,1.6897
3.417,1.6896
3.4182,1.6896
3.4193,1.6895
3.4205,1.6894
3.4217,1.6894
3.4228,1.6893
3.424,1.6892
3.4252,1.6892
3.4263,1.6892
3.4275,1.6892
3.4287,1.6892
3.4298,1.6893
3.431,1.6893
3.4322,1.6893
3.4333,1.6893
3.4345,1.6893
3.4357,1.6892
3.4368,1.6891
3.438,1.6891
3.4392,1.6891
3.4403,1.6891
3.4415,1.6891
3.4427,1.6891
3.4438,1.6892
3.445,1.6892
3.4462,1.6893
3.4473,1.6893
3.4485,1.6892
3.4497,1.6892
3.4509,1.6891
3.452,1.689
3.4532,1.689
3.4544,1.689
3.4555,1.689
3.4567,1.6891
3.4579,1.6893
3.459,1.6894
3.4602,1.6896
3.4614,1.6897
3.4625,1.6898
3.4637,1.6898
3.4649,1.6898
3.466,1.6897
3.4672,1.6896
3.4684,1.6895
3.4695,1.6894
3.4707,1.6895
3.4719,1.6895
3.473,1.6897
3.4742,1.6899
3.4754,1.69
3.4765,1.6901
3.4777,1.6902
3.4789,1.6902
3.48,1.6901
3.4812,1.6899
3.4824,1.6898
3.4835,1.6896
3.4847,1.6895
3.4859,1.6894
3.487,1.6894
3.4882,1.6895
3.4894,1.6896
3.4905,1.6898
3.4917,1.6899
3.4929,1.6901
3.494,1.6902
3.4952,1.6904
3.4964,1.6904
3.4975,1.6905
3.4987,1.6905
3.4999,1.6904
3.5011,1.6903
3.5022,1.6903
3.5034,1.6902
3.5046,1.6901
3.5057,1.69
3.5069,1.69
3.5081,1.69
3.5092,1.6899
3.5104,1.6899
3.5116,1.6899
3.5127,1.6899
3.5139,1.6899
3.5151,1.6899
3.5162,1.6898
3.5174,1.6898
3.5186,1.6897
3.5197,1.6896
3.5209,1.6896
3.5221,1.6895
3.5232,1.6894
3.5244,1.6893
3.5256,1.6892
3.5267,1.6892
3.5279,1.6892
3.5291,1.6892
3.5302,1.6892
3.5314,1.6893
3.5326,1.6893
3.5337,1.6893
3.5349,1.6893
3.5361,1.6892
3.5372,1.6892
3.5384,1.6891
3.5396,1.689
3.5407,1.689
3.5419,1.689
3.5431,1.6891
3.5442,1.6892
3.5454,1.6893
3.5466,1.6894
3.5477,1.6895
3.5489,1.6895
3.5501,1.6895
3.5512,1.6894
3.5524,1.6893
3.5536,1.6892
3.5548,1.6891
3.5559,1.6891
3.5571,1.6892
3.5583,1.6893
3.5594,1.6895
3.5606,1.6898
3.5618,1.6901
3.5629,1.6903
3.5641,1.6905
3.5653,1.6906
3.5664,1.6905
3.5676,1.6904
3.5688,1.6901
3.5699,1.6899
3.5711,1.6897
3.5723,1.6895
3.5734,1.6895
3.5746,1.6896
3.5758,1.6897
3.5769,1.6899
3.5781,1.6901
3.5793,1.6903
3.5804,1.6903
3.5816,1.6903
3.5828,1.6903
3.5839,1.6902
3.5851,1.6901
3.5863,1.6901
3.5874,1.6901
3.5886,1.6901
3.5898,1.6901
3.5909,1.6902
3.5921,1.6902
3.5933,1.6902
3.5944,1.6903
3.5956,1.6903
3.5968,1.6904
3.5979,1.6905
3.5991,1.6906
3.6003,1.6907
3.6014,1.6907
3.6026,1.6907
3.6038,1.6905
3.6049,1.6904
3.6061,1.6901
3.6073,1.6899
3.6085,1.6897
3.6096,1.6896
3.6108,1.6895
3.612,1.6895
3.6131,1.6896
3.6143,1.6898
3.6155,1.6899
3.6166,1.6899
3.6178,1.6899
3.619,1.6898
3.6201,1.6897
3.6213,1.6895
3.6225,1.6894
3.6236,1.6893
3.6248,1.6892
3.626,1.6892
3.6271,1.6893
3.6283,1.6893
3.6295,1.6894
3.6306,1.6895
3.6318,1.6896
3.633,1.6896
3.6341,1.6896
3.6353,1.6896
3.6365,1.6896
3.6376,1.6895
3.6388,1.6894
3.64,1.6893
3.6411,1.6893
3.6423,1.6892
3.6435,1.6893
3.6446,1.6894
3.6458,1.6895
3.647,1.6897
3.6481,1.6899
3.6493,1.69
3.6505,1.6901
3.6516,1.6901
3.6528,1.6901
3.654,1.69
3.6551,1.6899
3.6563,1.6898
3.6575,1.6897
3.6587,1.6897
3.6598,1.6898
3.661,1.6899
3.6622,1.69
3.6633,1.6902
3.6645,1.6904
3.6657,1.6906
3.6668,1.6907
3.668,1.6907
3.6692,1.6907
3.6703,1.6905
3.6715,1.6903
3.6727,1.6901
3.6738,1.6899
3.675,1.6898
3.6762,1.6897
3.6773,1.6897
3.6785,1.6897
3.6797,1.6898
3.6808,1.6899
3.682,1.6901
3.6832,1.6903
3.6843,1.6904
3.6855,1.6905
3.6867,1.6906
3.6878,1.6907
3.689,1.6907
3.6902,1.6907
3.6913,1.6906
3.6925,1.6905
3.6937,1.6904
3.6948,1.6903
3.696,1.6902
3.6972,1.6901
3.6983,1.6901
3.6995,1.6901
3.7007,1.6902
3.7018,1.6903
3.703,1.6905
3.7042,1.6906
3.7053,1.6906
3.7065,1.6906
3.7077,1.6904
3.7088,1.6902
3.71,1.6899
3.7112,1.6897
3.7124,1.6895
3.7135,1.6895
3.7147,1.6895
3.7159,1.6896
3.717,1.6897
3.7182,1.6899
3.7194,1.69
3.7205,1.6901
3.7217,1.6901
3.7229,1.6899
3.724,1.6898
3.7252,1.6896
3.7264,1.6894
3.7275,1.6893
3.7287,1.6893
3.7299,1.6893
3.731,1.6894
3.7322,1.6896
3.7334,1.6898
3.7345,1.6899
3.7357,1.69
3.7369,1.6901
3.738,1.69
3.7392,1.6899
3.7404,1.6898
3.7415,1.6896
3.7427,1.6895
3.7439,1.6894
3.745,1.6894
3.7462,1.6894
3.7474,1.6896
3.7485,1.6897
3.7497,1.69
3.7509,1.6902
3.752,1.6903
3.7532,1.6904
3.7544,1.6905
3.7555,1.6905
3.7567,1.6904
3.7579,1.6903
3.759,1.6902
3.7602,1.6901
3.7614,1.6901
3.7625,1.6901
3.7637,1.69
3.7649,1.6901
3.7661,1.6901
3.7672,1.6901
3.7684,1.6902
3.7696,1.6903
3.7707,1.6904
3.7719,1.6905
3.7731,1.6905
3.7742,1.6906
3.7754,1.6906
3.7766,1.6905
3.7777,1.6904
3.7789,1.6902
3.7801,1.6901
3.7812,1.69
3.7824,1.69
3.7836,1.6901
3.7847,1.6902
3.7859,1.6904
3.7871,1.6907
3.7882,1.6909
3.7894,1.6911
3.7906,1.6912
3.7917,1.6912
3.7929,1.6911
3.7941,1.691
3.7952,1.6907
3.7964,1.6905
3.7976,1.6903
3.7987,1.6901
3.7999,1.69
3.8011,1.69
3.8022,1.6901
3.8034,1.6902
3.8046,1.6903
3.8057,1.6905
3.8069,1.6905
3.8081,1.6905
3.8092,1.6905
3.8104,1.6903
3.8116,1.6902
3.8127,1.69
3.8139,1.6898
3.8151,1.6897
3.8163,1.6896
3.8174,1.6896
3.8186,1.6897
3.8198,1.6898
3.8209,1.6899
3.8221,1.69
3.8233,1.69
3.8244,1.69
3.8256,1.6899
3.8268,1.6898
3.8279,1.6897
3.8291,1.6895
3.8303,1.6894
3.8314,1.6894
3.8326,1.6894
3.8338,1.6895
3.8349,1.6896
3.8361,1.6898
3.8373,1.6899
3.8384,1.69
3.8396,1.6901
3.8408,1.6901
3.8419,1.69
3.8431,1.6899
3.8443,1.6898
3.8454,1.6898
3.8466,1.6898
3.8478,1.6898
3.8489,1.6899
3.8501,1.69
3.8513,1.6901
3.8524,1.6903
3.8536,1.6904
3.8548,1.6905
3.8559,1.6906
3.8571,1.6907
3.8583,1.6907
3.8594,1.6908
3.8606,1.6908
3.8618,1.6907
3.8629,1.6906
3.8641,1.6905
3.8653,1.6903
3.8664,1.6902
3.8676,1.69
3.8688,1.69
3.87,1.69
3.8711,1.6901
3.8723,1.6903
3.8735,1.6905
3.8746,1.6908
3.8758,1.691
3.877,1.6911
3.8781,1.6912
3.8793,1.6911
3.8805,1.691
3.8816,1.6909
3.8828,1.6907
3.884,1.6906
3.8851,1.6906
3.8863,1.6906
3.8875,1.6906
3.8886,1.6908
3.8898,1.6909
3.891,1.691
3.8921,1.691
3.8933,1.6911
3.8945,1.691
3.8956,1.6909
3.8968,1.6908
3.898,1.6907
3.8991,1.6905
3.9003,1.6904
3.9015,1.6903
3.9026,1.6902
3.9038,1.6901
3.905,1.6901
3.9061,1.6901
3.9073,1.6901
3.9085,1.6901
3.9096,1.6902
3.9108,1.6901
3.912,1.6901
3.9131,1.6901
3.9143,1.69
3.9155,1.6899
3.9166,1.6898
3.9178,1.6898
3.919,1.6897
3.9201,1.6897
3.9213,1.6898
3.9225,1.6898
3.9237,1.6899
3.9248,1.69
3.926,1.69
3.9272,1.69
3.9283,1.69
3.9295,1.6899
3.9307,1.6899
3.9318,1.6899
3.933,1.6898
3.9342,1.6898
3.9353,1.6899
3.9365,1.6899
3.9377,1.69
3.9388,1.6901
3.94,1.6902
3.9412,1.6903
3.9423,1.6904
3.9435,1.6904
3.9447,1.6905
3.9458,1.6906
3.947,1.6906
3.9482,1.6906
3.9493,1.6906
3.9505,1.6905
3.9517,1.6905
3.9528,1.6905
3.954,1.6905
3.9552,1.6905
3.9563,1.6905
3.9575,1.6906
3.9587,1.6907
3.9598,1.6908
3.961,1.6909
3.9622,1.691
3.9633,1.691
3.9645,1.691
3.9657,1.6909
3.9668,1.6907
3.968,1.6905
3.9692,1.6904
3.9703,1.6903
3.9715,1.6902
3.9727,1.6903
3.9739,1.6904
3.975,1.6906
3.9762,1.6908
3.9774,1.691
3.9785,1.6912
3.9797,1.6913
3.9809,1.6913
3.982,1.6912
3.9832,1.6911
3.9844,1.6909
3.9855,1.6908
3.9867,1.6907
3.9879,1.6906
3.989,1.6906
3.9902,1.6907
3.9914,1.6907
3.9925,1.6907
3.9937,1.6907
3.9949,1.6907
3.996,1.6906
3.9972,1.6905
3.9984,1.6905
3.9995,1.6904
4.0007,1.6904
4.0019,1.6904
4.003,1.6904
4.0042,1.6903
4.0054,1.6903
4.0065,1.6903
4.0077,1.6903
4.0089,1.6902
4.01,1.6902
4.0112,1.6901
4.0124,1.6901
4.0135,1.69
4.0147,1.69
4.0159,1.6899
4.017,1.6899
4.0182,1.6899
4.0194,1.69
4.0205,1.69
4.0217,1.6901
4.0229,1.6901
4.024,1.6902
4.0252,1.6902
4.0264,1.6902
4.0276,1.6902
4.0287,1.6902
4.0299,1.6902
4.0311,1.6902
4.0322,1.6902
4.0334,1.6902
4.0346,1.6902
4.0357,1.6902
4.0369,1.6902
4.0381,1.6902
4.0392,1.6902
4.0404,1.6902
4.0416,1.6902
4.0427,1.6903
4.0439,1.6905
4.0451,1.6907
4.0462,1.6909
4.0474,1.691
4.0486,1.6911
4.0497,1.6911
4.0509,1.691
4.0521,1.6909
4.0532,1.6907
4.0544,1.6905
4.0556,1.6903
4.0567,1.6902
4.0579,1.6903
4.0591,1.6904
4.0602,1.6906
4.0614,1.6908
4.0626,1.6909
4.0637,1.691
4.0649,1.6911
4.0661,1.691
4.0672,1.6909
4.0684,1.6908
4.0696,1.6907
4.0707,1.6906
4.0719,1.6906
4.0731,1.6907
4.0742,1.6908
4.0754,1.6909
4.0766,1.6911
4.0777,1.6912
4.0789,1.6913
4.0801,1.6913
4.0813,1.6913
4.0824,1.6912
4.0836,1.6911
4.0848,1.691
4.0859,1.6909
4.0871,1.6909
4.0883,1.6908
4.0894,1.6908
4.0906,1.6908
4.0918,1.6908
4.0929,1.6908
4.0941,1.6908
4.0953,1.6908
4.0964,1.6907
4.0976,1.6907
4.0988,1.6906
4.0999,1.6905
4.1011,1.6904
4.1023,1.6903
4.1034,1.6903
4.1046,1.6903
4.1058,1.6903
4.1069,1.6904
4.1081,1.6904
4.1093,1.6904
4.1104,1.6904
4.1116,1.6904
4.1128,1.6904
4.1139,1.6903
4.1151,1.6902
4.1163,1.6902
4.1174,1.6901
4.1186,1.6901
4.1198,1.6901
4.1209,1.6901
4.1221,1.6901
4.1233,1.6901
4.1244,1.6901
4.1256,1.6901
4.1268,1.6902
4.1279,1.6902
4.1291,1.6903
4.1303,1.6904
4.1314,1.6904
4.1326,1.6905
4.1338,1.6905
4.135,1.6905
4.1361,1.6905
4.1373,1.6905
4.1385,1.6904
4.1396,1.6903
4.1408,1.6903
4.142,1.6903
4.1431,1.6903
4.1443,1.6904
4.1455,1.6906
4.1466,1.6908
4.1478,1.691
4.149,1.6912
4.1501,1.6913
4.1513,1.6914
4.1525,1.6913
4.1536,1.6911
4.1548,1.6909
4.156,1.6907
4.1571,1.6905
4.1583,1.6903
4.1595,1.6903
4.1606,1.6904
4.1618,1.6906
4.163,1.6908
4.1641,1.691
4.1653,1.6912
4.1665,1.6914
4.1676,1.6914
4.1688,1.6914
4.17,1.6913
4.1711,1.6912
4.1723,1.6911
4.1735,1.6911
4.1746,1.691
4.1758,1.6911
4.177,1.6911
4.1781,1.6912
4.1793,1.6913
4.1805,1.6913
4.1816,1.6914
4.1828,1.6914
4.184,1.6913
4.1852,1.6912
4.1863,1.6911
4.1875,1.691
4.1887,1.6909
4.1898,1.6908
4.191,1.6907
4.1922,1.6907
4.1933,1.6907
4.1945,1.6907
4.1957,1.6907
4.1968,1.6908
4.198,1.6908
4.1992,1.6908
4.2003,1.6907
4.2015,1.6906
4.2027,1.6905
4.2038,1.6904
4.205,1.6902
4.2062,1.6901
4.2073,1.69
4.2085,1.69
4.2097,1.69
4.2108,1.69
4.212,1.6901
4.2132,1.6902
4.2143,1.6903
4.2155,1.6904
4.2167,1.6904
4.2178,1.6905
4.219,1.6905
4.2202,1.6905
4.2213,1.6904
4.2225,1.6903
4.2237,1.6902
4.2248,1.6901
4.226,1.69
4.2272,1.6899
4.2283,1.69
4.2295,1.6901
4.2307,1.6903
4.2318,1.6905
4.233,1.6908
4.2342,1.691
4.2353,1.6912
4.2365,1.6912
4.2377,1.6912
4.2389,1.6911
4.24,1.691
4.2412,1.6908
4.2424,1.6906
4.2435,1.6906
4.2447,1.6906
4.2459,1.6906
4.247,1.6908
4.2482,1.691
4.2494,1.6912
4.2505,1.6913
4.2517,1.6914
4.2529,1.6915
4.254,1.6914
4.2552,1.6913
4.2564,1.6912
4.2575,1.691
4.2587,1.6909
4.2599,1.6908
4.261,1.6908
4.2622,1.6908
4.2634,1.6909
4.2645,1.691
4.2657,1.6911
4.2669,1.6912
4.268,1.6913
4.2692,1.6915
4.2704,1.6915
4.2715,1.6916
4.2727,1.6916
4.2739,1.6915
4.275,1.6914
4.2762,1.6913
4.2774,1.6911
4.2785,1.691
4.2797,1.6909
4.2809,1.6909
4.282,1.6909
4.2832,1.6909
4.2844,1.6909
4.2855,1.691
4.2867,1.691
4.2879,1.691
4.289,1.691
4.2902,1.6909
4.2914,1.6908
4.2926,1.6907
4.2937,1.6906
4.2949,1.6905
4.2961,1.6904
4.2972,1.6904
4.2984,1.6904
4.2996,1.6904
4.3007,1.6905
4.3019,1.6905
4.3031,1.6906
4.3042,1.6906
4.3054,1.6907
4.3066,1.6906
4.3077,1.6905
4.3089,1.6904
4.3101,1.6903
4.3112,1.6901
4.3124,1.69
4.3136,1.6899
4.3147,1.6899
4.3159,1.69
4.3171,1.6902
4.3182,1.6905
4.3194,1.6907
4.3206,1.691
4.3217,1.6911
4.3229,1.6911
4.3241,1.691
4.3252,1.6908
4.3264,1.6906
4.3276,1.6903
4.3287,1.6901
4.3299,1.6901
4.3311,1.6901
4.3322,1.6903
4.3334,1.6906
4.3346,1.6909
4.3357,1.6912
4.3369,1.6914
4.3381,1.6916
4.3392,1.6916
4.3404,1.6915
4.3416,1.6914
4.3428,1.6912
4.3439,1.691
4.3451,1.6909
4.3463,1.6908
4.3474,1.6907
4.3486,1.6907
4.3498,1.6907
4.3509,1.6908
4.3521,1.6909
4.3533,1.6909
4.3544,1.691
4.3556,1.6911
4.3568,1.6912
4.3579,1.6913
4.3591,1.6913
4.3603,1.6913
4.3614,1.6914
4.3626,1.6913
4.3638,1.6913
4.3649,1.6912
4.3661,1.6912
4.3673,1.6911
4.3684,1.6911
4.3696,1.6911
4.3708,1.6912
4.3719,1.6913
4.3731,1.6914
4.3743,1.6915
4.3754,1.6916
4.3766,1.6916
4.3778,1.6915
4.3789,1.6914
4.3801,1.6912
4.3813,1.691
4.3824,1.6908
4.3836,1.6907
4.3848,1.6907
4.3859,1.6907
4.3871,1.6908
4.3883,1.691
4.3894,1.6911
4.3906,1.6912
4.3918,1.6912
4.3929,1.6912
4.3941,1.6911
4.3953,1.6909
4.3965,1.6907
4.3976,1.6905
4.3988,1.6903
4.4,1.6902
4.4011,1.6902
4.4023,1.6902
4.4035,1.6904
4.4046,1.6905
4.4058,1.6907
4.407,1.6908
4.4081,1.6909
4.4093,1.691
4.4105,1.6909
4.4116,1.6908
4.4128,1.6906
4.414,1.6904
4.4151,1.6902
4.4163,1.6901
4.4175,1.6901
4.4186,1.6901
4.4198,1.6903
4.421,1.6905
4.4221,1.6908
4.4233,1.691
4.4245,1.6912
4.4256,1.6913
4.4268,1.6912
4.428,1.6911
4.4291,1.6909
4.4303,1.6907
4.4315,1.6906
4.4326,1.6905
4.4338,1.6905
4.435,1.6906
4.4361,1.6907
4.4373,1.6909
4.4385,1.6911
4.4396,1.6913
4.4408,1.6914
4.442,1.6914
4.4431,1.6914
4.4443,1.6914
4.4455,1.6914
4.4466,1.6913
4.4478,1.6912
4.449,1.6911
4.4502,1.691
4.4513,1.691
4.4525,1.6909
4.4537,1.6909
4.4548,1.6909
4.456,1.691
4.4572,1.6911
4.4583,1.6913
4.4595,1.6915
4.4607,1.6916
4.4618,1.6918
4.463,1.6918
4.4642,1.6919
4.4653,1.6918
4.4665,1.6917
4.4677,1.6915
4.4688,1.6914
4.47,1.6913
4.4712,1.6912
4.4723,1.6912
4.4735,1.6912
4.4747,1.6912
4.4758,1.6913
4.477,1.6914
4.4782,1.6915
4.4793,1.6915
4.4805,1.6915
4.4817,1.6914
4.4828,1.6913
4.484,1.6911
4.4852,1.6909
4.4863,1.6908
4.4875,1.6907
4.4887,1.6906
4.4898,1.6907
4.491,1.6908
4.4922,1.6909
4.4933,1.691
4.4945,1.691
4.4957,1.691
4.4968,1.6909
4.498,1.6907
4.4992,1.6905
4.5004,1.6903
4.5015,1.6901
4.5027,1.6901
4.5039,1.6901
4.505,1.6902
4.5062,1.6903
4.5074,1.6905
4.5085,1.6907
4.5097,1.6908
4.5109,1.6908
4.512,1.6908
4.5132,1.6907
4.5144,1.6906
4.5155,1.6905
4.5167,1.6904
4.5179,1.6904
4.519,1.6904
4.5202,1.6904
4.5214,1.6904
4.5225,1.6905
4.5237,1.6906
4.5249,1.6907
4.526,1.6909
4.5272,1.691
4.5284,1.6912
4.5295,1.6913
4.5307,1.6914
4.5319,1.6914
4.533,1.6914
4.5342,1.6914
4.5354,1.6913
4.5365,1.6912
4.5377,1.6911
4.5389,1.691
4.54,1.6909
4.5412,1.6909
4.5424,1.691
4.5435,1.6911
4.5447,1.6912
4.5459,1.6914
4.547,1.6915
4.5482,1.6916
4.5494,1.6917
4.5505,1.6916
4.5517,1.6916
4.5529,1.6915
4.5541,1.6914
4.5552,1.6913
4.5564,1.6912
4.5576,1.6912
4.5587,1.6913
4.5599,1.6914
4.5611,1.6915
4.5622,1.6916
4.5634,1.6917
4.5646,1.6918
4.5657,1.6918
4.5669,1.6918
4.5681,1.6917
4.5692,1.6916
4.5704,1.6914
4.5716,1.6913
4.5727,1.6912
4.5739,1.6911
4.5751,1.691
4.5762,1.691
4.5774,1.691
4.5786,1.6911
4.5797,1.6911
4.5809,1.6911
4.5821,1.6911
4.5832,1.6911
4.5844,1.691
4.5856,1.6909
4.5867,1.6908
4.5879,1.6907
4.5891,1.6906
4.5902,1.6906
4.5914,1.6906
4.5926,1.6906
4.5937,1.6907
4.5949,1.6908
4.5961,1.6908
4.5972,1.6908
4.5984,1.6907
4.5996,1.6907
4.6007,1.6905
4.6019,1.6904
4.6031,1.6904
4.6042,1.6904
4.6054,1.6904
4.6066,1.6905
4.6078,1.6906
4.6089,1.6907
4.6101,1.6908
4.6113,1.6908
4.6124,1.6909
4.6136,1.6909
4.6148,1.6909
4.6159,1.6909
4.6171,1.6909
4.6183,1.6909
4.6194,1.691
4.6206,1.691
4.6218,1.691
4.6229,1.691
4.6241,1.691
4.6253,1.691
4.6264,1.6909
4.6276,1.691
4.6288,1.691
4.6299,1.6912
4.6311,1.6913
4.6323,1.6915
4.6334,1.6917
4.6346,1.6918
4.6358,1.6918
4.6369,1.6917
4.6381,1.6915
4.6393,1.6913
4.6404,1.6911
4.6416,1.691
4.6428,1.6909
4.6439,1.6909
4.6451,1.691
4.6463,1.6912
4.6474,1.6913
4.6486,1.6915
4.6498,1.6916
4.6509,1.6917
4.6521,1.6917
4.6533,1.6916
4.6544,1.6916
4.6556,1.6915
4.6568,1.6914
4.658,1.6914
4.6591,1.6914
4.6603,1.6915
4.6615,1.6915
4.6626,1.6916
4.6638,1.6916
4.665,1.6916
4.6661,1.6915
4.6673,1.6914
4.6685,1.6913
4.6696,1.6913
4.6708,1.6912
4.672,1.6912
4.6731,1.6911
4.6743,1.6912
4.6755,1.6912
4.6766,1.6912
4.6778,1.6913
4.679,1.6913
4.6801,1.6913
4.6813,1.6912
4.6825,1.6911
4.6836,1.691
4.6848,1.6909
4.686,1.6908
4.6871,1.6907
4.6883,1.6906
4.6895,1.6906
4.6906,1.6906
4.6918,1.6906
4.693,1.6907
4.6941,1.6908
4.6953,1.6908
4.6965,1.6909
4.6976,1.6909
4.6988,1.6909
4.7,1.6908
4.7011,1.6907
4.7023,1.6907
4.7035,1.6906
4.7046,1.6906
4.7058,1.6906
4.707,1.6907
4.7081,1.6907
4.7093,1.6908
4.7105,1.6908
4.7117,1.6908
4.7128,1.6909
4.714,1.6909
4.7152,1.6909
4.7163,1.6909
4.7175,1.691
4.7187,1.6911
4.7198,1.6911
4.721,1.6912
4.7222,1.6913
4.7233,1.6913
4.7245,1.6912
4.7257,1.6912
4.7268,1.6911
4.728,1.6911
4.7292,1.6911
4.7303,1.6911
4.7315,1.6912
4.7327,1.6913
4.7338,1.6914
4.735,1.6915
4.7362,1.6915
4.7373,1.6915
4.7385,1.6915
4.7397,1.6914
4.7408,1.6913
4.742,1.6912
4.7432,1.6911
4.7443,1.6911
4.7455,1.6912
4.7467,1.6913
4.7478,1.6914
4.749,1.6915
4.7502,1.6916
4.7513,1.6917
4.7525,1.6917
4.7537,1.6917
4.7548,1.6917
4.756,1.6916
4.7572,1.6916
4.7583,1.6915
4.7595,1.6915
4.7607,1.6915
4.7618,1.6915
4.763,1.6916
4.7642,1.6916
4.7654,1.6917
4.7665,1.6917
4.7677,1.6916
4.7689,1.6915
4.77,1.6914
4.7712,1.6912
4.7724,1.691
4.7735,1.6909
4.7747,1.6909
4.7759,1.6909
4.777,1.691
4.7782,1.6911
4.7794,1.6912
4.7805,1.6913
4.7817,1.6914
4.7829,1.6913
4.784,1.6912
4.7852,1.6911
4.7864,1.6909
4.7875,1.6907
4.7887,1.6906
4.7899,1.6905
4.791,1.6904
4.7922,1.6904
4.7934,1.6905
4.7945,1.6905
4.7957,1.6906
4.7969,1.6906
4.798,1.6907
4.7992,1.6907
4.8004,1.6908
4.8015,1.6908
4.8027,1.6908
4.8039,1.6909
4.805,1.6909
4.8062,1.6909
4.8074,1.6908
4.8085,1.6908
4.8097,1.6907
4.8109,1.6906
4.812,1.6906
4.8132,1.6906
4.8144,1.6906
4.8155,1.6908
4.8167,1.6909
4.8179,1.6911
4.8191,1.6913
4.8202,1.6915
4.8214,1.6916
4.8226,1.6916
4.8237,1.6915
4.8249,1.6914
4.8261,1.6913
4.8272,1.6912
4.8284,1.6911
4.8296,1.691
4.8307,1.691
4.8319,1.6911
4.8331,1.6913
4.8342,1.6914
4.8354,1.6916
4.8366,1.6916
4.8377,1.6917
4.8389,1.6916
4.8401,1.6915
4.8412,1.6914
4.8424,1.6913
4.8436,1.6913
4.8447,1.6913
4.8459,1.6914
4.8471,1.6915
4.8482,1.6917
4.8494,1.6918
4.8506,1.6919
4.8517,1.692
4.8529,1.692
4.8541,1.6919
4.8552,1.6918
4.8564,1.6917
4.8576,1.6916
4.8587,1.6915
4.8599,1.6914
4.8611,1.6913
4.8622,1.6913
4.8634,1.6913
4.8646,1.6913
4.8657,1.6914
4.8669,1.6915
4.8681,1.6915
4.8693,1.6916
4.8704,1.6915
4.8716,1.6915
4.8728,1.6914
4.8739,1.6912
4.8751,1.691
4.8763,1.6909
4.8774,1.6907
4.8786,1.6906
4.8798,1.6906
4.8809,1.6906
4.8821,1.6907
4.8833,1.6908
4.8844,1.6908
4.8856,1.6909
4.8868,1.6909
4.8879,1.6909
4.8891,1.6909
4.8903,1.6908
4.8914,1.6908
4.8926,1.6907
4.8938,1.6906
4.8949,1.6906
4.8961,1.6905
4.8973,1.6904
4.8984,1.6904
4.8996,1.6904
4.9008,1.6905
4.9019,1.6907
4.9031,1.6908
4.9043,1.6911
4.9054,1.6912
4.9066,1.6914
4.9078,1.6914
4.9089,1.6914
4.9101,1.6913
4.9113,1.6911
4.9124,1.6909
4.9136,1.6907
4.9148,1.6906
4.9159,1.6907
4.9171,1.6908
4.9183,1.6911
4.9194,1.6913
4.9206,1.6916
4.9218,1.6918
4.923,1.6919
4.9241,1.6919
4.9253,1.6919
4.9265,1.6917
4.9276,1.6915
4.9288,1.6913
4.93,1.6912
4.9311,1.6911
4.9323,1.6911
4.9335,1.6911
4.9346,1.6913
4.9358,1.6914
4.937,1.6916
4.9381,1.6917
4.9393,1.6918
4.9405,1.6918
4.9416,1.6918
4.9428,1.6917
4.944,1.6916
4.9451,1.6915
4.9463,1.6914
4.9475,1.6914
4.9486,1.6914
4.9498,1.6915
4.951,1.6916
4.9521,1.6917
4.9533,1.6917
4.9545,1.6918
4.9556,1.6918
4.9568,1.6917
4.958,1.6916
4.9591,1.6915
4.9603,1.6913
4.9615,1.6912
4.9626,1.6911
4.9638,1.6911
4.965,1.691
4.9661,1.691
4.9673,1.691
4.9685,1.6911
4.9696,1.6911
4.9708,1.6912
4.972,1.6912
4.9731,1.6912
4.9743,1.6913
4.9755,1.6913
4.9767,1.6912
4.9778,1.6911
4.979,1.691
4.9802,1.6908
4.9813,1.6906
4.9825,1.6904
4.9837,1.6903
4.9848,1.6903
4.986,1.6903
4.9872,1.6904
4.9883,1.6906
4.9895,1.6908
4.9907,1.691
4.9918,1.6912
4.993,1.6913
4.9942,1.6913
4.9953,1.6912
4.9965,1.691
4.9977,1.6908
4.9988,1.6906
5,1.6904
