0,0
0.0011674,0
0.0023348,0
0.0035022,0
0.0046696,0
0.005837,0
0.0070044,0
0.0081718,0
0.0093392,0
0.010507,0
0.011674,0
0.012841,0
0.014009,0
0.015176,0
0.016344,0
0.017511,0
0.018678,0
0.019846,0
0.021013,0
0.022181,0
0.023348,0
0.024516,0
0.025683,-0
0.02685,0
0.028018,0
0.029185,-0
0.030353,-0
0.03152,0
0.032687,-0
0.033855,0
0.035022,1.1821e-38
0.03619,-7.2114e-38
0.037357,-1.5811e-37
0.038524,1.3041e-36
0.039692,1.8508e-36
0.040859,-1.3548e-35
0.042027,-1.9459e-35
0.043194,9.6954e-35
0.044361,1.6373e-34
0.045529,-5.0281e-34
0.046696,-1.0352e-33
0.047864,1.9201e-33
0.049031,4.783e-33
0.050198,-5.6634e-33
0.051366,-1.5553e-32
0.052533,1.694e-32
0.053701,3.2891e-32
0.054868,-7.8335e-32
0.056035,-4.3599e-32
0.057203,4.2519e-31
0.05837,1.3296e-31
0.059538,-1.8671e-30
0.060705,-1.0924e-30
0.061873,6.1779e-30
0.06304,5.8061e-30
0.064207,-1.5935e-29
0.065375,-2.0566e-29
0.066542,3.5098e-29
0.06771,5.5733e-29
0.068877,-7.631e-29
0.070044,-1.3284e-28
0.071212,1.8028e-28
0.072379,3.1656e-28
0.073547,-4.4323e-28
0.074714,-7.9819e-28
0.075881,1.0466e-27
0.077049,2.1152e-27
0.078216,-2.1849e-27
0.079384,-5.6383e-27
0.080551,3.3358e-27
0.081718,1.3661e-26
0.082886,-1.6211e-27
0.084053,-2.6671e-26
0.085221,-6.3272e-27
0.086388,4.0322e-26
0.087555,1.1955e-26
0.088723,-6.3485e-26
0.08989,3.336e-27
0.091058,1.6189e-25
0.092225,1.7663e-26
0.093392,-4.0191e-25
0.09456,-2.9459e-25
0.095727,5.7363e-25
0.096895,8.8048e-25
0.098062,-2.3211e-25
0.09923,-1.0642e-24
0.1004,-9.5307e-26
0.10156,4.1599e-25
0.10273,-1.5771e-24
0.1039,-1.7499e-24
0.10507,4.2423e-24
0.10623,8.7199e-24
0.1074,8.7226e-26
0.10857,-1.4288e-23
0.10974,-1.3019e-23
0.1109,3.8935e-24
0.11207,1.1694e-23
0.11324,6.7076e-24
0.11441,1.5694e-23
0.11557,3.134e-23
0.11674,-3.2442e-24
0.11791,-8.7038e-23
0.11908,-1.0703e-22
0.12024,8.826e-24
0.12141,1.4871e-22
0.12258,1.6158e-22
0.12375,7.6973e-23
0.12491,-5.1459e-24
0.12608,-1.5576e-22
0.12725,-4.3668e-22
0.12841,-5.2465e-22
0.12958,1.6268e-23
0.13075,9.4366e-22
0.13192,1.341e-21
0.13308,6.7477e-22
0.13425,-6.4555e-22
0.13542,-1.9266e-21
0.13659,-2.6427e-21
0.13775,-1.928e-21
0.13892,1.1218e-21
0.14009,5.4269e-21
0.14126,7.3262e-21
0.14242,3.1788e-21
0.14359,-5.1943e-21
0.14476,-1.209e-20
0.14593,-1.292e-20
0.14709,-5.5435e-21
0.14826,8.8391e-21
0.14943,2.3773e-20
0.1506,2.8224e-20
0.15176,1.2689e-20
0.15293,-1.9711e-20
0.1541,-4.9e-20
0.15527,-5.2491e-20
0.15643,-2.5675e-20
0.1576,2.0038e-20
0.15877,6.9013e-20
0.15993,1.0344e-19
0.1611,8.9939e-20
0.16227,3.495e-21
0.16344,-1.2406e-19
0.1646,-2.0509e-19
0.16577,-1.6794e-19
0.16694,2.8006e-20
0.16811,3.0306e-19
0.16927,4.8835e-19
0.17044,4.4954e-19
0.17161,6.4648e-20
0.17278,-5.5314e-19
0.17394,-1.3027e-18
0.17511,-1.0282e-18
0.17628,-1.2186e-18
0.17745,-1.7662e-18
0.17861,-1.4357e-18
0.17978,-1.2458e-18
0.18095,-1.6451e-18
0.18212,-8.6958e-19
0.18328,-1.6883e-18
0.18445,-1.8411e-18
0.18562,-1.2266e-18
0.18678,-1.1434e-18
0.18795,-9.2815e-19
0.18912,-1.4395e-19
0.19029,3.5287e-19
0.19145,1.1464e-18
0.19262,1.6732e-18
0.19379,1.0164e-18
0.19496,1.3449e-18
0.19612,1.6672e-18
0.19729,1.4862e-18
0.19846,2.1064e-18
0.19963,2.4607e-18
0.20079,2.0872e-18
0.20196,2.5357e-18
0.20313,1.8715e-18
0.2043,1.6222e-18
0.20546,2.2029e-18
0.20663,2.6152e-18
0.2078,2.0398e-18
0.20897,2.7901e-18
0.21013,3.3067e-18
0.2113,2.5916e-18
0.21247,2.8477e-18
0.21364,2.9472e-18
0.2148,2.4524e-18
0.21597,2.9754e-18
0.21714,2.9522e-18
0.2183,3.4877e-18
0.21947,4.2267e-18
0.22064,3.8227e-18
0.22181,4.1897e-18
0.22297,3.4862e-18
0.22414,3.3435e-18
0.22531,3.2468e-18
0.22648,3.4847e-18
0.22764,3.2159e-18
0.22881,2.9547e-18
0.22998,2.3134e-18
0.23115,2.6445e-18
0.23231,3.4695e-18
0.23348,4.1043e-18
0.23465,3.5104e-18
0.23582,3.9729e-18
0.23698,3.9998e-18
0.23815,4.2953e-18
0.23932,4.6505e-18
0.24049,4.6285e-18
0.24165,4.084e-18
0.24282,4.5291e-18
0.24399,3.7824e-18
0.24516,4.543e-18
0.24632,4.9588e-18
0.24749,4.7454e-18
0.24866,4.349e-18
0.24982,4.6253e-18
0.25099,4.9241e-18
0.25216,4.8731e-18
0.25333,5.1748e-18
0.25449,4.7645e-18
0.25566,5.0633e-18
0.25683,4.7995e-18
0.258,4.5231e-18
0.25916,4.1574e-18
0.26033,4.7227e-18
0.2615,4.0936e-18
0.26267,4.4529e-18
0.26383,3.9456e-18
0.265,4.544e-18
0.26617,5.1021e-18
0.26734,4.8956e-18
0.2685,5.2458e-18
0.26967,4.4463e-18
0.27084,3.953e-18
0.27201,3.2843e-18
0.27317,2.8768e-18
0.27434,2.7001e-18
0.27551,2.2181e-18
0.27668,2.3597e-18
0.27784,2.4932e-18
0.27901,2.2007e-18
0.28018,2.7876e-18
0.28134,3.1087e-18
0.28251,2.3162e-18
0.28368,2.846e-18
0.28485,2.1289e-18
0.28601,1.4332e-18
0.28718,2.1086e-18
0.28835,1.9186e-18
0.28952,2.6894e-18
0.29068,3.0208e-18
0.29185,2.6335e-18
0.29302,3.2124e-18
0.29419,2.6564e-18
0.29535,2.7725e-18
0.29652,3.0986e-18
0.29769,3.8298e-18
0.29886,3.3233e-18
0.30002,4.1386e-18
0.30119,4.7042e-18
0.30236,5.0794e-18
0.30353,5.9029e-18
0.30469,6.6267e-18
0.30586,6.1961e-18
0.30703,6.6767e-18
0.3082,5.9453e-18
0.30936,6.5106e-18
0.31053,5.729e-18
0.3117,6.3747e-18
0.31286,5.6416e-18
0.31403,5.6599e-18
0.3152,4.8289e-18
0.31637,5.0554e-18
0.31753,5.152e-18
0.3187,4.9189e-18
0.31987,5.0783e-18
0.32104,5.7146e-18
0.3222,5.1638e-18
0.32337,4.4853e-18
0.32454,5.2457e-18
0.32571,5.0538e-18
0.32687,4.9257e-18
0.32804,5.3452e-18
0.32921,4.8512e-18
0.33038,4.7152e-18
0.33154,3.8807e-18
0.33271,3.9778e-18
0.33388,4.393e-18
0.33505,3.7844e-18
0.33621,3.8647e-18
0.33738,4.5266e-18
0.33855,5.2561e-18
0.33972,4.4943e-18
0.34088,4.9181e-18
0.34205,5.194e-18
0.34322,5.3561e-18
0.34438,4.8878e-18
0.34555,4.0458e-18
0.34672,4.6228e-18
0.34789,4.3267e-18
0.34905,4.3852e-18
0.35022,5.1038e-18
0.35139,4.2577e-18
0.35256,4.3823e-18
0.35372,4.1462e-18
0.35489,3.3343e-18
0.35606,3.0633e-18
0.35723,2.4277e-18
0.35839,2.0369e-18
0.35956,2.0397e-18
0.36073,1.4e-18
0.3619,1.8554e-18
0.36306,2.3256e-18
0.36423,2.8148e-18
0.3654,3.2945e-18
0.36657,2.7436e-18
0.36773,2.1587e-18
0.3689,1.7143e-18
0.37007,9.9278e-19
0.37124,4.9292e-19
0.3724,-1.6197e-19
0.37357,6.2547e-19
0.37474,2.7496e-19
0.3759,-4.1754e-19
0.37707,-5.6818e-19
0.37824,-2.0796e-19
0.37941,3.9044e-19
0.38057,-3.0123e-19
0.38174,3.5553e-19
0.38291,2.1217e-19
0.38408,-1.3633e-19
0.38524,-7.2978e-19
0.38641,-1.2576e-18
0.38758,-1.7725e-18
0.38875,-1.9529e-18
0.38991,-2.2038e-18
0.39108,-1.7852e-18
0.39225,-9.9409e-19
0.39342,-2.0415e-19
0.39458,-4.6315e-19
0.39575,-1.1655e-18
0.39692,-6.2709e-19
0.39809,-8.4672e-19
0.39925,-1.3008e-18
0.40042,-1.4206e-18
0.40159,-1.3281e-18
0.40276,-1.4514e-18
0.40392,-1.0162e-18
0.40509,-1.862e-18
0.40626,-1.4822e-18
0.40742,-1.9125e-18
0.40859,-1.1898e-18
0.40976,-1.8239e-18
0.41093,-1.5103e-18
0.41209,-1.9392e-18
0.41326,-1.4875e-18
0.41443,-1.5061e-18
0.4156,-1.4597e-18
0.41676,-1.553e-18
0.41793,-1.6746e-18
0.4191,-1.5736e-18
0.42027,-1.0785e-18
0.42143,-1.6185e-18
0.4226,-1.5765e-18
0.42377,-1.4544e-18
0.42494,-1.1466e-18
0.4261,-1.564e-18
0.42727,-1.7559e-18
0.42844,-1.1271e-18
0.42961,-1.6823e-18
0.43077,-1.277e-18
0.43194,-1.6262e-18
0.43311,-7.9076e-19
0.43428,-5.2043e-19
0.43544,-7.5138e-19
0.43661,-6.5359e-19
0.43778,-8.4288e-19
0.43894,-3.7287e-20
0.44011,5.7073e-19
0.44128,1.3781e-18
0.44245,1.5062e-18
0.44361,1.45e-18
0.44478,1.0282e-18
0.44595,1.5004e-18
0.44712,1.6294e-18
0.44828,1.7756e-18
0.44945,1.9058e-18
0.45062,1.9895e-18
0.45179,1.4202e-18
0.45295,1.1558e-18
0.45412,6.6515e-19
0.45529,-9.3017e-20
0.45646,4.3076e-19
0.45762,1.2595e-18
0.45879,2.1109e-18
0.45996,1.6495e-18
0.46113,2.2119e-18
0.46229,2.4491e-18
0.46346,3.2955e-18
0.46463,3.7871e-18
0.4658,4.2926e-18
0.46696,4.3652e-18
0.46813,5.112e-18
0.4693,4.9918e-18
0.47046,4.4852e-18
0.47163,4.7552e-18
0.4728,4.0037e-18
0.47397,3.7999e-18
0.47513,3.5792e-18
0.4763,3.4036e-18
0.47747,3.1387e-18
0.47864,2.5692e-18
0.4798,3.3075e-18
0.48097,3.5242e-18
0.48214,3.7794e-18
0.48331,4.1615e-18
0.48447,4.5328e-18
0.48564,4.4861e-18
0.48681,3.9582e-18
0.48798,3.7481e-18
0.48914,3.1878e-18
0.49031,2.7791e-18
0.49148,3.3973e-18
0.49265,3.7582e-18
0.49381,3.7444e-18
0.49498,3.2887e-18
0.49615,3.8818e-18
0.49731,3.7157e-18
0.49848,3.8143e-18
0.49965,4.2245e-18
0.50082,4.1369e-18
0.50198,4.8762e-18
0.50315,4.2604e-18
0.50432,4.4025e-18
0.50549,4.6527e-18
0.50665,4.9474e-18
0.50782,5.496e-18
0.50899,6.0373e-18
0.51016,6.5521e-18
0.51132,7.247e-18
0.51249,7.8973e-18
0.51366,8.5773e-18
0.51483,8.6788e-18
0.51599,8.4987e-18
0.51716,8.568e-18
0.51833,8.7543e-18
0.5195,9.3584e-18
0.52066,8.7623e-18
0.52183,8.2082e-18
0.523,8.9397e-18
0.52417,8.4937e-18
0.52533,7.8197e-18
0.5265,7.1488e-18
0.52767,7.7128e-18
0.52883,6.9989e-18
0.53,7.1282e-18
0.53117,6.5619e-18
0.53234,6.0921e-18
0.5335,5.2432e-18
0.53467,5.8002e-18
0.53584,6.5079e-18
0.53701,5.8045e-18
0.53817,5.7645e-18
0.53934,6.5702e-18
0.54051,6.0944e-18
0.54168,5.7705e-18
0.54284,5.7501e-18
0.54401,6.4508e-18
0.54518,7.2061e-18
0.54635,8.0278e-18
0.54751,8.3438e-18
0.54868,8.5913e-18
0.54985,8.5723e-18
0.55102,8.689e-18
0.55218,8.1958e-18
0.55335,7.946e-18
0.55452,7.7913e-18
0.55569,8.3626e-18
0.55685,8.2625e-18
0.55802,7.6532e-18
0.55919,7.3376e-18
0.56035,7.8726e-18
0.56152,7.2688e-18
0.56269,6.8414e-18
0.56386,5.9998e-18
0.56502,5.3891e-18
0.56619,5.9381e-18
0.56736,5.5162e-18
0.56853,5.4482e-18
0.56969,5.5187e-18
0.57086,4.9682e-18
0.57203,4.7561e-18
0.5732,4.9302e-18
0.57436,5.3336e-18
0.57553,5.863e-18
0.5767,5.4859e-18
0.57787,6.3258e-18
0.57903,6.6397e-18
0.5802,5.8066e-18
0.58137,5.4742e-18
0.58254,5.0552e-18
0.5837,4.4179e-18
0.58487,3.5791e-18
0.58604,4.1812e-18
0.58721,4.6183e-18
0.58837,5.0413e-18
0.58954,5.2489e-18
0.59071,5.5517e-18
0.59187,6.1006e-18
0.59304,6.2355e-18
0.59421,6.8516e-18
0.59538,7.0872e-18
0.59654,7.0206e-18
0.59771,6.3945e-18
0.59888,6.5685e-18
0.60005,6.7202e-18
0.60121,6.6704e-18
0.60238,6.3129e-18
0.60355,6.7275e-18
0.60472,7.0079e-18
0.60588,7.1875e-18
0.60705,7.591e-18
0.60822,7.2279e-18
0.60939,7.9335e-18
0.61055,7.7998e-18
0.61172,7.7836e-18
0.61289,7.8793e-18
0.61406,8.4226e-18
0.61522,7.8805e-18
0.61639,8.1329e-18
0.61756,7.5795e-18
0.61873,7.608e-18
0.61989,7.2785e-18
0.62106,7.8442e-18
0.62223,7.1454e-18
0.62339,7.4649e-18
0.62456,6.7549e-18
0.62573,7.2311e-18
0.6269,7.4163e-18
0.62806,8.0492e-18
0.62923,8.212e-18
0.6304,7.972e-18
0.63157,8.6273e-18
0.63273,7.962e-18
0.6339,8.6732e-18
0.63507,8.3101e-18
0.63624,7.9022e-18
0.6374,7.6734e-18
0.63857,8.1831e-18
0.63974,8.7824e-18
0.64091,9.1132e-18
0.64207,9.5894e-18
0.64324,1.0491e-17
0.64441,1.0396e-17
0.64558,1.1063e-17
0.64674,1.0834e-17
0.64791,1.0516e-17
0.64908,1.0712e-17
0.65025,1.0416e-17
0.65141,1.0456e-17
0.65258,1.0384e-17
0.65375,1.1028e-17
0.65491,1.1739e-17
0.65608,1.2181e-17
0.65725,1.2154e-17
0.65842,1.291e-17
0.65958,1.3644e-17
0.66075,1.3907e-17
0.66192,1.4081e-17
0.66309,1.4054e-17
0.66425,1.4094e-17
0.66542,1.4939e-17
0.66659,1.4666e-17
0.66776,1.4191e-17
0.66892,1.3715e-17
0.67009,1.4404e-17
0.67126,1.4355e-17
0.67243,1.4573e-17
0.67359,1.515e-17
0.67476,1.5235e-17
0.67593,1.5297e-17
0.6771,1.5381e-17
0.67826,1.6003e-17
0.67943,1.6132e-17
0.6806,1.653e-17
0.68177,1.7331e-17
0.68293,1.6655e-17
0.6841,1.6717e-17
0.68527,1.7495e-17
0.68643,1.6707e-17
0.6876,1.7082e-17
0.68877,1.795e-17
0.68994,1.846e-17
0.6911,1.8209e-17
0.69227,1.8853e-17
0.69344,1.9094e-17
0.69461,1.9827e-17
0.69577,1.9487e-17
0.69694,2.0176e-17
0.69811,2.0014e-17
0.69928,1.936e-17
0.70044,1.9556e-17
0.70161,1.8992e-17
0.70278,1.9322e-17
0.70395,1.8892e-17
0.70511,1.9626e-17
0.70628,1.9509e-17
0.70745,1.9392e-17
0.70862,1.8917e-17
0.70978,1.9158e-17
0.71095,1.8772e-17
0.71212,1.8745e-17
0.71329,1.8494e-17
0.71445,1.8466e-17
0.71562,1.7902e-17
0.71679,1.8143e-17
0.71795,1.7534e-17
0.71912,1.7059e-17
0.72029,1.6405e-17
0.72146,1.6109e-17
0.72262,1.5768e-17
0.72379,1.5338e-17
0.72496,1.5086e-17
0.72613,1.5283e-17
0.72729,1.539e-17
0.72846,1.581e-17
0.72963,1.538e-17
0.7308,1.58e-17
0.73196,1.5235e-17
0.73313,1.5611e-17
0.7343,1.5807e-17
0.73547,1.6541e-17
0.73663,1.7454e-17
0.7378,1.7292e-17
0.73897,1.7757e-17
0.74014,1.858e-17
0.7413,1.9135e-17
0.74247,1.9779e-17
0.74364,1.9707e-17
0.74481,1.9813e-17
0.74597,2.0099e-17
0.74714,2.0564e-17
0.74831,2.0671e-17
0.74947,2.0868e-17
0.75064,2.0706e-17
0.75181,2.135e-17
0.75298,2.1457e-17
0.75414,2.1206e-17
0.75531,2.0955e-17
0.75648,2.0703e-17
0.75765,2.0184e-17
0.75881,2.038e-17
0.75998,2.1114e-17
0.76115,2.1489e-17
0.76232,2.2044e-17
0.76348,2.1703e-17
0.76465,2.1094e-17
0.76582,2.1917e-17
0.76699,2.2829e-17
0.76815,2.3205e-17
0.76932,2.2775e-17
0.77049,2.3329e-17
0.77166,2.3257e-17
0.77282,2.2648e-17
0.77399,2.3471e-17
0.77516,2.3399e-17
0.77633,2.4043e-17
0.77749,2.3523e-17
0.77866,2.4167e-17
0.77983,2.3647e-17
0.78099,2.4202e-17
0.78216,2.4129e-17
0.78333,2.2983e-17
0.7845,2.2195e-17
0.78566,2.2391e-17
0.78683,2.3304e-17
0.788,2.3858e-17
0.78917,2.3786e-17
0.79033,2.3177e-17
0.7915,2.3105e-17
0.79267,2.3391e-17
0.79384,2.296e-17
0.795,2.253e-17
0.79617,2.3532e-17
0.79734,2.4176e-17
0.79851,2.5178e-17
0.79967,2.5464e-17
0.80084,2.5213e-17
0.80201,2.4425e-17
0.80318,2.4532e-17
0.80434,2.428e-17
0.80551,2.4208e-17
0.80668,2.4136e-17
0.80784,2.4064e-17
0.80901,2.3276e-17
0.81018,2.4278e-17
0.81135,2.4922e-17
0.81251,2.4492e-17
0.81368,2.4778e-17
0.81485,2.5959e-17
0.81602,2.6424e-17
0.81718,2.5456e-17
0.81835,2.5026e-17
0.81952,2.567e-17
0.82069,2.524e-17
0.82185,2.5168e-17
0.82302,2.5275e-17
0.82419,2.4844e-17
0.82536,2.5847e-17
0.82652,2.6312e-17
0.82769,2.6777e-17
0.82886,2.6346e-17
0.83003,2.5916e-17
0.83119,2.6023e-17
0.83236,2.5235e-17
0.83353,2.5879e-17
0.8347,2.6523e-17
0.83586,2.7525e-17
0.83703,2.7453e-17
0.8382,2.6843e-17
0.83936,2.7308e-17
0.84053,2.6699e-17
0.8417,2.6627e-17
0.84287,2.6913e-17
0.84403,2.6483e-17
0.8452,2.6589e-17
0.84637,2.7055e-17
0.84754,2.7161e-17
0.8487,2.7268e-17
0.84987,2.6659e-17
0.85104,2.7482e-17
0.85221,2.6873e-17
0.85337,2.7696e-17
0.85454,2.7803e-17
0.85571,2.7552e-17
0.85688,2.73e-17
0.85804,2.7049e-17
0.85921,2.644e-17
0.86038,2.6547e-17
0.86155,2.6654e-17
0.86271,2.7477e-17
0.86388,2.7584e-17
0.86505,2.8049e-17
0.86622,2.8156e-17
0.86738,2.9337e-17
0.86855,2.9802e-17
0.86972,3.0267e-17
0.87088,3.0016e-17
0.87205,2.9227e-17
0.87322,2.9513e-17
0.87439,2.9978e-17
0.87555,3.0264e-17
0.87672,2.9834e-17
0.87789,3.1194e-17
0.87906,3.0585e-17
0.88022,3.0334e-17
0.88139,2.9903e-17
0.88256,3.0368e-17
0.88373,3.0475e-17
0.88489,3.1657e-17
0.88606,3.1763e-17
0.88723,3.187e-17
0.8884,3.1261e-17
0.88956,3.1547e-17
0.89073,3.1475e-17
0.8919,3.2835e-17
0.89307,3.2226e-17
0.89423,3.1975e-17
0.8954,3.2798e-17
0.89657,3.3263e-17
0.89774,3.3011e-17
0.8989,3.2581e-17
0.90007,3.2867e-17
0.90124,3.1721e-17
0.9024,3.1648e-17
0.90357,3.1218e-17
0.90474,3.0967e-17
0.90591,3.0716e-17
0.90707,3.1539e-17
0.90824,3.2362e-17
0.90941,3.1574e-17
0.91058,3.186e-17
0.91174,3.0892e-17
0.91291,3.1536e-17
0.91408,3.1285e-17
0.91525,3.1392e-17
0.91641,3.1499e-17
0.91758,3.1427e-17
0.91875,3.2429e-17
0.91992,3.3073e-17
0.92108,3.3717e-17
0.92225,3.4361e-17
0.92342,3.5184e-17
0.92459,3.5112e-17
0.92575,3.504e-17
0.92692,3.6042e-17
0.92809,3.5791e-17
0.92926,0.00030398
0.93042,0.00088174
0.93159,0.0012606
0.93276,0.0015435
0.93392,0.0020728
0.93509,0.00284
0.93626,0.0037747
0.93743,0.0049201
0.93859,0.0061747
0.93976,0.0073974
0.94093,0.0086551
0.9421,0.010042
0.94326,0.011525
0.94443,0.013097
0.9456,0.01482
0.94677,0.016656
0.94793,0.018497
0.9491,0.020321
0.95027,0.022174
0.95144,0.024089
0.9526,0.026109
0.95377,0.02829
0.95494,0.03063
0.95611,0.033071
0.95727,0.035547
0.95844,0.037999
0.95961,0.040413
0.96078,0.042843
0.96194,0.045365
0.96311,0.048005
0.96428,0.050739
0.96544,0.053523
0.96661,0.056328
0.96778,0.059145
0.96895,0.061999
0.97011,0.064921
0.97128,0.067917
0.97245,0.070974
0.97362,0.074076
0.97478,0.077215
0.97595,0.080394
0.97712,0.08362
0.97829,0.086889
0.97945,0.090182
0.98062,0.093489
0.98179,0.096823
0.98296,0.10022
0.98412,0.10369
0.98529,0.10724
0.98646,0.11082
0.98763,0.11441
0.98879,0.118
0.98996,0.12161
0.99113,0.12526
0.9923,0.12897
0.99346,0.13274
0.99463,0.13655
0.9958,0.14036
0.99696,0.14418
0.99813,0.14802
0.9993,0.15192
1.0005,0.15588
1.0016,0.15991
1.0028,0.16397
1.004,0.16804
1.0051,0.17212
1.0063,0.17621
1.0075,0.18032
1.0086,0.18447
1.0098,0.18866
1.011,0.19289
1.0121,0.19716
1.0133,0.20145
1.0145,0.20577
1.0156,0.21013
1.0168,0.21453
1.018,0.21896
1.0191,0.22342
1.0203,0.22791
1.0215,0.23241
1.0226,0.23693
1.0238,0.24147
1.025,0.24603
1.0261,0.25064
1.0273,0.25528
1.0285,0.25997
1.0297,0.26469
1.0308,0.26945
1.032,0.27424
1.0332,0.27904
1.0343,0.28387
1.0355,0.28872
1.0367,0.29359
1.0378,0.29849
1.039,0.30343
1.0402,0.30839
1.0413,0.31337
1.0425,0.31837
1.0437,0.32342
1.0448,0.3285
1.046,0.33363
1.0472,0.3388
1.0483,0.34401
1.0495,0.34924
1.0507,0.35449
1.0518,0.35977
1.053,0.36509
1.0542,0.37047
1.0553,0.37591
1.0565,0.38138
1.0577,0.38689
1.0588,0.39243
1.06,0.398
1.0612,0.40361
1.0623,0.40927
1.0635,0.41498
1.0647,0.42073
1.0658,0.4265
1.067,0.43231
1.0682,0.43815
1.0693,0.44404
1.0705,0.44998
1.0717,0.45597
1.0728,0.462
1.074,0.46808
1.0752,0.47419
1.0763,0.48034
1.0775,0.48653
1.0787,0.49274
1.0799,0.49897
1.081,0.50522
1.0822,0.51149
1.0834,0.51778
1.0845,0.52409
1.0857,0.53042
1.0869,0.53677
1.088,0.54314
1.0892,0.54951
1.0904,0.5559
1.0915,0.5623
1.0927,0.56871
1.0939,0.57512
1.095,0.58154
1.0962,0.58795
1.0974,0.59435
1.0985,0.60075
1.0997,0.60715
1.1009,0.61354
1.102,0.61992
1.1032,0.6263
1.1044,0.63267
1.1055,0.63903
1.1067,0.64538
1.1079,0.6517
1.109,0.65801
1.1102,0.66431
1.1114,0.67058
1.1125,0.67684
1.1137,0.68307
1.1149,0.68925
1.116,0.69538
1.1172,0.70146
1.1184,0.7075
1.1195,0.7135
1.1207,0.71947
1.1219,0.7254
1.123,0.73126
1.1242,0.73701
1.1254,0.74264
1.1265,0.74818
1.1277,0.75365
1.1289,0.75908
1.13,0.76449
1.1312,0.76984
1.1324,0.77509
1.1336,0.78024
1.1347,0.78532
1.1359,0.79035
1.1371,0.79536
1.1382,0.80034
1.1394,0.80529
1.1406,0.8102
1.1417,0.81504
1.1429,0.81984
1.1441,0.82459
1.1452,0.82932
1.1464,0.83405
1.1476,0.83878
1.1487,0.84349
1.1499,0.84817
1.1511,0.8528
1.1522,0.85736
1.1534,0.86189
1.1546,0.86639
1.1557,0.87089
1.1569,0.87539
1.1581,0.87987
1.1592,0.88432
1.1604,0.88873
1.1616,0.89311
1.1627,0.89745
1.1639,0.90179
1.1651,0.90612
1.1662,0.91043
1.1674,0.91473
1.1686,0.91901
1.1697,0.92326
1.1709,0.92748
1.1721,0.93168
1.1732,0.93586
1.1744,0.94002
1.1756,0.94418
1.1767,0.94833
1.1779,0.95248
1.1791,0.95661
1.1802,0.96072
1.1814,0.9648
1.1826,0.96886
1.1837,0.97291
1.1849,0.97694
1.1861,0.98097
1.1873,0.98498
1.1884,0.98898
1.1896,0.99296
1.1908,0.99691
1.1919,1.0009
1.1931,1.0048
1.1943,1.0087
1.1954,1.0126
1.1966,1.0165
1.1978,1.0204
1.1989,1.0243
1.2001,1.0281
1.2013,1.032
1.2024,1.0358
1.2036,1.0396
1.2048,1.0435
1.2059,1.0473
1.2071,1.0511
1.2083,1.0549
1.2094,1.0586
1.2106,1.0624
1.2118,1.0661
1.2129,1.0699
1.2141,1.0736
1.2153,1.0773
1.2164,1.081
1.2176,1.0847
1.2188,1.0884
1.2199,1.0921
1.2211,1.0957
1.2223,1.0994
1.2234,1.1031
1.2246,1.1067
1.2258,1.1104
1.2269,1.114
1.2281,1.1176
1.2293,1.1212
1.2304,1.1248
1.2316,1.1284
1.2328,1.1319
1.2339,1.1355
1.2351,1.1391
1.2363,1.1426
1.2375,1.1461
1.2386,1.1497
1.2398,1.1532
1.241,1.1567
1.2421,1.1603
1.2433,1.1638
1.2445,1.1673
1.2456,1.1708
1.2468,1.1742
1.248,1.1777
1.2491,1.1812
1.2503,1.1846
1.2515,1.1881
1.2526,1.1915
1.2538,1.195
1.255,1.1984
1.2561,1.2018
1.2573,1.2052
1.2585,1.2087
1.2596,1.2121
1.2608,1.2155
1.262,1.2189
1.2631,1.2222
1.2643,1.2256
1.2655,1.229
1.2666,1.2323
1.2678,1.2357
1.269,1.239
1.2701,1.2424
1.2713,1.2457
1.2725,1.2491
1.2736,1.2524
1.2748,1.2557
1.276,1.259
1.2771,1.2623
1.2783,1.2656
1.2795,1.2689
1.2806,1.2722
1.2818,1.2755
1.283,1.2788
1.2841,1.2821
1.2853,1.2854
1.2865,1.2886
1.2876,1.2919
1.2888,1.2952
1.29,1.2984
1.2912,1.3016
1.2923,1.3048
1.2935,1.3081
1.2947,1.3113
1.2958,1.3145
1.297,1.3177
1.2982,1.321
1.2993,1.3242
1.3005,1.3274
1.3017,1.3306
1.3028,1.3338
1.304,1.337
1.3052,1.3401
1.3063,1.3433
1.3075,1.3465
1.3087,1.3496
1.3098,1.3528
1.311,1.356
1.3122,1.3591
1.3133,1.3623
1.3145,1.3654
1.3157,1.3686
1.3168,1.3717
1.318,1.3748
1.3192,1.378
1.3203,1.3811
1.3215,1.3842
1.3227,1.3873
1.3238,1.3904
1.325,1.3935
1.3262,1.3966
1.3273,1.3997
1.3285,1.4028
1.3297,1.4059
1.3308,1.409
1.332,1.412
1.3332,1.4151
1.3343,1.4182
1.3355,1.4213
1.3367,1.4243
1.3378,1.4274
1.339,1.4304
1.3402,1.4335
1.3413,1.4365
1.3425,1.4396
1.3437,1.4426
1.3449,1.4457
1.346,1.4487
1.3472,1.4517
1.3484,1.4547
1.3495,1.4578
1.3507,1.4608
1.3519,1.4638
1.353,1.4668
1.3542,1.4698
1.3554,1.4728
1.3565,1.4758
1.3577,1.4788
1.3589,1.4818
1.36,1.4848
1.3612,1.4878
1.3624,1.4908
1.3635,1.4937
1.3647,1.4967
1.3659,1.4997
1.367,1.5026
1.3682,1.5056
1.3694,1.5085
1.3705,1.5115
1.3717,1.5145
1.3729,1.5174
1.374,1.5204
1.3752,1.5233
1.3764,1.5263
1.3775,1.5292
1.3787,1.5322
1.3799,1.5351
1.381,1.538
1.3822,1.5409
1.3834,1.5439
1.3845,1.5468
1.3857,1.5497
1.3869,1.5526
1.388,1.5555
1.3892,1.5584
1.3904,1.5613
1.3915,1.5642
1.3927,1.5671
1.3939,1.57
1.3951,1.5729
1.3962,1.5758
1.3974,1.5787
1.3986,1.5816
1.3997,1.5845
1.4009,1.5873
1.4021,1.5902
1.4032,1.5931
1.4044,1.596
1.4056,1.5988
1.4067,1.6017
1.4079,1.6046
1.4091,1.6074
1.4102,1.6103
1.4114,1.6131
1.4126,1.616
1.4137,1.6188
1.4149,1.6217
1.4161,1.6245
1.4172,1.6274
1.4184,1.6302
1.4196,1.633
1.4207,1.6359
1.4219,1.6387
1.4231,1.6415
1.4242,1.6443
1.4254,1.6472
1.4266,1.65
1.4277,1.6528
1.4289,1.6556
1.4301,1.6584
1.4312,1.6612
1.4324,1.6641
1.4336,1.6669
1.4347,1.6697
1.4359,1.6725
1.4371,1.6753
1.4382,1.6781
1.4394,1.6809
1.4406,1.6836
1.4417,1.6864
1.4429,1.6892
1.4441,1.692
1.4452,1.6948
1.4464,1.6976
1.4476,1.7003
1.4488,1.7031
1.4499,1.7059
1.4511,1.7087
1.4523,1.7114
1.4534,1.7142
1.4546,1.717
1.4558,1.7197
1.4569,1.7225
1.4581,1.7252
1.4593,1.728
1.4604,1.7307
1.4616,1.7335
1.4628,1.7362
1.4639,1.739
1.4651,1.7417
1.4663,1.7445
1.4674,1.7472
1.4686,1.75
1.4698,1.7527
1.4709,1.7554
1.4721,1.7582
1.4733,1.7609
1.4744,1.7636
1.4756,1.7663
1.4768,1.7691
1.4779,1.7718
1.4791,1.7745
1.4803,1.7772
1.4814,1.7799
1.4826,1.7827
1.4838,1.7854
1.4849,1.7881
1.4861,1.7908
1.4873,1.7935
1.4884,1.7962
1.4896,1.7989
1.4908,1.8016
1.4919,1.8043
1.4931,1.807
1.4943,1.8097
1.4954,1.8124
1.4966,1.8151
1.4978,1.8177
1.4989,1.8204
1.5001,1.8231
1.5013,1.8258
1.5025,1.8285
1.5036,1.8312
1.5048,1.8339
1.506,1.8365
1.5071,1.8392
1.5083,1.8419
1.5095,1.8446
1.5106,1.8472
1.5118,1.8499
1.513,1.8526
1.5141,1.8552
1.5153,1.8579
1.5165,1.8605
1.5176,1.8632
1.5188,1.8658
1.52,1.8685
1.5211,1.8712
1.5223,1.8738
1.5235,1.8765
1.5246,1.8791
1.5258,1.8818
1.527,1.8844
1.5281,1.887
1.5293,1.8897
1.5305,1.8923
1.5316,1.895
1.5328,1.8976
1.534,1.9002
1.5351,1.9029
1.5363,1.9055
1.5375,1.9081
1.5386,1.9108
1.5398,1.9134
1.541,1.916
1.5421,1.9186
1.5433,1.9213
1.5445,1.9239
1.5456,1.9265
1.5468,1.9291
1.548,1.9317
1.5491,1.9343
1.5503,1.9369
1.5515,1.9396
1.5527,1.9422
1.5538,1.9448
1.555,1.9474
1.5562,1.95
1.5573,1.9526
1.5585,1.9552
1.5597,1.9578
1.5608,1.9604
1.562,1.963
1.5632,1.9656
1.5643,1.9682
1.5655,1.9708
1.5667,1.9734
1.5678,1.976
1.569,1.9786
1.5702,1.9811
1.5713,1.9837
1.5725,1.9863
1.5737,1.9889
1.5748,1.9915
1.576,1.9941
1.5772,1.9966
1.5783,1.9992
1.5795,2.0018
1.5807,2.0044
1.5818,2.007
1.583,2.0095
1.5842,2.0121
1.5853,2.0147
1.5865,2.0172
1.5877,2.0198
1.5888,2.0224
1.59,2.0249
1.5912,2.0275
1.5923,2.03
1.5935,2.0326
1.5947,2.0352
1.5958,2.0377
1.597,2.0403
1.5982,2.0428
1.5993,2.0454
1.6005,2.048
1.6017,2.0505
1.6028,2.0531
1.604,2.0556
1.6052,2.0582
1.6064,2.0607
1.6075,2.0632
1.6087,2.0658
1.6099,2.0683
1.611,2.0709
1.6122,2.0734
1.6134,2.0759
1.6145,2.0785
1.6157,2.081
1.6169,2.0835
1.618,2.0861
1.6192,2.0886
1.6204,2.0911
1.6215,2.0937
1.6227,2.0962
1.6239,2.0987
1.625,2.1012
1.6262,2.1038
1.6274,2.1063
1.6285,2.1088
1.6297,2.1113
1.6309,2.1139
1.632,2.1164
1.6332,2.1189
1.6344,2.1214
1.6355,2.1239
1.6367,2.1264
1.6379,2.129
1.639,2.1315
1.6402,2.134
1.6414,2.1365
1.6425,2.139
1.6437,2.1415
1.6449,2.144
1.646,2.1465
1.6472,2.149
1.6484,2.1515
1.6495,2.154
1.6507,2.1565
1.6519,2.159
1.653,2.1615
1.6542,2.164
1.6554,2.1665
1.6565,2.169
1.6577,2.1715
1.6589,2.174
1.6601,2.1765
1.6612,2.179
1.6624,2.1815
1.6636,2.184
1.6647,2.1864
1.6659,2.1889
1.6671,2.1914
1.6682,2.1939
1.6694,2.1964
1.6706,2.1989
1.6717,2.2014
1.6729,2.2038
1.6741,2.2063
1.6752,2.2088
1.6764,2.2113
1.6776,2.2138
1.6787,2.2162
1.6799,2.2187
1.6811,2.2212
1.6822,2.2236
1.6834,2.2261
1.6846,2.2286
1.6857,2.231
1.6869,2.2335
1.6881,2.236
1.6892,2.2384
1.6904,2.2409
1.6916,2.2434
1.6927,2.2458
1.6939,2.2483
1.6951,2.2508
1.6962,2.2532
1.6974,2.2557
1.6986,2.2581
1.6997,2.2606
1.7009,2.2631
1.7021,2.2655
1.7032,2.268
1.7044,2.2704
1.7056,2.2729
1.7067,2.2753
1.7079,2.2778
1.7091,2.2802
1.7102,2.2827
1.7114,2.2851
1.7126,2.2876
1.7138,2.29
1.7149,2.2925
1.7161,2.2949
1.7173,2.2973
1.7184,2.2998
1.7196,2.3022
1.7208,2.3047
1.7219,2.3071
1.7231,2.3095
1.7243,2.312
1.7254,2.3144
1.7266,2.3169
1.7278,2.3193
1.7289,2.3217
1.7301,2.3242
1.7313,2.3266
1.7324,2.329
1.7336,2.3315
1.7348,2.3339
1.7359,2.3363
1.7371,2.3387
1.7383,2.3412
1.7394,2.3436
1.7406,2.346
1.7418,2.3484
1.7429,2.3509
1.7441,2.3533
1.7453,2.3557
1.7464,2.3581
1.7476,2.3605
1.7488,2.363
1.7499,2.3654
1.7511,2.3678
1.7523,2.3702
1.7534,2.3726
1.7546,2.375
1.7558,2.3775
1.7569,2.3799
1.7581,2.3823
1.7593,2.3847
1.7604,2.3871
1.7616,2.3895
1.7628,2.3919
1.764,2.3943
1.7651,2.3968
1.7663,2.3992
1.7675,2.4016
1.7686,2.404
1.7698,2.4064
1.771,2.4088
1.7721,2.4112
1.7733,2.4136
1.7745,2.416
1.7756,2.4184
1.7768,2.4208
1.778,2.4232
1.7791,2.4256
1.7803,2.428
1.7815,2.4304
1.7826,2.4328
1.7838,2.4352
1.785,2.4376
1.7861,2.44
1.7873,2.4423
1.7885,2.4447
1.7896,2.4471
1.7908,2.4495
1.792,2.4519
1.7931,2.4543
1.7943,2.4567
1.7955,2.4591
1.7966,2.4615
1.7978,2.4639
1.799,2.4662
1.8001,2.4686
1.8013,2.471
1.8025,2.4734
1.8036,2.4758
1.8048,2.4782
1.806,2.4805
1.8071,2.4829
1.8083,2.4853
1.8095,2.4877
1.8106,2.4901
1.8118,2.4924
1.813,2.4948
1.8141,2.4972
1.8153,2.4996
1.8165,2.5019
1.8177,2.5043
1.8188,2.5067
1.82,2.509
1.8212,2.5114
1.8223,2.5138
1.8235,2.5162
1.8247,2.5185
1.8258,2.5209
1.827,2.5233
1.8282,2.5256
1.8293,2.528
1.8305,2.5304
1.8317,2.5327
1.8328,2.5351
1.834,2.5375
1.8352,2.5398
1.8363,2.5422
1.8375,2.5445
1.8387,2.5469
1.8398,2.5493
1.841,2.5516
1.8422,2.554
1.8433,2.5563
1.8445,2.5587
1.8457,2.5611
1.8468,2.5634
1.848,2.5658
1.8492,2.5681
1.8503,2.5705
1.8515,2.5728
1.8527,2.5752
1.8538,2.5775
1.855,2.5799
1.8562,2.5822
1.8573,2.5846
1.8585,2.5869
1.8597,2.5893
1.8608,2.5917
1.862,2.594
1.8632,2.5963
1.8643,2.5987
1.8655,2.601
1.8667,2.6034
1.8678,2.6057
1.869,2.6081
1.8702,2.6104
1.8714,2.6128
1.8725,2.6151
1.8737,2.6174
1.8749,2.6198
1.876,2.6221
1.8772,2.6245
1.8784,2.6268
1.8795,2.6291
1.8807,2.6315
1.8819,2.6338
1.883,2.6362
1.8842,2.6385
1.8854,2.6408
1.8865,2.6432
1.8877,2.6455
1.8889,2.6478
1.89,2.6502
1.8912,2.6525
1.8924,2.6548
1.8935,2.6572
1.8947,2.6595
1.8959,2.6618
1.897,2.6642
1.8982,2.6665
1.8994,2.6688
1.9005,2.6712
1.9017,2.6735
1.9029,2.6758
1.904,2.6781
1.9052,2.6805
1.9064,2.6828
1.9075,2.6851
1.9087,2.6874
1.9099,2.6897
1.911,2.6921
1.9122,2.6944
1.9134,2.6967
1.9145,2.699
1.9157,2.7014
1.9169,2.7037
1.918,2.706
1.9192,2.7083
1.9204,2.7106
1.9216,2.7129
1.9227,2.7153
1.9239,2.7176
1.9251,2.7199
1.9262,2.7222
1.9274,2.7245
1.9286,2.7268
1.9297,2.7292
1.9309,2.7315
1.9321,2.7338
1.9332,2.7361
1.9344,2.7384
1.9356,2.7407
1.9367,2.743
1.9379,2.7453
1.9391,2.7476
1.9402,2.7499
1.9414,2.7523
1.9426,2.7546
1.9437,2.7569
1.9449,2.7592
1.9461,2.7615
1.9472,2.7638
1.9484,2.7661
1.9496,2.7684
1.9507,2.7707
1.9519,2.773
1.9531,2.7753
1.9542,2.7776
1.9554,2.7799
1.9566,2.7822
1.9577,2.7845
1.9589,2.7868
1.9601,2.7891
1.9612,2.7914
1.9624,2.7937
1.9636,2.796
1.9647,2.7983
1.9659,2.8006
1.9671,2.8029
1.9682,2.8052
1.9694,2.8075
1.9706,2.8098
1.9717,2.8121
1.9729,2.8144
1.9741,2.8167
1.9753,2.819
1.9764,2.8213
1.9776,2.8236
1.9788,2.8259
1.9799,2.8282
1.9811,2.8304
1.9823,2.8327
1.9834,2.835
1.9846,2.8373
1.9858,2.8396
1.9869,2.8419
1.9881,2.8442
1.9893,2.8465
1.9904,2.8488
1.9916,2.8511
1.9928,2.8533
1.9939,2.8556
1.9951,2.8579
1.9963,2.8602
1.9974,2.8625
1.9986,2.8648
1.9998,2.867
2.0009,2.8693
2.0021,2.8716
2.0033,2.8739
2.0044,2.8762
2.0056,2.8785
2.0068,2.8807
2.0079,2.883
2.0091,2.8853
2.0103,2.8876
2.0114,2.8898
2.0126,2.8921
2.0138,2.8944
2.0149,2.8967
2.0161,2.899
2.0173,2.9012
2.0184,2.9035
2.0196,2.9058
2.0208,2.9081
2.0219,2.9103
2.0231,2.9126
2.0243,2.9149
2.0254,2.9172
2.0266,2.9194
2.0278,2.9217
2.029,2.924
2.0301,2.9262
2.0313,2.9285
2.0325,2.9308
2.0336,2.9331
2.0348,2.9353
2.036,2.9376
2.0371,2.9399
2.0383,2.9421
2.0395,2.9444
2.0406,2.9467
2.0418,2.9489
2.043,2.9512
2.0441,2.9535
2.0453,2.9557
2.0465,2.958
2.0476,2.9603
2.0488,2.9625
2.05,2.9648
2.0511,2.9671
2.0523,2.9693
2.0535,2.9716
2.0546,2.9739
2.0558,2.9761
2.057,2.9784
2.0581,2.9806
2.0593,2.9829
2.0605,2.9852
2.0616,2.9874
2.0628,2.9897
2.064,2.9919
2.0651,2.9942
2.0663,2.9965
2.0675,2.9987
2.0686,3.001
2.0698,3.0032
2.071,3.0055
2.0721,3.0077
2.0733,3.01
2.0745,3.0123
2.0756,3.0145
2.0768,3.0168
2.078,3.019
2.0792,3.0213
2.0803,3.0235
2.0815,3.0258
2.0827,3.028
2.0838,3.0303
2.085,3.0325
2.0862,3.0348
2.0873,3.0371
2.0885,3.0393
2.0897,3.0416
2.0908,3.0438
2.092,3.0461
2.0932,3.0483
2.0943,3.0505
2.0955,3.0528
2.0967,3.055
2.0978,3.0573
2.099,3.0595
2.1002,3.0618
2.1013,3.064
2.1025,3.0663
2.1037,3.0685
2.1048,3.0708
2.106,3.073
2.1072,3.0753
2.1083,3.0775
2.1095,3.0797
2.1107,3.082
2.1118,3.0842
2.113,3.0865
2.1142,3.0887
2.1153,3.091
2.1165,3.0932
2.1177,3.0954
2.1188,3.0977
2.12,3.0999
2.1212,3.1022
2.1223,3.1044
2.1235,3.1066
2.1247,3.1089
2.1258,3.1111
2.127,3.1134
2.1282,3.1156
2.1293,3.1178
2.1305,3.1201
2.1317,3.1223
2.1329,3.1245
2.134,3.1268
2.1352,3.129
2.1364,3.1312
2.1375,3.1335
2.1387,3.1357
2.1399,3.138
2.141,3.1402
2.1422,3.1424
2.1434,3.1447
2.1445,3.1469
2.1457,3.1491
2.1469,3.1514
2.148,3.1536
2.1492,3.1558
2.1504,3.158
2.1515,3.1603
2.1527,3.1625
2.1539,3.1647
2.155,3.167
2.1562,3.1692
2.1574,3.1714
2.1585,3.1737
2.1597,3.1759
2.1609,3.1781
2.162,3.1803
2.1632,3.1826
2.1644,3.1848
2.1655,3.187
2.1667,3.1892
2.1679,3.1915
2.169,3.1937
2.1702,3.1959
2.1714,3.1981
2.1725,3.2004
2.1737,3.2026
2.1749,3.2048
2.176,3.207
2.1772,3.2093
2.1784,3.2115
2.1795,3.2137
2.1807,3.2159
2.1819,3.2182
2.183,3.2204
2.1842,3.2226
2.1854,3.2248
2.1866,3.2271
2.1877,3.2293
2.1889,3.2315
2.1901,3.2337
2.1912,3.2359
2.1924,3.2382
2.1936,3.2404
2.1947,3.2426
2.1959,3.2448
2.1971,3.247
2.1982,3.2492
2.1994,3.2515
2.2006,3.2537
2.2017,3.2559
2.2029,3.2581
2.2041,3.2603
2.2052,3.2625
2.2064,3.2648
2.2076,3.267
2.2087,3.2692
2.2099,3.2714
2.2111,3.2736
2.2122,3.2758
2.2134,3.278
2.2146,3.2803
2.2157,3.2825
2.2169,3.2847
2.2181,3.2869
2.2192,3.2891
2.2204,3.2913
2.2216,3.2935
2.2227,3.2957
2.2239,3.2979
2.2251,3.3002
2.2262,3.3024
2.2274,3.3046
2.2286,3.3068
2.2297,3.309
2.2309,3.3112
2.2321,3.3134
2.2332,3.3156
2.2344,3.3178
2.2356,3.32
2.2367,3.3222
2.2379,3.3244
2.2391,3.3266
2.2403,3.3289
2.2414,3.3311
2.2426,3.3333
2.2438,3.3355
2.2449,3.3377
2.2461,3.3399
2.2473,3.3421
2.2484,3.3443
2.2496,3.3465
2.2508,3.3487
2.2519,3.3509
2.2531,3.3531
2.2543,3.3553
2.2554,3.3575
2.2566,3.3597
2.2578,3.3619
2.2589,3.3641
2.2601,3.3663
2.2613,3.3685
2.2624,3.3707
2.2636,3.3729
2.2648,3.3751
2.2659,3.3773
2.2671,3.3795
2.2683,3.3817
2.2694,3.3839
2.2706,3.3861
2.2718,3.3883
2.2729,3.3905
2.2741,3.3927
2.2753,3.3949
2.2764,3.3971
2.2776,3.3993
2.2788,3.4015
2.2799,3.4037
2.2811,3.4059
2.2823,3.4081
2.2834,3.4103
2.2846,3.4125
2.2858,3.4147
2.2869,3.4169
2.2881,3.4191
2.2893,3.4213
2.2905,3.4235
2.2916,3.4257
2.2928,3.4278
2.294,3.43
2.2951,3.4322
2.2963,3.4344
2.2975,3.4366
2.2986,3.4388
2.2998,3.441
2.301,3.4432
2.3021,3.4454
2.3033,3.4476
2.3045,3.4498
2.3056,3.452
2.3068,3.4541
2.308,3.4563
2.3091,3.4585
2.3103,3.4607
2.3115,3.4629
2.3126,3.4651
2.3138,3.4673
2.315,3.4695
2.3161,3.4717
2.3173,3.4739
2.3185,3.476
2.3196,3.4782
2.3208,3.4804
2.322,3.4826
2.3231,3.4848
2.3243,3.487
2.3255,3.4892
2.3266,3.4913
2.3278,3.4935
2.329,3.4957
2.3301,3.4979
2.3313,3.5001
2.3325,3.5023
2.3336,3.5045
2.3348,3.5066
2.336,3.5088
2.3371,3.511
2.3383,3.5132
2.3395,3.5154
2.3406,3.5176
2.3418,3.5197
2.343,3.5219
2.3442,3.5241
2.3453,3.5263
2.3465,3.5285
2.3477,3.5307
2.3488,3.5328
2.35,3.535
2.3512,3.5372
2.3523,3.5394
2.3535,3.5416
2.3547,3.5437
2.3558,3.5459
2.357,3.5481
2.3582,3.5503
2.3593,3.5524
2.3605,3.5546
2.3617,3.5568
2.3628,3.559
2.364,3.5612
2.3652,3.5633
2.3663,3.5655
2.3675,3.5677
2.3687,3.5699
2.3698,3.572
2.371,3.5742
2.3722,3.5764
2.3733,3.5786
2.3745,3.5808
2.3757,3.5829
2.3768,3.5851
2.378,3.5873
2.3792,3.5895
2.3803,3.5916
2.3815,3.5938
2.3827,3.596
2.3838,3.5982
2.385,3.6003
2.3862,3.6025
2.3873,3.6047
2.3885,3.6068
2.3897,3.609
2.3908,3.6112
2.392,3.6134
2.3932,3.6155
2.3943,3.6177
2.3955,3.6199
2.3967,3.622
2.3979,3.6242
2.399,3.6264
2.4002,3.6286
2.4014,3.6307
2.4025,3.6329
2.4037,3.6351
2.4049,3.6372
2.406,3.6394
2.4072,3.6416
2.4084,3.6437
2.4095,3.6459
2.4107,3.6481
2.4119,3.6503
2.413,3.6524
2.4142,3.6546
2.4154,3.6568
2.4165,3.6589
2.4177,3.6611
2.4189,3.6633
2.42,3.6654
2.4212,3.6676
2.4224,3.6698
2.4235,3.6719
2.4247,3.6741
2.4259,3.6763
2.427,3.6784
2.4282,3.6806
2.4294,3.6827
2.4305,3.6849
2.4317,3.6871
2.4329,3.6892
2.434,3.6914
2.4352,3.6936
2.4364,3.6957
2.4375,3.6979
2.4387,3.7001
2.4399,3.7022
2.441,3.7044
2.4422,3.7066
2.4434,3.7087
2.4445,3.7109
2.4457,3.713
2.4469,3.7152
2.4481,3.7174
2.4492,3.7195
2.4504,3.7217
2.4516,3.7238
2.4527,3.726
2.4539,3.7282
2.4551,3.7303
2.4562,3.7325
2.4574,3.7346
2.4586,3.7368
2.4597,3.739
2.4609,3.7411
2.4621,3.7433
2.4632,3.7454
2.4644,3.7476
2.4656,3.7498
2.4667,3.7519
2.4679,3.7541
2.4691,3.7562
2.4702,3.7584
2.4714,3.7606
2.4726,3.7627
2.4737,3.7649
2.4749,3.767
2.4761,3.7692
2.4772,3.7713
2.4784,3.7735
2.4796,3.7757
2.4807,3.7778
2.4819,3.78
2.4831,3.7821
2.4842,3.7843
2.4854,3.7864
2.4866,3.7886
2.4877,3.7907
2.4889,3.7929
2.4901,3.795
2.4912,3.7972
2.4924,3.7994
2.4936,3.8015
2.4947,3.8037
2.4959,3.8058
2.4971,3.808
2.4982,3.8101
2.4994,3.8123
2.5006,3.8144
2.5018,3.8166
2.5029,3.8187
2.5041,3.8209
2.5053,3.823
2.5064,3.8252
2.5076,3.8273
2.5088,3.8295
2.5099,3.8316
2.5111,3.8338
2.5123,3.8359
2.5134,3.8381
2.5146,3.8402
2.5158,3.8424
2.5169,3.8445
2.5181,3.8467
2.5193,3.8488
2.5204,3.851
2.5216,3.8531
2.5228,3.8553
2.5239,3.8574
2.5251,3.8596
2.5263,3.8617
2.5274,3.8639
2.5286,3.866
2.5298,3.8682
2.5309,3.8703
2.5321,3.8725
2.5333,3.8746
2.5344,3.8768
2.5356,3.8789
2.5368,3.8811
2.5379,3.8832
2.5391,3.8854
2.5403,3.8875
2.5414,3.8896
2.5426,3.8918
2.5438,3.8939
2.5449,3.8961
2.5461,3.8982
2.5473,3.9004
2.5484,3.9025
2.5496,3.9047
2.5508,3.9068
2.5519,3.9089
2.5531,3.9111
2.5543,3.9132
2.5555,3.9154
2.5566,3.9175
2.5578,3.9197
2.559,3.9218
2.5601,3.9239
2.5613,3.9261
2.5625,3.9282
2.5636,3.9304
2.5648,3.9325
2.566,3.9347
2.5671,3.9368
2.5683,3.939
2.5695,3.9411
2.5706,3.9432
2.5718,3.9454
2.573,3.9475
2.5741,3.9497
2.5753,3.9518
2.5765,3.9539
2.5776,3.9561
2.5788,3.9582
2.58,3.9604
2.5811,3.9625
2.5823,3.9646
2.5835,3.9668
2.5846,3.9689
2.5858,3.9711
2.587,3.9732
2.5881,3.9753
2.5893,3.9775
2.5905,3.9796
2.5916,3.9817
2.5928,3.9839
2.594,3.986
2.5951,3.9882
2.5963,3.9903
2.5975,3.9924
2.5986,3.9946
2.5998,3.9967
2.601,3.9988
2.6021,4.001
2.6033,4.0031
2.6045,4.0053
2.6057,4.0074
2.6068,4.0095
2.608,4.0117
2.6092,4.0138
2.6103,4.0159
2.6115,4.0181
2.6127,4.0202
2.6138,4.0223
2.615,4.0245
2.6162,4.0266
2.6173,4.0287
2.6185,4.0309
2.6197,4.033
2.6208,4.0351
2.622,4.0373
2.6232,4.0394
2.6243,4.0415
2.6255,4.0437
2.6267,4.0458
2.6278,4.0479
2.629,4.0501
2.6302,4.0522
2.6313,4.0543
2.6325,4.0565
2.6337,4.0586
2.6348,4.0607
2.636,4.0629
2.6372,4.065
2.6383,4.0671
2.6395,4.0693
2.6407,4.0714
2.6418,4.0735
2.643,4.0757
2.6442,4.0778
2.6453,4.0799
2.6465,4.082
2.6477,4.0842
2.6488,4.0863
2.65,4.0884
2.6512,4.0906
2.6523,4.0927
2.6535,4.0948
2.6547,4.097
2.6558,4.0991
2.657,4.1012
2.6582,4.1033
2.6594,4.1055
2.6605,4.1076
2.6617,4.1097
2.6629,4.1119
2.664,4.114
2.6652,4.1161
2.6664,4.1182
2.6675,4.1204
2.6687,4.1225
2.6699,4.1246
2.671,4.1268
2.6722,4.1289
2.6734,4.131
2.6745,4.1331
2.6757,4.1353
2.6769,4.1374
2.678,4.1395
2.6792,4.1416
2.6804,4.1438
2.6815,4.1459
2.6827,4.148
2.6839,4.1501
2.685,4.1523
2.6862,4.1544
2.6874,4.1565
2.6885,4.1586
2.6897,4.1608
2.6909,4.1629
2.692,4.165
2.6932,4.1671
2.6944,4.1693
2.6955,4.1714
2.6967,4.1735
2.6979,4.1756
2.699,4.1778
2.7002,4.1799
2.7014,4.182
2.7025,4.1841
2.7037,4.1862
2.7049,4.1884
2.706,4.1905
2.7072,4.1926
2.7084,4.1947
2.7095,4.1969
2.7107,4.199
2.7119,4.2011
2.7131,4.2032
2.7142,4.2053
2.7154,4.2075
2.7166,4.2096
2.7177,4.2117
2.7189,4.2138
2.7201,4.216
2.7212,4.2181
2.7224,4.2202
2.7236,4.2223
2.7247,4.2244
2.7259,4.2266
2.7271,4.2287
2.7282,4.2308
2.7294,4.2329
2.7306,4.235
2.7317,4.2372
2.7329,4.2393
2.7341,4.2414
2.7352,4.2435
2.7364,4.2456
2.7376,4.2477
2.7387,4.2499
2.7399,4.252
2.7411,4.2541
2.7422,4.2562
2.7434,4.2583
2.7446,4.2605
2.7457,4.2626
2.7469,4.2647
2.7481,4.2668
2.7492,4.2689
2.7504,4.271
2.7516,4.2732
2.7527,4.2753
2.7539,4.2774
2.7551,4.2795
2.7562,4.2816
2.7574,4.2837
2.7586,4.2859
2.7597,4.288
2.7609,4.2901
2.7621,4.2922
2.7633,4.2943
2.7644,4.2964
2.7656,4.2986
2.7668,4.3007
2.7679,4.3028
2.7691,4.3049
2.7703,4.307
2.7714,4.3091
2.7726,4.3113
2.7738,4.3134
2.7749,4.3155
2.7761,4.3176
2.7773,4.3197
2.7784,4.3218
2.7796,4.3239
2.7808,4.326
2.7819,4.3282
2.7831,4.3303
2.7843,4.3324
2.7854,4.3345
2.7866,4.3366
2.7878,4.3387
2.7889,4.3408
2.7901,4.343
2.7913,4.3451
2.7924,4.3472
2.7936,4.3493
2.7948,4.3514
2.7959,4.3535
2.7971,4.3556
2.7983,4.3577
2.7994,4.3598
2.8006,4.362
2.8018,4.3641
2.8029,4.3662
2.8041,4.3683
2.8053,4.3704
2.8064,4.3725
2.8076,4.3746
2.8088,4.3767
2.8099,4.3788
2.8111,4.381
2.8123,4.3831
2.8134,4.3852
2.8146,4.3873
2.8158,4.3894
2.817,4.3915
2.8181,4.3936
2.8193,4.3957
2.8205,4.3978
2.8216,4.3999
2.8228,4.4021
2.824,4.4042
2.8251,4.4063
2.8263,4.4084
2.8275,4.4105
2.8286,4.4126
2.8298,4.4147
2.831,4.4168
2.8321,4.4189
2.8333,4.421
2.8345,4.4231
2.8356,4.4252
2.8368,4.4273
2.838,4.4295
2.8391,4.4316
2.8403,4.4337
2.8415,4.4358
2.8426,4.4379
2.8438,4.44
2.845,4.4421
2.8461,4.4442
2.8473,4.4463
2.8485,4.4484
2.8496,4.4505
2.8508,4.4526
2.852,4.4547
2.8531,4.4568
2.8543,4.4589
2.8555,4.4611
2.8566,4.4632
2.8578,4.4653
2.859,4.4674
2.8601,4.4695
2.8613,4.4716
2.8625,4.4737
2.8636,4.4758
2.8648,4.4779
2.866,4.48
2.8671,4.4821
2.8683,4.4842
2.8695,4.4863
2.8707,4.4884
2.8718,4.4905
2.873,4.4926
2.8742,4.4947
2.8753,4.4968
2.8765,4.4989
2.8777,4.501
2.8788,4.5031
2.88,4.5052
2.8812,4.5073
2.8823,4.5095
2.8835,4.5116
2.8847,4.5137
2.8858,4.5158
2.887,4.5179
2.8882,4.52
2.8893,4.5221
2.8905,4.5242
2.8917,4.5263
2.8928,4.5284
2.894,4.5305
2.8952,4.5326
2.8963,4.5347
2.8975,4.5368
2.8987,4.5389
2.8998,4.541
2.901,4.5431
2.9022,4.5452
2.9033,4.5473
2.9045,4.5494
2.9057,4.5515
2.9068,4.5536
2.908,4.5557
2.9092,4.5578
2.9103,4.5599
2.9115,4.562
2.9127,4.5641
2.9138,4.5662
2.915,4.5683
2.9162,4.5704
2.9173,4.5725
2.9185,4.5746
2.9197,4.5767
2.9208,4.5788
2.922,4.5809
2.9232,4.583
2.9244,4.5851
2.9255,4.5872
2.9267,4.5893
2.9279,4.5914
2.929,4.5935
2.9302,4.5956
2.9314,4.5977
2.9325,4.5998
2.9337,4.6019
2.9349,4.604
2.936,4.6061
2.9372,4.6082
2.9384,4.6102
2.9395,4.6123
2.9407,4.6144
2.9419,4.6165
2.943,4.6186
2.9442,4.6207
2.9454,4.6228
2.9465,4.6249
2.9477,4.627
2.9489,4.6291
2.95,4.6312
2.9512,4.6333
2.9524,4.6354
2.9535,4.6375
2.9547,4.6396
2.9559,4.6417
2.957,4.6438
2.9582,4.6459
2.9594,4.648
2.9605,4.6501
2.9617,4.6522
2.9629,4.6543
2.964,4.6564
2.9652,4.6585
2.9664,4.6606
2.9675,4.6627
2.9687,4.6648
2.9699,4.6668
2.971,4.6689
2.9722,4.671
2.9734,4.6731
2.9746,4.6752
2.9757,4.6773
2.9769,4.6794
2.9781,4.6815
2.9792,4.6836
2.9804,4.6857
2.9816,4.6878
2.9827,4.6899
2.9839,4.692
2.9851,4.6941
2.9862,4.6962
2.9874,4.6982
2.9886,4.7003
2.9897,4.7024
2.9909,4.7045
2.9921,4.7066
2.9932,4.7087
2.9944,4.7108
2.9956,4.7129
2.9967,4.715
2.9979,4.7171
2.9991,4.7192
3.0002,4.7213
3.0014,4.7234
3.0026,4.7254
3.0037,4.7275
3.0049,4.7296
3.0061,4.7317
3.0072,4.7338
3.0084,4.7359
3.0096,4.738
3.0107,4.7401
3.0119,4.7422
3.0131,4.7443
3.0142,4.7464
3.0154,4.7484
3.0166,4.7505
3.0177,4.7526
3.0189,4.7547
3.0201,4.7568
3.0212,4.7589
3.0224,4.761
3.0236,4.7631
3.0247,4.7652
3.0259,4.7673
3.0271,4.7693
3.0283,4.7714
3.0294,4.7735
3.0306,4.7756
3.0318,4.7777
3.0329,4.7798
3.0341,4.7819
3.0353,4.784
3.0364,4.7861
3.0376,4.7881
3.0388,4.7902
3.0399,4.7923
3.0411,4.7944
3.0423,4.7965
3.0434,4.7986
3.0446,4.8007
3.0458,4.8028
3.0469,4.8049
3.0481,4.8069
3.0493,4.809
3.0504,4.8111
3.0516,4.8132
3.0528,4.8153
3.0539,4.8174
3.0551,4.8195
3.0563,4.8216
3.0574,4.8236
3.0586,4.8257
3.0598,4.8278
3.0609,4.8299
3.0621,4.832
3.0633,4.8341
3.0644,4.8362
3.0656,4.8382
3.0668,4.8403
3.0679,4.8424
3.0691,4.8445
3.0703,4.8466
3.0714,4.8487
3.0726,4.8508
3.0738,4.8528
3.0749,4.8549
3.0761,4.857
3.0773,4.8591
3.0784,4.8612
3.0796,4.8633
3.0808,4.8654
3.082,4.8674
3.0831,4.8695
3.0843,4.8716
3.0855,4.8737
3.0866,4.8758
3.0878,4.8779
3.089,4.88
3.0901,4.882
3.0913,4.8841
3.0925,4.8862
3.0936,4.8883
3.0948,4.8904
3.096,4.8925
3.0971,4.8945
3.0983,4.8966
3.0995,4.8987
3.1006,4.9008
3.1018,4.9029
3.103,4.905
3.1041,4.907
3.1053,4.9091
3.1065,4.9112
3.1076,4.9133
3.1088,4.9154
3.11,4.9175
3.1111,4.9195
3.1123,4.9216
3.1135,4.9237
3.1146,4.9258
3.1158,4.9279
3.117,4.93
3.1181,4.932
3.1193,4.9341
3.1205,4.9362
3.1216,4.9383
3.1228,4.9404
3.124,4.9424
3.1251,4.9445
3.1263,4.9466
3.1275,4.9487
3.1286,4.9508
3.1298,4.9529
3.131,4.9549
3.1322,4.957
3.1333,4.9591
3.1345,4.9612
3.1357,4.9633
3.1368,4.9653
3.138,4.9674
3.1392,4.9695
3.1403,4.9716
3.1415,4.9737
3.1427,4.9757
3.1438,4.9778
3.145,4.9799
3.1462,4.982
3.1473,4.9841
3.1485,4.9861
3.1497,4.9882
3.1508,4.9903
3.152,4.9924
3.1532,4.9945
3.1543,4.9965
3.1555,4.9986
3.1567,5.0007
3.1578,5.0028
3.159,5.0049
3.1602,5.0069
3.1613,5.009
3.1625,5.0111
3.1637,5.0132
3.1648,5.0153
3.166,5.0173
3.1672,5.0194
3.1683,5.0215
3.1695,5.0236
3.1707,5.0256
3.1718,5.0277
3.173,5.0298
3.1742,5.0319
3.1753,5.034
3.1765,5.036
3.1777,5.0381
3.1788,5.0402
3.18,5.0423
3.1812,5.0443
3.1823,5.0464
3.1835,5.0485
3.1847,5.0506
3.1859,5.0527
3.187,5.0547
3.1882,5.0568
3.1894,5.0589
3.1905,5.061
3.1917,5.063
3.1929,5.0651
3.194,5.0672
3.1952,5.0693
3.1964,5.0713
3.1975,5.0734
3.1987,5.0755
3.1999,5.0776
3.201,5.0797
3.2022,5.0817
3.2034,5.0838
3.2045,5.0859
3.2057,5.088
3.2069,5.09
3.208,5.0921
3.2092,5.0942
3.2104,5.0963
3.2115,5.0983
3.2127,5.1004
3.2139,5.1025
3.215,5.1046
3.2162,5.1066
3.2174,5.1087
3.2185,5.1108
3.2197,5.1129
3.2209,5.1149
3.222,5.117
3.2232,5.1191
3.2244,5.1212
3.2255,5.1232
3.2267,5.1253
3.2279,5.1274
3.229,5.1295
3.2302,5.1315
3.2314,5.1336
3.2325,5.1357
3.2337,5.1378
3.2349,5.1398
3.236,5.1419
3.2372,5.144
3.2384,5.1461
3.2396,5.1481
3.2407,5.1502
3.2419,5.1523
3.2431,5.1543
3.2442,5.1564
3.2454,5.1585
3.2466,5.1606
3.2477,5.1626
3.2489,5.1647
3.2501,5.1668
3.2512,5.1689
3.2524,5.1709
3.2536,5.173
3.2547,5.1751
3.2559,5.1772
3.2571,5.1792
3.2582,5.1813
3.2594,5.1834
3.2606,5.1854
3.2617,5.1875
3.2629,5.1896
3.2641,5.1917
3.2652,5.1937
3.2664,5.1958
3.2676,5.1979
3.2687,5.1999
3.2699,5.202
3.2711,5.2041
3.2722,5.2062
3.2734,5.2082
3.2746,5.2103
3.2757,5.2124
3.2769,5.2144
3.2781,5.2165
3.2792,5.2186
3.2804,5.2207
3.2816,5.2227
3.2827,5.2248
3.2839,5.2269
3.2851,5.2289
3.2862,5.231
3.2874,5.2331
3.2886,5.2351
3.2898,5.2372
3.2909,5.2393
3.2921,5.2414
3.2933,5.2434
3.2944,5.2455
3.2956,5.2476
3.2968,5.2496
3.2979,5.2517
3.2991,5.2538
3.3003,5.2558
3.3014,5.2579
3.3026,5.26
3.3038,5.2621
3.3049,5.2641
3.3061,5.2662
3.3073,5.2683
3.3084,5.2703
3.3096,5.2724
3.3108,5.2745
3.3119,5.2765
3.3131,5.2786
3.3143,5.2807
3.3154,5.2827
3.3166,5.2848
3.3178,5.2869
3.3189,5.289
3.3201,5.291
3.3213,5.2931
3.3224,5.2952
3.3236,5.2972
3.3248,5.2993
3.3259,5.3014
3.3271,5.3034
3.3283,5.3055
3.3294,5.3076
3.3306,5.3096
3.3318,5.3117
3.3329,5.3138
3.3341,5.3158
3.3353,5.3179
3.3364,5.32
3.3376,5.322
3.3388,5.3241
3.3399,5.3262
3.3411,5.3282
3.3423,5.3303
3.3435,5.3324
3.3446,5.3344
3.3458,5.3365
3.347,5.3386
3.3481,5.3406
3.3493,5.3427
3.3505,5.3448
3.3516,5.3468
3.3528,5.3489
3.354,5.351
3.3551,5.353
3.3563,5.3551
3.3575,5.3572
3.3586,5.3592
3.3598,5.3613
3.361,5.3634
3.3621,5.3654
3.3633,5.3675
3.3645,5.3696
3.3656,5.3716
3.3668,5.3737
3.368,5.3758
3.3691,5.3778
3.3703,5.3799
3.3715,5.382
3.3726,5.384
3.3738,5.3861
3.375,5.3882
3.3761,5.3902
3.3773,5.3923
3.3785,5.3944
3.3796,5.3964
3.3808,5.3985
3.382,5.4005
3.3831,5.4026
3.3843,5.4047
3.3855,5.4067
3.3866,5.4088
3.3878,5.4109
3.389,5.4129
3.3901,5.415
3.3913,5.4171
3.3925,5.4191
3.3936,5.4212
3.3948,5.4233
3.396,5.4253
3.3972,5.4274
3.3983,5.4294
3.3995,5.4315
3.4007,5.4336
3.4018,5.4356
3.403,5.4377
3.4042,5.4398
3.4053,5.4418
3.4065,5.4439
3.4077,5.446
3.4088,5.448
3.41,5.4501
3.4112,5.4521
3.4123,5.4542
3.4135,5.4563
3.4147,5.4583
3.4158,5.4604
3.417,5.4625
3.4182,5.4645
3.4193,5.4666
3.4205,5.4686
3.4217,5.4707
3.4228,5.4728
3.424,5.4748
3.4252,5.4769
3.4263,5.479
3.4275,5.481
3.4287,5.4831
3.4298,5.4851
3.431,5.4872
3.4322,5.4893
3.4333,5.4913
3.4345,5.4934
3.4357,5.4955
3.4368,5.4975
3.438,5.4996
3.4392,5.5016
3.4403,5.5037
3.4415,5.5058
3.4427,5.5078
3.4438,5.5099
3.445,5.5119
3.4462,5.514
3.4473,5.5161
3.4485,5.5181
3.4497,5.5202
3.4509,5.5223
3.452,5.5243
3.4532,5.5264
3.4544,5.5284
3.4555,5.5305
3.4567,5.5326
3.4579,5.5346
3.459,5.5367
3.4602,5.5387
3.4614,5.5408
3.4625,5.5429
3.4637,5.5449
3.4649,5.547
3.466,5.549
3.4672,5.5511
3.4684,5.5532
3.4695,5.5552
3.4707,5.5573
3.4719,5.5593
3.473,5.5614
3.4742,5.5635
3.4754,5.5655
3.4765,5.5676
3.4777,5.5696
3.4789,5.5717
3.48,5.5738
3.4812,5.5758
3.4824,5.5779
3.4835,5.5799
3.4847,5.582
3.4859,5.584
3.487,5.5861
3.4882,5.5882
3.4894,5.5902
3.4905,5.5923
3.4917,5.5943
3.4929,5.5964
3.494,5.5985
3.4952,5.6005
3.4964,5.6026
3.4975,5.6046
3.4987,5.6067
3.4999,5.6088
3.5011,5.6108
3.5022,5.6129
3.5034,5.6149
3.5046,5.617
3.5057,5.619
3.5069,5.6211
3.5081,5.6232
3.5092,5.6252
3.5104,5.6273
3.5116,5.6293
3.5127,5.6314
3.5139,5.6334
3.5151,5.6355
3.5162,5.6376
3.5174,5.6396
3.5186,5.6417
3.5197,5.6437
3.5209,5.6458
3.5221,5.6478
3.5232,5.6499
3.5244,5.652
3.5256,5.654
3.5267,5.6561
3.5279,5.6581
3.5291,5.6602
3.5302,5.6623
3.5314,5.6643
3.5326,5.6664
3.5337,5.6684
3.5349,5.6705
3.5361,5.6725
3.5372,5.6746
3.5384,5.6767
3.5396,5.6787
3.5407,5.6808
3.5419,5.6828
3.5431,5.6849
3.5442,5.6869
3.5454,5.689
3.5466,5.691
3.5477,5.6931
3.5489,5.6952
3.5501,5.6972
3.5512,5.6993
3.5524,5.7013
3.5536,5.7034
3.5548,5.7054
3.5559,5.7075
3.5571,5.7095
3.5583,5.7116
3.5594,5.7137
3.5606,5.7157
3.5618,5.7178
3.5629,5.7198
3.5641,5.7219
3.5653,5.7239
3.5664,5.726
3.5676,5.728
3.5688,5.7301
3.5699,5.7322
3.5711,5.7342
3.5723,5.7363
3.5734,5.7383
3.5746,5.7404
3.5758,5.7424
3.5769,5.7445
3.5781,5.7465
3.5793,5.7486
3.5804,5.7506
3.5816,5.7527
3.5828,5.7547
3.5839,5.7568
3.5851,5.7589
3.5863,5.7609
3.5874,5.763
3.5886,5.765
3.5898,5.7671
3.5909,5.7691
3.5921,5.7712
3.5933,5.7732
3.5944,5.7753
3.5956,5.7773
3.5968,5.7794
3.5979,5.7814
3.5991,5.7835
3.6003,5.7856
3.6014,5.7876
3.6026,5.7897
3.6038,5.7917
3.6049,5.7938
3.6061,5.7958
3.6073,5.7979
3.6085,5.7999
3.6096,5.802
3.6108,5.804
3.612,5.8061
3.6131,5.8081
3.6143,5.8102
3.6155,5.8122
3.6166,5.8143
3.6178,5.8163
3.619,5.8184
3.6201,5.8205
3.6213,5.8225
3.6225,5.8246
3.6236,5.8266
3.6248,5.8287
3.626,5.8307
3.6271,5.8328
3.6283,5.8348
3.6295,5.8369
3.6306,5.8389
3.6318,5.841
3.633,5.843
3.6341,5.8451
3.6353,5.8471
3.6365,5.8492
3.6376,5.8512
3.6388,5.8533
3.64,5.8553
3.6411,5.8574
3.6423,5.8594
3.6435,5.8615
3.6446,5.8636
3.6458,5.8656
3.647,5.8677
3.6481,5.8697
3.6493,5.8718
3.6505,5.8738
3.6516,5.8759
3.6528,5.8779
3.654,5.88
3.6551,5.882
3.6563,5.8841
3.6575,5.8861
3.6587,5.8882
3.6598,5.8902
3.661,5.8923
3.6622,5.8943
3.6633,5.8964
3.6645,5.8984
3.6657,5.9005
3.6668,5.9025
3.668,5.9046
3.6692,5.9066
3.6703,5.9087
3.6715,5.9107
3.6727,5.9128
3.6738,5.9148
3.675,5.9169
3.6762,5.9189
3.6773,5.921
3.6785,5.923
3.6797,5.9251
3.6808,5.9271
3.682,5.9292
3.6832,5.9312
3.6843,5.9333
3.6855,5.9353
3.6867,5.9374
3.6878,5.9394
3.689,5.9415
3.6902,5.9435
3.6913,5.9456
3.6925,5.9476
3.6937,5.9497
3.6948,5.9517
3.696,5.9538
3.6972,5.9558
3.6983,5.9579
3.6995,5.9599
3.7007,5.962
3.7018,5.964
3.703,5.9661
3.7042,5.9681
3.7053,5.9702
3.7065,5.9722
3.7077,5.9742
3.7088,5.9763
3.71,5.9783
3.7112,5.9804
3.7124,5.9824
3.7135,5.9845
3.7147,5.9865
3.7159,5.9886
3.717,5.9906
3.7182,5.9927
3.7194,5.9947
3.7205,5.9968
3.7217,5.9988
3.7229,6.0009
3.724,6.0029
3.7252,6.005
3.7264,6.007
3.7275,6.0091
3.7287,6.0111
3.7299,6.0132
3.731,6.0152
3.7322,6.0173
3.7334,6.0193
3.7345,6.0214
3.7357,6.0234
3.7369,6.0255
3.738,6.0275
3.7392,6.0295
3.7404,6.0316
3.7415,6.0336
3.7427,6.0357
3.7439,6.0377
3.745,6.0398
3.7462,6.0418
3.7474,6.0439
3.7485,6.0459
3.7497,6.048
3.7509,6.05
3.752,6.0521
3.7532,6.0541
3.7544,6.0562
3.7555,6.0582
3.7567,6.0602
3.7579,6.0623
3.759,6.0643
3.7602,6.0664
3.7614,6.0684
3.7625,6.0705
3.7637,6.0725
3.7649,6.0746
3.7661,6.0766
3.7672,6.0787
3.7684,6.0807
3.7696,6.0828
3.7707,6.0848
3.7719,6.0869
3.7731,6.0889
3.7742,6.0909
3.7754,6.093
3.7766,6.095
3.7777,6.0971
3.7789,6.0991
3.7801,6.1012
3.7812,6.1032
3.7824,6.1053
3.7836,6.1073
3.7847,6.1094
3.7859,6.1114
3.7871,6.1134
3.7882,6.1155
3.7894,6.1175
3.7906,6.1196
3.7917,6.1216
3.7929,6.1237
3.7941,6.1257
3.7952,6.1278
3.7964,6.1298
3.7976,6.1319
3.7987,6.1339
3.7999,6.1359
3.8011,6.138
3.8022,6.14
3.8034,6.1421
3.8046,6.1441
3.8057,6.1462
3.8069,6.1482
3.8081,6.1503
3.8092,6.1523
3.8104,6.1543
3.8116,6.1564
3.8127,6.1584
3.8139,6.1605
3.8151,6.1625
3.8163,6.1646
3.8174,6.1666
3.8186,6.1687
3.8198,6.1707
3.8209,6.1727
3.8221,6.1748
3.8233,6.1768
3.8244,6.1789
3.8256,6.1809
3.8268,6.183
3.8279,6.185
3.8291,6.1871
3.8303,6.1891
3.8314,6.1911
3.8326,6.1932
3.8338,6.1952
3.8349,6.1973
3.8361,6.1993
3.8373,6.2014
3.8384,6.2034
3.8396,6.2054
3.8408,6.2075
3.8419,6.2095
3.8431,6.2116
3.8443,6.2136
3.8454,6.2157
3.8466,6.2177
3.8478,6.2197
3.8489,6.2218
3.8501,6.2238
3.8513,6.2259
3.8524,6.2279
3.8536,6.23
3.8548,6.232
3.8559,6.234
3.8571,6.2361
3.8583,6.2381
3.8594,6.2402
3.8606,6.2422
3.8618,6.2443
3.8629,6.2463
3.8641,6.2483
3.8653,6.2504
3.8664,6.2524
3.8676,6.2545
3.8688,6.2565
3.87,6.2586
3.8711,6.2606
3.8723,6.2626
3.8735,6.2647
3.8746,6.2667
3.8758,6.2688
3.877,6.2708
3.8781,6.2728
3.8793,6.2749
3.8805,6.2769
3.8816,6.279
3.8828,6.281
3.884,6.2831
3.8851,6.2851
3.8863,6.2871
3.8875,6.2892
3.8886,6.2912
3.8898,6.2933
3.891,6.2953
3.8921,6.2974
3.8933,6.2994
3.8945,6.3014
3.8956,6.3035
3.8968,6.3055
3.898,6.3076
3.8991,6.3096
3.9003,6.3116
3.9015,6.3137
3.9026,6.3157
3.9038,6.3178
3.905,6.3198
3.9061,6.3218
3.9073,6.3239
3.9085,6.3259
3.9096,6.328
3.9108,6.33
3.912,6.332
3.9131,6.3341
3.9143,6.3361
3.9155,6.3382
3.9166,6.3402
3.9178,6.3423
3.919,6.3443
3.9201,6.3463
3.9213,6.3484
3.9225,6.3504
3.9237,6.3525
3.9248,6.3545
3.926,6.3565
3.9272,6.3586
3.9283,6.3606
3.9295,6.3627
3.9307,6.3647
3.9318,6.3667
3.933,6.3688
3.9342,6.3708
3.9353,6.3729
3.9365,6.3749
3.9377,6.3769
3.9388,6.379
3.94,6.381
3.9412,6.3831
3.9423,6.3851
3.9435,6.3871
3.9447,6.3892
3.9458,6.3912
3.947,6.3933
3.9482,6.3953
3.9493,6.3973
3.9505,6.3994
3.9517,6.4014
3.9528,6.4035
3.954,6.4055
3.9552,6.4075
3.9563,6.4096
3.9575,6.4116
3.9587,6.4136
3.9598,6.4157
3.961,6.4177
3.9622,6.4198
3.9633,6.4218
3.9645,6.4238
3.9657,6.4259
3.9668,6.4279
3.968,6.43
3.9692,6.432
3.9703,6.434
3.9715,6.4361
3.9727,6.4381
3.9739,6.4402
3.975,6.4422
3.9762,6.4442
3.9774,6.4463
3.9785,6.4483
3.9797,6.4503
3.9809,6.4524
3.982,6.4544
3.9832,6.4565
3.9844,6.4585
3.9855,6.4605
3.9867,6.4626
3.9879,6.4646
3.989,6.4667
3.9902,6.4687
3.9914,6.4707
3.9925,6.4728
3.9937,6.4748
3.9949,6.4768
3.996,6.4789
3.9972,6.4809
3.9984,6.483
3.9995,6.485
4.0007,6.487
4.0019,6.4891
4.003,6.4911
4.0042,6.4931
4.0054,6.4952
4.0065,6.4972
4.0077,6.4993
4.0089,6.5013
4.01,6.5033
4.0112,6.5054
4.0124,6.5074
4.0135,6.5094
4.0147,6.5115
4.0159,6.5135
4.017,6.5156
4.0182,6.5176
4.0194,6.5196
4.0205,6.5217
4.0217,6.5237
4.0229,6.5257
4.024,6.5278
4.0252,6.5298
4.0264,6.5319
4.0276,6.5339
4.0287,6.5359
4.0299,6.538
4.0311,6.54
4.0322,6.542
4.0334,6.5441
4.0346,6.5461
4.0357,6.5481
4.0369,6.5502
4.0381,6.5522
4.0392,6.5543
4.0404,6.5563
4.0416,6.5583
4.0427,6.5604
4.0439,6.5624
4.0451,6.5644
4.0462,6.5665
4.0474,6.5685
4.0486,6.5705
4.0497,6.5726
4.0509,6.5746
4.0521,6.5767
4.0532,6.5787
4.0544,6.5807
4.0556,6.5828
4.0567,6.5848
4.0579,6.5868
4.0591,6.5889
4.0602,6.5909
4.0614,6.5929
4.0626,6.595
4.0637,6.597
4.0649,6.599
4.0661,6.6011
4.0672,6.6031
4.0684,6.6052
4.0696,6.6072
4.0707,6.6092
4.0719,6.6113
4.0731,6.6133
4.0742,6.6153
4.0754,6.6174
4.0766,6.6194
4.0777,6.6214
4.0789,6.6235
4.0801,6.6255
4.0813,6.6275
4.0824,6.6296
4.0836,6.6316
4.0848,6.6336
4.0859,6.6357
4.0871,6.6377
4.0883,6.6398
4.0894,6.6418
4.0906,6.6438
4.0918,6.6459
4.0929,6.6479
4.0941,6.6499
4.0953,6.652
4.0964,6.654
4.0976,6.656
4.0988,6.6581
4.0999,6.6601
4.1011,6.6621
4.1023,6.6642
4.1034,6.6662
4.1046,6.6682
4.1058,6.6703
4.1069,6.6723
4.1081,6.6743
4.1093,6.6764
4.1104,6.6784
4.1116,6.6804
4.1128,6.6825
4.1139,6.6845
4.1151,6.6865
4.1163,6.6886
4.1174,6.6906
4.1186,6.6927
4.1198,6.6947
4.1209,6.6967
4.1221,6.6988
4.1233,6.7008
4.1244,6.7028
4.1256,6.7049
4.1268,6.7069
4.1279,6.7089
4.1291,6.711
4.1303,6.713
4.1314,6.715
4.1326,6.7171
4.1338,6.7191
4.135,6.7211
4.1361,6.7232
4.1373,6.7252
4.1385,6.7272
4.1396,6.7293
4.1408,6.7313
4.142,6.7333
4.1431,6.7354
4.1443,6.7374
4.1455,6.7394
4.1466,6.7415
4.1478,6.7435
4.149,6.7455
4.1501,6.7476
4.1513,6.7496
4.1525,6.7516
4.1536,6.7537
4.1548,6.7557
4.156,6.7577
4.1571,6.7598
4.1583,6.7618
4.1595,6.7638
4.1606,6.7658
4.1618,6.7679
4.163,6.7699
4.1641,6.7719
4.1653,6.774
4.1665,6.776
4.1676,6.778
4.1688,6.7801
4.17,6.7821
4.1711,6.7841
4.1723,6.7862
4.1735,6.7882
4.1746,6.7902
4.1758,6.7923
4.177,6.7943
4.1781,6.7963
4.1793,6.7984
4.1805,6.8004
4.1816,6.8024
4.1828,6.8045
4.184,6.8065
4.1852,6.8085
4.1863,6.8106
4.1875,6.8126
4.1887,6.8146
4.1898,6.8167
4.191,6.8187
4.1922,6.8207
4.1933,6.8228
4.1945,6.8248
4.1957,6.8268
4.1968,6.8288
4.198,6.8309
4.1992,6.8329
4.2003,6.8349
4.2015,6.837
4.2027,6.839
4.2038,6.841
4.205,6.8431
4.2062,6.8451
4.2073,6.8471
4.2085,6.8492
4.2097,6.8512
4.2108,6.8532
4.212,6.8553
4.2132,6.8573
4.2143,6.8593
4.2155,6.8614
4.2167,6.8634
4.2178,6.8654
4.219,6.8674
4.2202,6.8695
4.2213,6.8715
4.2225,6.8735
4.2237,6.8756
4.2248,6.8776
4.226,6.8796
4.2272,6.8817
4.2283,6.8837
4.2295,6.8857
4.2307,6.8878
4.2318,6.8898
4.233,6.8918
4.2342,6.8938
4.2353,6.8959
4.2365,6.8979
4.2377,6.8999
4.2389,6.902
4.24,6.904
4.2412,6.906
4.2424,6.9081
4.2435,6.9101
4.2447,6.9121
4.2459,6.9142
4.247,6.9162
4.2482,6.9182
4.2494,6.9202
4.2505,6.9223
4.2517,6.9243
4.2529,6.9263
4.254,6.9284
4.2552,6.9304
4.2564,6.9324
4.2575,6.9345
4.2587,6.9365
4.2599,6.9385
4.261,6.9405
4.2622,6.9426
4.2634,6.9446
4.2645,6.9466
4.2657,6.9487
4.2669,6.9507
4.268,6.9527
4.2692,6.9547
4.2704,6.9568
4.2715,6.9588
4.2727,6.9608
4.2739,6.9629
4.275,6.9649
4.2762,6.9669
4.2774,6.969
4.2785,6.971
4.2797,6.973
4.2809,6.975
4.282,6.9771
4.2832,6.9791
4.2844,6.9811
4.2855,6.9832
4.2867,6.9852
4.2879,6.9872
4.289,6.9893
4.2902,6.9913
4.2914,6.9933
4.2926,6.9953
4.2937,6.9974
4.2949,6.9994
4.2961,7.0014
4.2972,7.0035
4.2984,7.0055
4.2996,7.0075
4.3007,7.0095
4.3019,7.0116
4.3031,7.0136
4.3042,7.0156
4.3054,7.0177
4.3066,7.0197
4.3077,7.0217
4.3089,7.0237
4.3101,7.0258
4.3112,7.0278
4.3124,7.0298
4.3136,7.0319
4.3147,7.0339
4.3159,7.0359
4.3171,7.0379
4.3182,7.04
4.3194,7.042
4.3206,7.044
4.3217,7.0461
4.3229,7.0481
4.3241,7.0501
4.3252,7.0521
4.3264,7.0542
4.3276,7.0562
4.3287,7.0582
4.3299,7.0603
4.3311,7.0623
4.3322,7.0643
4.3334,7.0663
4.3346,7.0684
4.3357,7.0704
4.3369,7.0724
4.3381,7.0745
4.3392,7.0765
4.3404,7.0785
4.3416,7.0805
4.3428,7.0826
4.3439,7.0846
4.3451,7.0866
4.3463,7.0886
4.3474,7.0907
4.3486,7.0927
4.3498,7.0947
4.3509,7.0968
4.3521,7.0988
4.3533,7.1008
4.3544,7.1028
4.3556,7.1049
4.3568,7.1069
4.3579,7.1089
4.3591,7.1109
4.3603,7.113
4.3614,7.115
4.3626,7.117
4.3638,7.1191
4.3649,7.1211
4.3661,7.1231
4.3673,7.1251
4.3684,7.1272
4.3696,7.1292
4.3708,7.1312
4.3719,7.1332
4.3731,7.1353
4.3743,7.1373
4.3754,7.1393
4.3766,7.1414
4.3778,7.1434
4.3789,7.1454
4.3801,7.1474
4.3813,7.1495
4.3824,7.1515
4.3836,7.1535
4.3848,7.1555
4.3859,7.1576
4.3871,7.1596
4.3883,7.1616
4.3894,7.1636
4.3906,7.1657
4.3918,7.1677
4.3929,7.1697
4.3941,7.1718
4.3953,7.1738
4.3965,7.1758
4.3976,7.1778
4.3988,7.1799
4.4,7.1819
4.4011,7.1839
4.4023,7.1859
4.4035,7.188
4.4046,7.19
4.4058,7.192
4.407,7.194
4.4081,7.1961
4.4093,7.1981
4.4105,7.2001
4.4116,7.2022
4.4128,7.2042
4.414,7.2062
4.4151,7.2082
4.4163,7.2103
4.4175,7.2123
4.4186,7.2143
4.4198,7.2163
4.421,7.2184
4.4221,7.2204
4.4233,7.2224
4.4245,7.2244
4.4256,7.2265
4.4268,7.2285
4.428,7.2305
4.4291,7.2325
4.4303,7.2346
4.4315,7.2366
4.4326,7.2386
4.4338,7.2406
4.435,7.2427
4.4361,7.2447
4.4373,7.2467
4.4385,7.2487
4.4396,7.2508
4.4408,7.2528
4.442,7.2548
4.4431,7.2568
4.4443,7.2589
4.4455,7.2609
4.4466,7.2629
4.4478,7.2649
4.449,7.267
4.4502,7.269
4.4513,7.271
4.4525,7.273
4.4537,7.2751
4.4548,7.2771
4.456,7.2791
4.4572,7.2811
4.4583,7.2832
4.4595,7.2852
4.4607,7.2872
4.4618,7.2892
4.463,7.2913
4.4642,7.2933
4.4653,7.2953
4.4665,7.2973
4.4677,7.2994
4.4688,7.3014
4.47,7.3034
4.4712,7.3054
4.4723,7.3075
4.4735,7.3095
4.4747,7.3115
4.4758,7.3135
4.477,7.3156
4.4782,7.3176
4.4793,7.3196
4.4805,7.3216
4.4817,7.3237
4.4828,7.3257
4.484,7.3277
4.4852,7.3297
4.4863,7.3318
4.4875,7.3338
4.4887,7.3358
4.4898,7.3378
4.491,7.3399
4.4922,7.3419
4.4933,7.3439
4.4945,7.3459
4.4957,7.348
4.4968,7.35
4.498,7.352
4.4992,7.354
4.5004,7.3561
4.5015,7.3581
4.5027,7.3601
4.5039,7.3621
4.505,7.3642
4.5062,7.3662
4.5074,7.3682
4.5085,7.3702
4.5097,7.3722
4.5109,7.3743
4.512,7.3763
4.5132,7.3783
4.5144,7.3803
4.5155,7.3824
4.5167,7.3844
4.5179,7.3864
4.519,7.3884
4.5202,7.3905
4.5214,7.3925
4.5225,7.3945
4.5237,7.3965
4.5249,7.3986
4.526,7.4006
4.5272,7.4026
4.5284,7.4046
4.5295,7.4066
4.5307,7.4087
4.5319,7.4107
4.533,7.4127
4.5342,7.4147
4.5354,7.4168
4.5365,7.4188
4.5377,7.4208
4.5389,7.4228
4.54,7.4249
4.5412,7.4269
4.5424,7.4289
4.5435,7.4309
4.5447,7.4329
4.5459,7.435
4.547,7.437
4.5482,7.439
4.5494,7.441
4.5505,7.4431
4.5517,7.4451
4.5529,7.4471
4.5541,7.4491
4.5552,7.4511
4.5564,7.4532
4.5576,7.4552
4.5587,7.4572
4.5599,7.4592
4.5611,7.4613
4.5622,7.4633
4.5634,7.4653
4.5646,7.4673
4.5657,7.4694
4.5669,7.4714
4.5681,7.4734
4.5692,7.4754
4.5704,7.4774
4.5716,7.4795
4.5727,7.4815
4.5739,7.4835
4.5751,7.4855
4.5762,7.4876
4.5774,7.4896
4.5786,7.4916
4.5797,7.4936
4.5809,7.4956
4.5821,7.4977
4.5832,7.4997
4.5844,7.5017
4.5856,7.5037
4.5867,7.5058
4.5879,7.5078
4.5891,7.5098
4.5902,7.5118
4.5914,7.5138
4.5926,7.5159
4.5937,7.5179
4.5949,7.5199
4.5961,7.5219
4.5972,7.524
4.5984,7.526
4.5996,7.528
4.6007,7.53
4.6019,7.532
4.6031,7.5341
4.6042,7.5361
4.6054,7.5381
4.6066,7.5401
4.6078,7.5422
4.6089,7.5442
4.6101,7.5462
4.6113,7.5482
4.6124,7.5502
4.6136,7.5523
4.6148,7.5543
4.6159,7.5563
4.6171,7.5583
4.6183,7.5603
4.6194,7.5624
4.6206,7.5644
4.6218,7.5664
4.6229,7.5684
4.6241,7.5704
4.6253,7.5725
4.6264,7.5745
4.6276,7.5765
4.6288,7.5785
4.6299,7.5806
4.6311,7.5826
4.6323,7.5846
4.6334,7.5866
4.6346,7.5886
4.6358,7.5907
4.6369,7.5927
4.6381,7.5947
4.6393,7.5967
4.6404,7.5987
4.6416,7.6008
4.6428,7.6028
4.6439,7.6048
4.6451,7.6068
4.6463,7.6088
4.6474,7.6109
4.6486,7.6129
4.6498,7.6149
4.6509,7.6169
4.6521,7.619
4.6533,7.621
4.6544,7.623
4.6556,7.625
4.6568,7.627
4.658,7.6291
4.6591,7.6311
4.6603,7.6331
4.6615,7.6351
4.6626,7.6371
4.6638,7.6392
4.665,7.6412
4.6661,7.6432
4.6673,7.6452
4.6685,7.6472
4.6696,7.6493
4.6708,7.6513
4.672,7.6533
4.6731,7.6553
4.6743,7.6573
4.6755,7.6594
4.6766,7.6614
4.6778,7.6634
4.679,7.6654
4.6801,7.6674
4.6813,7.6695
4.6825,7.6715
4.6836,7.6735
4.6848,7.6755
4.686,7.6775
4.6871,7.6796
4.6883,7.6816
4.6895,7.6836
4.6906,7.6856
4.6918,7.6876
4.693,7.6897
4.6941,7.6917
4.6953,7.6937
4.6965,7.6957
4.6976,7.6977
4.6988,7.6998
4.7,7.7018
4.7011,7.7038
4.7023,7.7058
4.7035,7.7078
4.7046,7.7099
4.7058,7.7119
4.707,7.7139
4.7081,7.7159
4.7093,7.7179
4.7105,7.72
4.7117,7.722
4.7128,7.724
4.714,7.726
4.7152,7.728
4.7163,7.7301
4.7175,7.7321
4.7187,7.7341
4.7198,7.7361
4.721,7.7381
4.7222,7.7402
4.7233,7.7422
4.7245,7.7442
4.7257,7.7462
4.7268,7.7482
4.728,7.7502
4.7292,7.7523
4.7303,7.7543
4.7315,7.7563
4.7327,7.7583
4.7338,7.7603
4.735,7.7624
4.7362,7.7644
4.7373,7.7664
4.7385,7.7684
4.7397,7.7704
4.7408,7.7725
4.742,7.7745
4.7432,7.7765
4.7443,7.7785
4.7455,7.7805
4.7467,7.7825
4.7478,7.7846
4.749,7.7866
4.7502,7.7886
4.7513,7.7906
4.7525,7.7926
4.7537,7.7947
4.7548,7.7967
4.756,7.7987
4.7572,7.8007
4.7583,7.8027
4.7595,7.8048
4.7607,7.8068
4.7618,7.8088
4.763,7.8108
4.7642,7.8128
4.7654,7.8148
4.7665,7.8169
4.7677,7.8189
4.7689,7.8209
4.77,7.8229
4.7712,7.8249
4.7724,7.827
4.7735,7.829
4.7747,7.831
4.7759,7.833
4.777,7.835
4.7782,7.837
4.7794,7.8391
4.7805,7.8411
4.7817,7.8431
4.7829,7.8451
4.784,7.8471
4.7852,7.8492
4.7864,7.8512
4.7875,7.8532
4.7887,7.8552
4.7899,7.8572
4.791,7.8592
4.7922,7.8613
4.7934,7.8633
4.7945,7.8653
4.7957,7.8673
4.7969,7.8693
4.798,7.8714
4.7992,7.8734
4.8004,7.8754
4.8015,7.8774
4.8027,7.8794
4.8039,7.8814
4.805,7.8835
4.8062,7.8855
4.8074,7.8875
4.8085,7.8895
4.8097,7.8915
4.8109,7.8936
4.812,7.8956
4.8132,7.8976
4.8144,7.8996
4.8155,7.9016
4.8167,7.9036
4.8179,7.9057
4.8191,7.9077
4.8202,7.9097
4.8214,7.9117
4.8226,7.9137
4.8237,7.9157
4.8249,7.9178
4.8261,7.9198
4.8272,7.9218
4.8284,7.9238
4.8296,7.9258
4.8307,7.9278
4.8319,7.9299
4.8331,7.9319
4.8342,7.9339
4.8354,7.9359
4.8366,7.9379
4.8377,7.9399
4.8389,7.942
4.8401,7.944
4.8412,7.946
4.8424,7.948
4.8436,7.95
4.8447,7.952
4.8459,7.9541
4.8471,7.9561
4.8482,7.9581
4.8494,7.9601
4.8506,7.9621
4.8517,7.9641
4.8529,7.9662
4.8541,7.9682
4.8552,7.9702
4.8564,7.9722
4.8576,7.9742
4.8587,7.9763
4.8599,7.9783
4.8611,7.9803
4.8622,7.9823
4.8634,7.9843
4.8646,7.9863
4.8657,7.9883
4.8669,7.9904
4.8681,7.9924
4.8693,7.9944
4.8704,7.9964
4.8716,7.9984
4.8728,8.0004
4.8739,8.0025
4.8751,8.0045
4.8763,8.0065
4.8774,8.0085
4.8786,8.0105
4.8798,8.0125
4.8809,8.0146
4.8821,8.0166
4.8833,8.0186
4.8844,8.0206
4.8856,8.0226
4.8868,8.0246
4.8879,8.0267
4.8891,8.0287
4.8903,8.0307
4.8914,8.0327
4.8926,8.0347
4.8938,8.0367
4.8949,8.0388
4.8961,8.0408
4.8973,8.0428
4.8984,8.0448
4.8996,8.0468
4.9008,8.0488
4.9019,8.0509
4.9031,8.0529
4.9043,8.0549
4.9054,8.0569
4.9066,8.0589
4.9078,8.0609
4.9089,8.0629
4.9101,8.065
4.9113,8.067
4.9124,8.069
4.9136,8.071
4.9148,8.073
4.9159,8.075
4.9171,8.0771
4.9183,8.0791
4.9194,8.0811
4.9206,8.0831
4.9218,8.0851
4.923,8.0871
4.9241,8.0892
4.9253,8.0912
4.9265,8.0932
4.9276,8.0952
4.9288,8.0972
4.93,8.0992
4.9311,8.1012
4.9323,8.1033
4.9335,8.1053
4.9346,8.1073
4.9358,8.1093
4.937,8.1113
4.9381,8.1133
4.9393,8.1153
4.9405,8.1174
4.9416,8.1194
4.9428,8.1214
4.944,8.1234
4.9451,8.1254
4.9463,8.1274
4.9475,8.1295
4.9486,8.1315
4.9498,8.1335
4.951,8.1355
4.9521,8.1375
4.9533,8.1395
4.9545,8.1415
4.9556,8.1436
4.9568,8.1456
4.958,8.1476
4.9591,8.1496
4.9603,8.1516
4.9615,8.1536
4.9626,8.1557
4.9638,8.1577
4.965,8.1597
4.9661,8.1617
4.9673,8.1637
4.9685,8.1657
4.9696,8.1677
4.9708,8.1698
4.972,8.1718
4.9731,8.1738
4.9743,8.1758
4.9755,8.1778
4.9767,8.1798
4.9778,8.1818
4.979,8.1839
4.9802,8.1859
4.9813,8.1879
4.9825,8.1899
4.9837,8.1919
4.9848,8.1939
4.986,8.1959
4.9872,8.198
4.9883,8.2
4.9895,8.202
4.9907,8.204
4.9918,8.206
4.993,8.208
4.9942,8.21
4.9953,8.2121
4.9965,8.2141
4.9977,8.2161
4.9988,8.2181
5,8.2201
