0,1e-12
0.0011674,0
0.0023348,0
0.0035022,0
0.0046696,0
0.005837,0
0.0070044,0
0.0081718,0
0.0093392,0
0.010507,0
0.011674,0
0.012841,0
0.014009,0
0.015176,0
0.016344,0
0.017511,0
0.018678,0
0.019846,0
0.021013,0
0.022181,0
0.023348,0
0.024516,0
0.025683,0
0.02685,0
0.028018,0
0.029185,0
0.030353,0
0.03152,0
0.032687,0
0.033855,0
0.035022,0
0.03619,0
0.037357,0
0.038524,0
0.039692,0
0.040859,0
0.042027,0
0.043194,0
0.044361,0
0.045529,0
0.046696,0
0.047864,0
0.049031,0
0.050198,0
0.051366,0
0.052533,0
0.053701,0
0.054868,0
0.056035,0
0.057203,0
0.05837,0
0.059538,0
0.060705,0
0.061873,0
0.06304,0
0.064207,0
0.065375,0
0.066542,0
0.06771,0
0.068877,0
0.070044,0
0.071212,0
0.072379,0
0.073547,0
0.074714,0
0.075881,0
0.077049,0
0.078216,0
0.079384,0
0.080551,0
0.081718,0
0.082886,0
0.084053,0
0.085221,0
0.086388,0
0.087555,0
0.088723,0
0.08989,0
0.091058,0
0.092225,0
0.093392,0
0.09456,-0
0.095727,0
0.096895,-0
0.098062,-0
0.09923,0
0.1004,-0
0.10156,0
0.10273,0
0.1039,-0
0.10507,0
0.10623,-0
0.1074,-0
0.10857,0
0.10974,-0
0.1109,-0
0.11207,0
0.11324,-0
0.11441,-0
0.11557,0
0.11674,-0
0.11791,-0
0.11908,0
0.12024,0
0.12141,-0
0.12258,0
0.12375,0
0.12491,-0
0.12608,-0
0.12725,0
0.12841,-0
0.12958,-0
0.13075,0
0.13192,0
0.13308,-0
0.13425,0
0.13542,0
0.13659,-0
0.13775,-0
0.13892,0
0.14009,-0
0.14126,-0
0.14242,0
0.14359,0
0.14476,-0
0.14593,-0
0.14709,0
0.14826,0
0.14943,-0
0.1506,0
0.15176,0
0.15293,-0
0.1541,-0
0.15527,0
0.15643,0
0.1576,-0
0.15877,-0
0.15993,0
0.1611,-0
0.16227,-0
0.16344,0
0.1646,0
0.16577,-0
0.16694,-0
0.16811,0
0.16927,0
0.17044,-0
0.17161,-0
0.17278,0
0.17394,0
0.17511,-0
0.17628,-0
0.17745,0
0.17861,-0
0.17978,-0
0.18095,0
0.18212,0
0.18328,-0
0.18445,-0
0.18562,0
0.18678,0
0.18795,-0
0.18912,-0
0.19029,0
0.19145,0
0.19262,-0
0.19379,-0
0.19496,0
0.19612,0
0.19729,-0
0.19846,-0
0.19963,0
0.20079,0
0.20196,-0
0.20313,-0
0.2043,0
0.20546,0
0.20663,-0
0.2078,-0
0.20897,0
0.21013,0
0.2113,-0
0.21247,-0
0.21364,0
0.2148,-0
0.21597,-0
0.21714,0
0.2183,0
0.21947,-0
0.22064,-0
0.22181,0
0.22297,0
0.22414,-0
0.22531,-0
0.22648,0
0.22764,0
0.22881,-0
0.22998,-0
0.23115,0
0.23231,0
0.23348,-0
0.23465,-0
0.23582,0
0.23698,0
0.23815,-0
0.23932,-0
0.24049,0
0.24165,0
0.24282,-0
0.24399,-0
0.24516,0
0.24632,0
0.24749,-0
0.24866,-0
0.24982,0
0.25099,0
0.25216,-0
0.25333,-0
0.25449,-0
0.25566,0
0.25683,0
0.258,-0
0.25916,-0
0.26033,0
0.2615,0
0.26267,-0
0.26383,-0
0.265,0
0.26617,0
0.26734,-0
0.2685,-0
0.26967,0
0.27084,0
0.27201,-0
0.27317,-0
0.27434,0
0.27551,0
0.27668,-0
0.27784,-0
0.27901,0
0.28018,0
0.28134,-0
0.28251,-0
0.28368,0
0.28485,0
0.28601,-0
0.28718,-0
0.28835,0
0.28952,0
0.29068,-0
0.29185,-0
0.29302,0
0.29419,0
0.29535,-0
0.29652,-0
0.29769,0
0.29886,0
0.30002,-0
0.30119,-0
0.30236,0
0.30353,0
0.30469,0
0.30586,-0
0.30703,-0
0.3082,0
0.30936,0
0.31053,-0
0.3117,-0
0.31286,0
0.31403,0
0.3152,-0
0.31637,-0
0.31753,0
0.3187,0
0.31987,-0
0.32104,-0
0.3222,0
0.32337,0
0.32454,-0
0.32571,-0
0.32687,0
0.32804,0
0.32921,-0
0.33038,-0
0.33154,0
0.33271,0
0.33388,0
0.33505,-0
0.33621,-0
0.33738,0
0.33855,0
0.33972,-0
0.34088,-0
0.34205,0
0.34322,0
0.34438,-0
0.34555,-0
0.34672,0
0.34789,0
0.34905,-0
0.35022,-0
0.35139,0
0.35256,0
0.35372,-0
0.35489,-0
0.35606,0
0.35723,0
0.35839,0
0.35956,-0
0.36073,-0
0.3619,0
0.36306,0
0.36423,-0
0.3654,-0
0.36657,0
0.36773,0
0.3689,-0
0.37007,-0
0.37124,0
0.3724,0
0.37357,-0
0.37474,-0
0.3759,0
0.37707,0
0.37824,-0
0.37941,-0
0.38057,0
0.38174,0
0.38291,0
0.38408,-0
0.38524,-0
0.38641,0
0.38758,0
0.38875,-0
0.38991,-0
0.39108,0
0.39225,0
0.39342,-0
0.39458,-0
0.39575,0
0.39692,0
0.39809,-0
0.39925,-0
0.40042,-0
0.40159,0
0.40276,0
0.40392,-0
0.40509,-0
0.40626,0
0.40742,0
0.40859,-0
0.40976,-0
0.41093,0
0.41209,0
0.41326,-0
0.41443,-0
0.4156,-0
0.41676,0
0.41793,0
0.4191,0
0.42027,-0
0.42143,-0
0.4226,-0
0.42377,-0
0.42494,-0
0.4261,0
0.42727,0
0.42844,-0
0.42961,-0
0.43077,-0
0.43194,0
0.43311,0
0.43428,0
0.43544,-0
0.43661,-0
0.43778,-0
0.43894,-0
0.44011,0
0.44128,0
0.44245,0
0.44361,0
0.44478,-0
0.44595,-0
0.44712,-0
0.44828,0
0.44945,0
0.45062,-0
0.45179,-0
0.45295,-0
0.45412,-0
0.45529,0
0.45646,0
0.45762,0
0.45879,0
0.45996,-0
0.46113,-0
0.46229,-0
0.46346,0
0.46463,0
0.4658,0
0.46696,-0
0.46813,-0
0.4693,-0
0.47046,0
0.47163,0
0.4728,0
0.47397,0
0.47513,-0
0.4763,-0
0.47747,-0
0.47864,0
0.4798,0
0.48097,0
0.48214,-0
0.48331,-0
0.48447,-0
0.48564,0
0.48681,0
0.48798,0
0.48914,-0
0.49031,-0
0.49148,-0
0.49265,-0
0.49381,0
0.49498,0
0.49615,0
0.49731,-0
0.49848,-0
0.49965,-0
0.50082,0
0.50198,0
0.50315,0
0.50432,-0
0.50549,-0
0.50665,-0
0.50782,-0
0.50899,0
0.51016,0
0.51132,0
0.51249,-0
0.51366,-0
0.51483,-0
0.51599,0
0.51716,0
0.51833,0
0.5195,0
0.52066,-0
0.52183,-0
0.523,-0
0.52417,0
0.52533,0
0.5265,0
0.52767,0
0.52883,-0
0.53,-0
0.53117,-0
0.53234,0
0.5335,0
0.53467,0
0.53584,0
0.53701,-0
0.53817,-0
0.53934,-0
0.54051,0
0.54168,0
0.54284,0
0.54401,0
0.54518,-0
0.54635,-0
0.54751,-0
0.54868,0
0.54985,0
0.55102,0
0.55218,-0
0.55335,-0
0.55452,-0
0.55569,-0
0.55685,0
0.55802,0
0.55919,0
0.56035,-0
0.56152,-0
0.56269,-0
0.56386,0
0.56502,0
0.56619,0
0.56736,-0
0.56853,-0
0.56969,-0
0.57086,0
0.57203,0
0.5732,0
0.57436,-0
0.57553,-0
0.5767,-0
0.57787,0
0.57903,0
0.5802,0
0.58137,0
0.58254,-0
0.5837,-0
0.58487,-0
0.58604,0
0.58721,0
0.58837,0
0.58954,0
0.59071,-0
0.59187,-0
0.59304,-0
0.59421,0
0.59538,0
0.59654,0
0.59771,0
0.59888,-0
0.60005,-0
0.60121,-0
0.60238,0
0.60355,0
0.60472,0
0.60588,0
0.60705,-0
0.60822,-0
0.60939,-0
0.61055,0
0.61172,0
0.61289,0
0.61406,0
0.61522,-0
0.61639,-0
0.61756,-0
0.61873,-0
0.61989,0
0.62106,0
0.62223,0
0.62339,-0
0.62456,-0
0.62573,-0
0.6269,-0
0.62806,0
0.62923,0
0.6304,0
0.63157,-0
0.63273,-0
0.6339,-0
0.63507,-0
0.63624,0
0.6374,0
0.63857,0
0.63974,0
0.64091,0
0.64207,0
0.64324,0
0.64441,-0
0.64558,-0
0.64674,-0
0.64791,-0
0.64908,0
0.65025,0
0.65141,0
0.65258,-0
0.65375,-0
0.65491,-0
0.65608,-0
0.65725,0
0.65842,0
0.65958,0
0.66075,-0
0.66192,-0
0.66309,-0
0.66425,-0
0.66542,0
0.66659,0
0.66776,0
0.66892,0
0.67009,-0
0.67126,-0
0.67243,-0
0.67359,0
0.67476,0
0.67593,0
0.6771,0
0.67826,-0
0.67943,-0
0.6806,-0
0.68177,-0
0.68293,0
0.6841,0
0.68527,0
0.68643,-0
0.6876,-0
0.68877,-0
0.68994,-0
0.6911,0
0.69227,0
0.69344,0
0.69461,0
0.69577,-0
0.69694,-0
0.69811,-0
0.69928,0
0.70044,0
0.70161,0
0.70278,0
0.70395,-0
0.70511,-0
0.70628,-0
0.70745,-0
0.70862,-0
0.70978,-0
0.71095,0
0.71212,0
0.71329,0
0.71445,0
0.71562,-0
0.71679,-0
0.71795,-0
0.71912,-0
0.72029,0
0.72146,0
0.72262,0
0.72379,0
0.72496,-0
0.72613,-0
0.72729,-0
0.72846,0
0.72963,0
0.7308,0
0.73196,0
0.73313,-0
0.7343,-0
0.73547,-0
0.73663,-0
0.7378,0
0.73897,0
0.74014,0
0.7413,0
0.74247,-0
0.74364,-0
0.74481,-0
0.74597,0
0.74714,0
0.74831,0
0.74947,0
0.75064,-0
0.75181,-0
0.75298,-0
0.75414,-0
0.75531,0
0.75648,0
0.75765,0
0.75881,-0
0.75998,-0
0.76115,-0
0.76232,-0
0.76348,0
0.76465,1.2111e-38
0.76582,1.2788e-38
0.76699,0
0.76815,-0
0.76932,-1.1928e-38
0.77049,-1.2007e-38
0.77166,-0
0.77282,-0
0.77399,-0
0.77516,0
0.77633,3.2801e-38
0.77749,5.3977e-38
0.77866,4.2932e-38
0.77983,-2.3824e-38
0.78099,-1.2697e-37
0.78216,-1.8966e-37
0.78333,-1.1662e-37
0.7845,1.187e-37
0.78566,3.9941e-37
0.78683,4.8829e-37
0.788,1.8478e-37
0.78917,-4.6087e-37
0.79033,-1.0523e-36
0.7915,-1.0266e-36
0.79267,-8.3955e-38
0.79384,1.4046e-36
0.795,2.399e-36
0.79617,1.7969e-36
0.79734,-6.186e-37
0.79851,-3.5864e-36
0.79967,-4.8139e-36
0.80084,-2.5195e-36
0.80201,2.8204e-36
0.80318,7.9589e-36
0.80434,8.5386e-36
0.80551,2.3434e-36
0.80668,-8.0378e-36
0.80784,-1.5623e-35
0.80901,-1.3276e-35
0.81018,4.5561e-37
0.81135,1.8268e-35
0.81251,2.7257e-35
0.81368,1.7652e-35
0.81485,-8.3815e-36
0.81602,-3.5096e-35
0.81718,-4.2045e-35
0.81835,-1.9053e-35
0.81952,2.3323e-35
0.82069,5.7431e-35
0.82185,5.6473e-35
0.82302,1.528e-35
0.82419,-4.2281e-35
0.82536,-7.756e-35
0.82652,-6.4728e-35
0.82769,-1.0973e-35
0.82886,4.8203e-35
0.83003,7.6586e-35
0.83119,6.5014e-35
0.83236,3.3699e-35
0.83353,5.3833e-36
0.8347,-2.39e-35
0.83586,-8.0209e-35
0.83703,-1.6574e-34
0.8382,-2.1357e-34
0.83936,-1.0809e-34
0.84053,2.0583e-34
0.8417,5.9546e-34
0.84287,7.3195e-34
0.84403,2.9343e-34
0.8452,-6.9983e-34
0.84637,-1.6824e-33
0.84754,-1.7548e-33
0.8487,-3.3726e-34
0.84987,2.1203e-33
0.85104,4.0077e-33
0.85221,3.4138e-33
0.85337,-3.2961e-34
0.85454,-5.4875e-33
0.85571,-8.3466e-33
0.85688,-5.5426e-33
0.85804,2.9366e-33
0.85921,1.2384e-32
0.86038,1.5458e-32
0.86155,7.2824e-33
0.86271,-9.6329e-33
0.86388,-2.4812e-32
0.86505,-2.5592e-32
0.86622,-6.6333e-33
0.86738,2.343e-32
0.86855,4.4542e-32
0.86972,3.7723e-32
0.87088,3.5288e-34
0.87205,-4.7267e-32
0.87322,-7.1692e-32
0.87439,-4.8931e-32
0.87555,1.4864e-32
0.87672,8.14e-32
0.87789,1.0264e-31
0.87906,5.5133e-32
0.88022,-3.8266e-32
0.88139,-1.1833e-31
0.88256,-1.2837e-31
0.88373,-5.579e-32
0.88489,5.5667e-32
0.88606,1.3536e-31
0.88723,1.3631e-31
0.8884,6.6934e-32
0.88956,-2.2596e-32
0.89073,-8.7194e-32
0.8919,-1.2202e-31
0.89307,-1.4825e-31
0.89423,-1.602e-31
0.8954,-9.4526e-32
0.89657,1.2043e-31
0.89774,4.4919e-31
0.8989,6.7355e-31
0.90007,4.8114e-31
0.90124,-2.6848e-31
0.9024,-1.2733e-30
0.90357,-1.7934e-30
0.90474,-1.0867e-30
0.90591,9.0626e-31
0.90707,3.146e-30
0.90824,3.8621e-30
0.90941,1.7479e-30
0.91058,-2.7059e-30
0.91174,-6.8452e-30
0.91291,-7.1784e-30
0.91408,-1.9426e-30
0.91525,6.7783e-30
0.91641,1.3327e-29
0.91758,1.1776e-29
0.91875,6.0012e-31
0.91992,-1.4644e-29
0.92108,-2.3452e-29
0.92225,-1.7115e-29
0.92342,3.9392e-30
0.92459,2.7875e-29
0.92575,3.746e-29
0.92692,2.1863e-29
0.92809,-1.3493e-29
0.92926,-4.7178e-29
0.93042,-5.426e-29
0.93159,-2.4175e-29
0.93276,2.8622e-29
0.93392,7.0718e-29
0.93509,7.096e-29
0.93626,2.3308e-29
0.93743,-4.5602e-29
0.93859,-9.1846e-29
0.93976,-8.3587e-29
0.94093,-2.3761e-29
0.9421,5.1283e-29
0.94326,9.7007e-29
0.94443,9.0772e-29
0.9456,4.3366e-29
0.94677,-1.602e-29
0.94793,-6.5803e-29
0.9491,-1.0281e-28
0.95027,-1.263e-28
0.95144,-1.1371e-28
0.9526,-2.3461e-29
0.95377,1.5858e-28
0.95494,3.6027e-28
0.95611,4.1905e-28
0.95727,1.7848e-28
0.95844,-3.5118e-28
0.95961,-8.9375e-28
0.96078,-1.0024e-27
0.96194,-3.6458e-28
0.96311,8.5843e-28
0.96428,1.9438e-27
0.96544,1.9634e-27
0.96661,4.6494e-28
0.96778,-1.9656e-27
0.96895,-3.7796e-27
0.97011,-3.352e-27
0.97128,-2.4339e-28
0.97245,4.0554e-27
0.97362,6.6635e-27
0.97478,5.1083e-27
0.97595,-6.5618e-28
0.97712,-7.5261e-27
0.97829,-1.074e-26
0.97945,-7.0219e-27
0.98062,2.6107e-27
0.98179,1.2593e-26
0.98296,1.5885e-26
0.98412,8.7885e-27
0.98529,-5.7287e-27
0.98646,-1.894e-26
0.98763,-2.1586e-26
0.98879,-1.0296e-26
0.98996,9.2683e-27
0.99113,2.5241e-26
0.9923,2.6991e-26
0.99346,1.2316e-26
0.99463,-1.0695e-26
0.9958,-2.8662e-26
0.99696,-3.1373e-26
0.99813,-1.7784e-26
0.9993,4.4227e-27
1.0005,2.4629e-26
1.0016,3.5311e-26
1.0028,3.3736e-26
1.004,1.9503e-26
1.0051,-7.2673e-27
1.0063,-4.2824e-26
1.0075,-7.3711e-26
1.0086,-7.6207e-26
1.0098,-2.8952e-26
1.011,6.445e-26
1.0121,1.5994e-25
1.0133,1.854e-25
1.0145,8.6022e-26
1.0156,-1.2062e-25
1.0168,-3.2401e-25
1.018,-3.6835e-25
1.0191,-1.5793e-25
1.0203,2.4367e-25
1.0215,6.0399e-25
1.0226,6.4186e-25
1.0238,2.265e-25
1.025,-4.7552e-25
1.0261,-1.0359e-24
1.0273,-1.0098e-24
1.0285,-2.6099e-25
1.0297,8.5692e-25
1.0308,1.6383e-24
1.032,1.4553e-24
1.0332,2.2772e-25
1.0343,-1.4038e-24
1.0355,-2.3909e-24
1.0367,-1.9412e-24
1.0378,-1.1762e-25
1.039,2.0682e-24
1.0402,3.2137e-24
1.0413,2.4295e-24
1.0425,3.7223e-28
1.0437,-2.6859e-24
1.0448,-3.96e-24
1.046,-2.9358e-24
1.0472,-1.0982e-25
1.0483,2.9218e-24
1.0495,4.4429e-24
1.0507,3.6323e-24
1.0518,9.5648e-25
1.053,-2.2358e-24
1.0542,-4.5209e-24
1.0553,-5.0063e-24
1.0565,-3.4468e-24
1.0577,-9.7938e-26
1.0588,4.2602e-24
1.06,8.0595e-24
1.0612,8.9688e-24
1.0623,4.884e-24
1.0635,-4.1718e-24
1.0647,-1.4501e-23
1.0658,-1.9386e-23
1.067,-1.2793e-23
1.0682,5.4687e-24
1.0693,2.6838e-23
1.0705,3.6881e-23
1.0717,2.408e-23
1.0728,-1.0222e-23
1.074,-4.8241e-23
1.0752,-6.3609e-23
1.0763,-3.8353e-23
1.0775,2.119e-23
1.0787,8.2006e-23
1.0799,1.0122e-22
1.081,5.465e-23
1.0822,-4.1024e-23
1.0834,-1.305e-22
1.0845,-1.5039e-22
1.0857,-7.2219e-23
1.0869,7.0486e-23
1.088,1.9353e-22
1.0892,2.1075e-22
1.0904,9.2484e-23
1.0915,-1.0542e-22
1.0927,-2.6631e-22
1.0939,-2.8162e-22
1.095,-1.2262e-22
1.0962,1.3239e-22
1.0974,3.3742e-22
1.0985,3.6409e-22
1.0997,1.8087e-22
1.1009,-1.2348e-22
1.102,-3.8724e-22
1.1032,-4.6456e-22
1.1044,-3.0306e-22
1.1055,3.1202e-23
1.1067,3.8783e-22
1.1079,5.9944e-22
1.109,5.4861e-22
1.1102,2.1464e-22
1.1114,-3.044e-22
1.1125,-7.9918e-22
1.1137,-1.003e-21
1.1149,-7.0561e-22
1.116,9.8462e-23
1.1172,1.1085e-21
1.1184,1.7725e-21
1.1195,1.5464e-21
1.1207,2.6884e-22
1.1219,-1.5781e-21
1.123,-2.9651e-21
1.1242,-2.8374e-21
1.1254,-8.3589e-22
1.1265,2.2421e-21
1.1277,4.6549e-21
1.1289,4.6485e-21
1.13,1.646e-21
1.1312,-3.0768e-21
1.1324,-6.8266e-21
1.1336,-6.9856e-21
1.1347,-2.7633e-21
1.1359,3.9408e-21
1.1371,9.3069e-21
1.1382,9.7591e-21
1.1394,4.2996e-21
1.1406,-4.5041e-21
1.1417,-1.1697e-20
1.1429,-1.2763e-20
1.1441,-6.4511e-21
1.1452,4.1875e-21
1.1464,1.3333e-20
1.1476,1.568e-20
1.1487,9.531e-21
1.1499,-2.1455e-21
1.1511,-1.3315e-20
1.1522,-1.8134e-20
1.1534,-1.3983e-20
1.1546,-2.6604e-21
1.1557,1.0641e-20
1.1569,1.9799e-20
1.1581,2.0347e-20
1.1592,1.1254e-20
1.1604,-4.5035e-21
1.1616,-2.0573e-20
1.1627,-2.9171e-20
1.1639,-2.4276e-20
1.1651,-5.2716e-21
1.1662,2.083e-20
1.1674,4.0857e-20
1.1686,4.1489e-20
1.1697,1.7648e-20
1.1709,-2.1715e-20
1.1721,-5.5507e-20
1.1732,-6.126e-20
1.1744,-2.9816e-20
1.1756,2.546e-20
1.1767,7.2875e-20
1.1779,8.0268e-20
1.1791,3.6853e-20
1.1802,-3.5648e-20
1.1814,-9.26e-20
1.1826,-9.3772e-20
1.1837,-3.196e-20
1.1849,5.7307e-20
1.1861,1.1492e-19
1.1873,9.69e-20
1.1884,7.6843e-21
1.1896,-9.6685e-20
1.1908,-1.4207e-19
1.1919,-8.7323e-20
1.1931,4.1445e-20
1.1943,1.604e-19
1.1954,1.8025e-19
1.1966,6.9536e-20
1.1978,-1.1455e-19
1.1989,-2.5367e-19
1.2001,-2.4196e-19
1.2013,-6.0419e-20
1.2024,1.9843e-19
1.2036,3.7721e-19
1.2048,3.4763e-19
1.2059,9.4976e-20
1.2071,-2.6052e-19
1.2083,-5.2239e-19
1.2094,-5.2518e-19
1.2106,-2.3033e-19
1.2118,2.4239e-19
1.2129,6.6462e-19
1.2141,8.0552e-19
1.2153,5.4479e-19
1.2164,-5.6104e-20
1.2176,-7.5537e-19
1.2188,-1.2119e-18
1.2199,-1.1286e-18
1.2211,-4.1306e-19
1.2223,7.1419e-19
1.2234,1.7421e-18
1.2246,2.063e-18
1.2258,1.294e-18
1.2269,-4.2352e-19
1.2281,-2.3434e-18
1.2293,-3.3859e-18
1.2304,-2.7035e-18
1.2316,-2.6986e-19
1.2328,2.8855e-18
1.2339,5.0466e-18
1.2351,4.7064e-18
1.2363,1.5417e-18
1.2375,-3.1368e-18
1.2386,-6.8565e-18
1.2398,-7.2634e-18
1.241,-3.5608e-18
1.2421,2.7585e-18
1.2433,8.4492e-18
1.2445,1.0174e-17
1.2456,6.4395e-18
1.2468,-1.3263e-18
1.248,-9.2666e-18
1.2491,-1.3035e-17
1.2503,-1.0172e-17
1.2515,-1.607e-18
1.2526,8.5997e-18
1.2538,1.5225e-17
1.255,1.4558e-17
1.2561,6.3926e-18
1.2573,-5.691e-18
1.2585,-1.5938e-17
1.2596,-1.9136e-17
1.2608,-1.3152e-17
1.262,-1.0963e-19
1.2631,1.4303e-17
1.2643,2.3188e-17
1.2655,2.1581e-17
1.2666,9.0509e-18
1.2678,-9.5298e-18
1.269,-2.5653e-17
1.2701,-3.0842e-17
1.2713,-2.0909e-17
1.2725,1.1577e-18
1.2736,2.5493e-17
1.2748,3.9502e-17
1.276,3.4397e-17
1.2771,1.0601e-17
1.2783,-2.1336e-17
1.2795,-4.5295e-17
1.2806,-4.7687e-17
1.2818,-2.5156e-17
1.283,1.2391e-17
1.2841,4.6017e-17
1.2853,5.7693e-17
1.2865,4.0353e-17
1.2876,2.0499e-18
1.2888,-3.8318e-17
1.29,-6.083e-17
1.2912,-5.44e-17
1.2923,-2.2093e-17
1.2935,2.0486e-17
1.2947,5.3423e-17
1.2958,6.2936e-17
1.297,4.6074e-17
1.2982,1.06e-17
1.2993,-3.0205e-17
1.3005,-6.2184e-17
1.3017,-7.3959e-17
1.3028,-5.6083e-17
1.304,-1.0138e-17
1.3052,4.9042e-17
1.3063,9.8221e-17
1.3075,1.1247e-16
1.3087,7.3986e-17
1.3098,-1.1202e-17
1.311,-1.1359e-16
1.3122,-1.8253e-16
1.3133,-1.6659e-16
1.3145,-5.4752e-17
1.3157,1.0986e-16
1.3168,2.4635e-16
1.318,2.737e-16
1.3192,1.5771e-16
1.3203,-4.5164e-17
1.3215,-2.6415e-16
1.3227,-3.9917e-16
1.3238,-3.6807e-16
1.325,-9.3679e-17
1.3262,2.8107e-16
1.3273,5.4519e-16
1.3285,6.3498e-16
1.3297,3.3459e-16
1.3308,-1.4096e-16
1.332,-6.2725e-16
1.3332,5.4226e-16
1.3343,-5.0231e-16
1.3355,-5.4104e-17
1.3367,-2.9157e-16
1.3378,-3.8103e-16
1.339,-7.0375e-16
1.3402,-3.7391e-16
1.3413,2.6015e-16
1.3425,2.8479e-16
1.3437,-3.0974e-16
1.3449,4.4503e-16
1.346,2.8339e-17
1.3472,4.5881e-16
1.3484,3.3102e-17
1.3495,5.1262e-16
1.3507,5.4383e-16
1.3519,1.9726e-16
1.353,-4.8568e-16
1.3542,-5.4081e-16
1.3554,1.7001e-16
1.3565,8.1933e-17
1.3577,-1.8904e-16
1.3589,4.5123e-16
1.36,6.7686e-16
1.3612,-3.3447e-16
1.3624,-4.9913e-17
1.3635,-6.8855e-16
1.3647,1.0191e-17
1.3659,1.9273e-16
1.367,5.4715e-16
1.3682,1.3381e-16
1.3694,5.5401e-16
1.3705,7.3689e-17
1.3717,1.7562e-16
1.3729,-7.2325e-16
1.374,-2.7437e-16
1.3752,6.82e-16
1.3764,6.673e-16
1.3775,6.2847e-16
1.3787,-2.6386e-16
1.3799,-3.3575e-16
1.381,-5.2206e-16
1.3822,1.5825e-16
1.3834,-5.3516e-16
1.3845,-6.7358e-16
1.3857,-1.904e-16
1.3869,1.2903e-17
1.388,2.4203e-17
1.3892,4.5493e-16
1.3904,3.9314e-16
1.3915,-4.4507e-16
1.3927,-5.5342e-16
1.3939,-6.0412e-17
1.3951,-2.2838e-16
1.3962,-2.0226e-16
1.3974,-3.0091e-16
1.3986,6.9665e-16
1.3997,7.1823e-16
1.4009,9.4413e-17
1.4021,2.5009e-16
1.4032,9.47e-17
1.4044,6.4105e-16
1.4056,-3.7069e-16
1.4067,-1.2296e-16
1.4079,-5.3908e-16
1.4091,-5.2955e-16
1.4102,4.4557e-16
1.4114,5.1964e-16
1.4126,4.3558e-16
1.4137,5.7772e-16
1.4149,2.1626e-16
1.4161,5.2118e-16
1.4172,3.1286e-16
1.4184,-6.7237e-16
1.4196,-3.305e-16
1.4207,4.6587e-16
1.4219,-5.0301e-16
1.4231,2.4982e-16
1.4242,4.7414e-16
1.4254,3.0175e-16
1.4266,-5.0848e-16
1.4277,4.9453e-17
1.4289,6.2976e-16
1.4301,-6.3707e-16
1.4312,-3.041e-16
1.4324,-6.0976e-16
1.4336,-6.0256e-16
1.4347,6.3818e-16
1.4359,1.1481e-16
1.4371,3.0665e-16
1.4382,-2.1717e-16
1.4394,-6.441e-16
1.4406,-3.1202e-16
1.4417,-4.5804e-16
1.4429,2.347e-16
1.4441,6.3578e-16
1.4452,-5.423e-16
1.4464,2.3014e-17
1.4476,-2.1163e-16
1.4488,-2.1027e-16
1.4499,6.8471e-17
1.4511,-3.6155e-16
1.4523,-3.9084e-16
1.4534,-4.6534e-16
1.4546,4.5939e-16
1.4558,6.195e-16
1.4569,2.7353e-17
1.4581,-6.5996e-16
1.4593,-5.2333e-16
1.4604,2.211e-16
1.4616,-1.3945e-17
1.4628,-1.7106e-16
1.4639,3.2766e-16
1.4651,9.1769e-17
1.4663,5.4983e-16
1.4674,-3.2592e-17
1.4686,-5.5039e-16
1.4698,1.6898e-16
1.4709,1.7118e-16
1.4721,2.3766e-16
1.4733,-3.8038e-16
1.4744,-1.5777e-16
1.4756,-3.1602e-16
1.4768,-6.2185e-16
1.4779,1.0884e-17
1.4791,-3.9585e-16
1.4803,-2.5164e-16
1.4814,1.2481e-16
1.4826,2.9362e-16
1.4838,4.8055e-16
1.4849,5.0725e-16
1.4861,-3.4802e-16
1.4873,-3.0854e-16
1.4884,-3.041e-16
1.4896,3.1472e-16
1.4908,-6.2516e-16
1.4919,1.3585e-16
1.4931,2.4128e-16
1.4943,-4.7355e-16
1.4954,-5.0956e-16
1.4966,6.4344e-16
1.4978,6.4493e-16
1.4989,-1.056e-16
1.5001,3.9377e-16
1.5013,-2.949e-16
1.5025,4.9239e-16
1.5036,-1.481e-16
1.5048,6.8395e-16
1.506,1.0697e-16
1.5071,-3.3755e-16
1.5083,-6.8609e-17
1.5095,1.8428e-16
1.5106,-1.2431e-16
1.5118,-1.7505e-16
1.513,-4.5798e-16
1.5141,3.3913e-16
1.5153,2.4324e-16
1.5165,-3.2128e-16
1.5176,3.4625e-16
1.5188,-2.633e-16
1.52,-2.564e-16
1.5211,1.9049e-16
1.5223,1.712e-16
1.5235,5.0608e-16
1.5246,-5.0421e-16
1.5258,1.1283e-17
1.527,2.8099e-16
1.5281,-3.1744e-18
1.5293,4.4876e-16
1.5305,6.3383e-16
1.5316,5.7068e-16
1.5328,-5.8778e-17
1.534,4.196e-16
1.5351,2.8818e-17
1.5363,-3.3831e-16
1.5375,-1.7986e-16
1.5386,4.1456e-16
1.5398,-6.6486e-16
1.541,-2.6055e-16
1.5421,2.6404e-16
1.5433,6.8814e-16
1.5445,3.5676e-16
1.5456,-5.8543e-16
1.5468,3.9541e-16
1.548,3.4607e-16
1.5491,-4.4328e-16
1.5503,-5.7774e-16
1.5515,5.8906e-16
1.5527,-2.8808e-17
1.5538,7.1099e-16
1.555,4.9645e-16
1.5562,1.6098e-16
1.5573,2.8185e-16
1.5585,-2.5701e-16
1.5597,-7.1739e-16
1.5608,1.0573e-17
1.562,3.1067e-16
1.5632,-7.2755e-16
1.5643,-2.7067e-16
1.5655,5.5175e-16
1.5667,-5.1306e-16
1.5678,3.5558e-16
1.569,-6.9889e-16
1.5702,1.2992e-16
1.5713,-6.8285e-16
1.5725,5.0236e-17
1.5737,7.2548e-16
1.5748,9.1379e-17
1.576,6.9252e-16
1.5772,6.6491e-16
1.5783,4.7847e-16
1.5795,4.0385e-16
1.5807,-4.0643e-16
1.5818,7.1077e-16
1.583,-6.7093e-16
1.5842,-4.6642e-17
1.5853,6.0202e-16
1.5865,4.7309e-16
1.5877,-1.9845e-16
1.5888,-2.4599e-16
1.59,-1.2643e-16
1.5912,-5.9153e-16
1.5923,-8.6272e-17
1.5935,-5.7295e-16
1.5947,2.6647e-16
1.5958,1.2251e-16
1.597,-5.6826e-16
1.5982,4.9612e-16
1.5993,6.1211e-16
1.6005,-5.9855e-16
1.6017,1.8602e-16
1.6028,-5.9005e-16
1.604,-1.2637e-16
1.6052,-2.8718e-16
1.6064,6.5187e-16
1.6075,-6.449e-17
1.6087,6.7087e-16
1.6099,5.1142e-16
1.611,-2.3199e-16
1.6122,3.0407e-16
1.6134,9.0716e-17
1.6145,-5.4035e-16
1.6157,2.3818e-16
1.6169,2.2476e-16
1.618,-4.6737e-16
1.6192,2.3598e-17
1.6204,-1.8094e-17
1.6215,5.0571e-16
1.6227,4.119e-16
1.6239,3.6406e-16
1.625,-7.2869e-16
1.6262,4.1744e-16
1.6274,-6.2929e-16
1.6285,-6.9019e-16
1.6297,4.0651e-16
1.6309,-5.2248e-16
1.632,-5.6429e-16
1.6332,-5.2829e-16
1.6344,-4.3016e-17
1.6355,-4.539e-16
1.6367,-6.9924e-16
1.6379,4.2562e-16
1.639,-6.5962e-16
1.6402,-7.0742e-16
1.6414,-2.9924e-16
1.6425,-6.955e-16
1.6437,6.6117e-16
1.6449,-5.1214e-16
1.646,-3.078e-16
1.6472,-6.3239e-16
1.6484,-3.6692e-17
1.6495,-1.0703e-16
1.6507,2.4148e-16
1.6519,-1.2154e-16
1.653,-2.7978e-16
1.6542,6.4596e-16
1.6554,6.6739e-16
1.6565,1.5539e-16
1.6577,-7.1981e-16
1.6589,8.5827e-17
1.6601,2.8439e-16
1.6612,-5.7396e-16
1.6624,-7.1397e-16
1.6636,1.8398e-16
1.6647,-5.1936e-16
1.6659,-6.0752e-16
1.6671,1.8986e-16
1.6682,8.8903e-17
1.6694,3.1032e-16
1.6706,1.9122e-16
1.6717,5.1363e-17
1.6729,-5.0148e-16
1.6741,-4.7458e-16
1.6752,-2.2446e-16
1.6764,-7.0585e-17
1.6776,-2.9188e-16
1.6787,1.4143e-16
1.6799,-2.3858e-16
1.6811,-2.9498e-16
1.6822,-7.1547e-16
1.6834,-5.2207e-16
1.6846,5.0636e-16
1.6857,-1.6545e-16
1.6869,-6.7577e-16
1.6881,1.4808e-16
1.6892,-7.0726e-16
1.6904,4.6586e-16
1.6916,4.3358e-16
1.6927,2.9261e-16
1.6939,-3.2742e-16
1.6951,-5.1557e-16
1.6962,-1.0944e-16
1.6974,-2.4955e-16
1.6986,-2.3685e-16
1.6997,-3.0312e-17
1.7009,2.3028e-16
1.7021,-1.6307e-16
1.7032,6.4855e-16
1.7044,-1.643e-16
1.7056,5.5375e-16
1.7067,-4.553e-16
1.7079,7.2201e-17
1.7091,5.6413e-16
1.7102,1.5135e-16
1.7114,3.3272e-16
1.7126,-5.0847e-17
1.7138,-1.2335e-16
1.7149,-4.6164e-16
1.7161,-4.6255e-16
1.7173,-4.0218e-16
1.7184,-4.2147e-16
1.7196,7.1254e-18
1.7208,1.6847e-16
1.7219,5.9811e-16
1.7231,6.6442e-17
1.7243,-4.7047e-16
1.7254,1.0386e-16
1.7266,1.2698e-16
1.7278,-5.8479e-16
1.7289,-6.8682e-16
1.7301,-2.3415e-16
1.7313,4.6171e-16
1.7324,-6.5914e-16
1.7336,4.3537e-16
1.7348,-1.8193e-16
1.7359,4.7676e-16
1.7371,5.9506e-17
1.7383,-4.3666e-18
1.7394,-1.4686e-16
1.7406,2.1724e-17
1.7418,-2.5613e-16
1.7429,2.7496e-16
1.7441,-5.2922e-16
1.7453,6.5422e-17
1.7464,1.5021e-16
1.7476,-1.2115e-16
1.7488,-4.8669e-16
1.7499,2.7303e-16
1.7511,3.6833e-16
1.7523,6.1542e-16
1.7534,2.7015e-16
1.7546,-4.9213e-16
1.7558,-6.2751e-16
1.7569,4.3245e-17
1.7581,-5.7035e-16
1.7593,3.3475e-16
1.7604,-3.8016e-16
1.7616,6.7041e-17
1.7628,-6.3577e-17
1.764,5.1207e-16
1.7651,5.2396e-16
1.7663,2.358e-16
1.7675,6.8717e-16
1.7686,-1.6536e-16
1.7698,2.1632e-16
1.771,-5.1527e-17
1.7721,1.7893e-16
1.7733,2.315e-16
1.7745,-4.4302e-16
1.7756,2.7027e-16
1.7768,-4.1441e-16
1.778,-3.4427e-16
1.7791,-6.4934e-16
1.7803,2.195e-16
1.7815,5.8455e-16
1.7826,-6.4241e-16
1.7838,7.1541e-16
1.785,5.7896e-16
1.7861,4.4557e-16
1.7873,-3.8793e-16
1.7885,2.962e-16
1.7896,-4.3261e-16
1.7908,2.1304e-16
1.792,1.3454e-16
1.7931,8.5487e-17
1.7943,-3.6699e-17
1.7955,4.1703e-16
1.7966,5.6095e-16
1.7978,6.3833e-16
1.799,4.4645e-17
1.8001,9.6511e-17
1.8013,-6.8906e-16
1.8025,-6.3627e-16
1.8036,7.2965e-16
1.8048,-5.2746e-16
1.806,-5.611e-16
1.8071,6.7334e-16
1.8083,-3.4112e-16
1.8095,-6.7016e-16
1.8106,2.6749e-16
1.8118,4.608e-16
1.813,8.4445e-17
1.8141,3.9106e-16
1.8153,-6.4901e-16
1.8165,-2.3384e-16
1.8177,4.0502e-16
1.8188,-1.5459e-16
1.82,6.7694e-16
1.8212,-4.1568e-16
1.8223,-6.5087e-16
1.8235,-4.5903e-16
1.8247,-5.1784e-16
1.8258,-5.373e-16
1.827,6.2082e-16
1.8282,1.6994e-16
1.8293,-5.6886e-16
1.8305,-3.6021e-16
1.8317,5.4943e-16
1.8328,-5.5166e-16
1.834,2.3031e-16
1.8352,5.6728e-16
1.8363,-2.4641e-16
1.8375,-3.3776e-16
1.8387,1.7641e-16
1.8398,3.37e-17
1.841,6.1169e-16
1.8422,-4.6072e-16
1.8433,-3.3629e-16
1.8445,-1.3038e-17
1.8457,-1.3981e-16
1.8468,5.313e-16
1.848,5.8731e-16
1.8492,7.2258e-16
1.8503,-2.5923e-16
1.8515,-6.8316e-16
1.8527,-5.3185e-17
1.8538,-2.5473e-17
1.855,-2.8869e-16
1.8562,-4.392e-16
1.8573,-6.5307e-16
1.8585,-1.8478e-16
1.8597,1.8044e-18
1.8608,-2.9334e-16
1.862,5.7195e-16
1.8632,-3.1223e-16
1.8643,-2.0737e-16
1.8655,-2.612e-17
1.8667,-4.5504e-16
1.8678,-7.1414e-16
1.869,2.3219e-16
1.8702,-5.3455e-16
1.8714,-1.7629e-17
1.8725,-1.2423e-17
1.8737,-5.8786e-16
1.8749,5.8498e-16
1.876,-1.1624e-16
1.8772,4.8622e-16
1.8784,-2.5915e-16
1.8795,1.575e-16
1.8807,2.7725e-16
1.8819,5.6494e-16
1.883,6.508e-16
1.8842,-5.9076e-16
1.8854,5.0446e-17
1.8865,4.9424e-16
1.8877,-1.2732e-16
1.8889,2.1834e-16
1.89,-2.905e-16
1.8912,2.4099e-16
1.8924,5.2875e-16
1.8935,2.2514e-16
1.8947,3.3096e-16
1.8959,-1.2006e-16
1.897,3.9553e-16
1.8982,-7.2735e-16
1.8994,-1.5845e-16
1.9005,-2.996e-16
1.9017,4.881e-16
1.9029,-5.7282e-16
1.904,5.1715e-16
1.9052,2.1238e-16
1.9064,7.2488e-16
1.9075,5.2896e-16
1.9087,7.2858e-16
1.9099,-6.6892e-16
1.911,-8.5216e-17
1.9122,5.7358e-16
1.9134,-8.7269e-18
1.9145,-6.1817e-16
1.9157,-2.7472e-16
1.9169,-1.1447e-18
1.918,1.7784e-16
1.9192,-6.3403e-16
1.9204,-4.547e-16
1.9216,-5.7394e-16
1.9227,3.8527e-16
1.9239,6.693e-16
1.9251,5.1582e-16
1.9262,-2.3011e-16
1.9274,4.9437e-16
1.9286,1.5564e-16
1.9297,-2.0038e-16
1.9309,-2.5752e-16
1.9321,-3.9172e-16
1.9332,4.5976e-16
1.9344,-5.4108e-17
1.9356,-3.0133e-16
1.9367,5.9993e-16
1.9379,-6.8579e-16
1.9391,6.5147e-16
1.9402,-5.2126e-16
1.9414,4.5902e-16
1.9426,-1.5116e-16
1.9437,3.1935e-17
1.9449,-4.4159e-16
1.9461,-2.4096e-16
1.9472,-6.7028e-16
1.9484,3.8312e-16
1.9496,-7.2113e-16
1.9507,-7.5408e-17
1.9519,-3.3335e-16
1.9531,5.4496e-16
1.9542,-6.1184e-16
1.9554,2.8348e-16
1.9566,-1.566e-16
1.9577,-9.1988e-18
1.9589,1.6488e-16
1.9601,4.4576e-16
1.9612,3.7133e-16
1.9624,4.1862e-16
1.9636,6.9096e-16
1.9647,5.2201e-16
1.9659,4.228e-16
1.9671,3.3352e-16
1.9682,-1.2656e-16
1.9694,-4.8407e-16
1.9706,-1.525e-17
1.9717,-3.6902e-16
1.9729,6.8288e-16
1.9741,-7.2554e-17
1.9753,2.8215e-16
1.9764,1.7316e-17
1.9776,4.2987e-16
1.9788,-5.802e-16
1.9799,1.2616e-16
1.9811,2.1091e-16
1.9823,5.0517e-16
1.9834,-2.2472e-16
1.9846,5.6762e-16
1.9858,3.187e-16
1.9869,6.8274e-16
1.9881,3.254e-16
1.9893,-1.7667e-16
1.9904,-1.8059e-16
1.9916,5.8695e-17
1.9928,5.2118e-16
1.9939,-5.0041e-16
1.9951,-4.2589e-16
1.9963,-7.2468e-16
1.9974,-3.1101e-16
1.9986,-3.4828e-16
1.9998,3.8088e-17
2.0009,-4.3974e-16
2.0021,-6.1174e-16
2.0033,-5.7832e-16
2.0044,-4.3886e-16
2.0056,3.5743e-16
2.0068,-3.221e-16
2.0079,-7.1953e-16
2.0091,1.8512e-16
2.0103,1.9521e-16
2.0114,5.3204e-16
2.0126,-7.2066e-16
2.0138,-2.702e-16
2.0149,-6.7446e-16
2.0161,3.205e-16
2.0173,9.5186e-17
2.0184,4.9256e-16
2.0196,2.1754e-17
2.0208,-2.0393e-16
2.0219,-1.6656e-16
2.0231,6.0973e-16
2.0243,4.4668e-19
2.0254,-2.9293e-16
2.0266,5.1963e-16
2.0278,5.8971e-16
2.029,1.2814e-16
2.0301,6.0192e-16
2.0313,-1.6092e-16
2.0325,-5.3259e-16
2.0336,-8.5218e-18
2.0348,-3.8052e-16
2.036,-5.6462e-16
2.0371,7.1614e-17
2.0383,-6.8603e-16
2.0395,-3.4273e-16
2.0406,9.3539e-17
2.0418,4.4898e-16
2.043,-6.6838e-18
2.0441,4.7318e-17
2.0453,2.8702e-16
2.0465,3.0111e-16
2.0476,2.2772e-16
2.0488,4.4746e-16
2.05,1.6866e-17
2.0511,-2.4115e-16
2.0523,-5.2043e-16
2.0535,1.9347e-17
2.0546,4.998e-16
2.0558,7.6133e-17
2.057,1.6049e-16
2.0581,-2.5523e-16
2.0593,4.3713e-16
2.0605,-2.8332e-16
2.0616,-5.2661e-16
2.0628,6.7562e-16
2.064,2.6889e-16
2.0651,-7.7087e-17
2.0663,6.1877e-16
2.0675,-4.1379e-16
2.0686,-7.2774e-16
2.0698,-4.4279e-16
2.071,-3.7241e-16
2.0721,1.3156e-16
2.0733,6.0145e-16
2.0745,4.5517e-16
2.0756,1.8892e-16
2.0768,3.7033e-16
2.078,4.4801e-16
2.0792,9.7379e-17
2.0803,-5.2056e-16
2.0815,1.0432e-16
2.0827,-1.0426e-16
2.0838,1.7358e-16
2.085,-4.6756e-16
2.0862,5.4197e-16
2.0873,-2.9941e-16
2.0885,2.7227e-16
2.0897,1.598e-16
2.0908,-1.7825e-16
2.092,3.2934e-16
2.0932,-5.2939e-16
2.0943,5.5762e-16
2.0955,4.4889e-16
2.0967,-1.406e-16
2.0978,-1.497e-16
2.099,-2.7169e-16
2.1002,6.3076e-16
2.1013,1.8567e-16
2.1025,5.8905e-16
2.1037,1.3707e-16
2.1048,8.4805e-17
2.106,4.6661e-16
2.1072,3.2419e-16
2.1083,2.0024e-16
2.1095,3.358e-16
2.1107,5.6117e-17
2.1118,4.0451e-16
2.113,-3.2549e-16
2.1142,-2.9945e-16
2.1153,-1.7668e-16
2.1165,4.1981e-17
2.1177,5.3706e-16
2.1188,1.0419e-16
2.12,3.2553e-16
2.1212,-4.644e-16
2.1223,6.8857e-16
2.1235,5.314e-16
2.1247,-3.7008e-17
2.1258,5.0298e-16
2.127,-5.8204e-16
2.1282,1.1378e-16
2.1293,-2.6752e-16
2.1305,-3.8881e-16
2.1317,-7.2637e-16
2.1329,4.7259e-16
2.134,-5.399e-17
2.1352,-1.4264e-16
2.1364,-6.2909e-16
2.1375,-5.911e-16
2.1387,-5.6432e-16
2.1399,6.8353e-17
2.141,-7.1465e-16
2.1422,5.6751e-16
2.1434,-5.3037e-16
2.1445,2.4944e-16
2.1457,-5.8257e-16
2.1469,2.9831e-16
2.148,7.7342e-17
2.1492,9.7012e-17
2.1504,2.7289e-16
2.1515,-6.8332e-16
2.1527,-5.4846e-16
2.1539,3.5587e-16
2.155,-5.086e-17
2.1562,-2.2995e-16
2.1574,3.355e-16
2.1585,6.9679e-16
2.1597,4.8768e-16
2.1609,-3.2334e-16
2.162,-6.1811e-16
2.1632,6.7353e-16
2.1644,-3.0225e-16
2.1655,-3.6552e-16
2.1667,5.7209e-16
2.1679,-6.778e-16
2.169,-5.4694e-16
2.1702,-3.6949e-16
2.1714,-8.1457e-19
2.1725,5.0341e-16
2.1737,-3.4508e-16
2.1749,5.5459e-16
2.176,7.2361e-16
2.1772,6.8166e-16
2.1784,2.784e-17
2.1795,-1.9766e-16
2.1807,2.1323e-16
2.1819,6.9186e-16
2.183,5.3614e-16
2.1842,-1.6813e-16
2.1854,4.31e-16
2.1866,1.8429e-16
2.1877,-2.5574e-16
2.1889,-6.0665e-16
2.1901,-4.9217e-16
2.1912,-6.414e-16
2.1924,3.5838e-17
2.1936,-6.9462e-16
2.1947,5.5351e-17
2.1959,2.6716e-16
2.1971,-4.7631e-16
2.1982,-5.2621e-16
2.1994,2.6635e-16
2.2006,5.9291e-16
2.2017,6.1028e-16
2.2029,2.8528e-16
2.2041,2.9103e-16
2.2052,1.5373e-16
2.2064,5.7452e-16
2.2076,-2.7252e-16
2.2087,-5.346e-16
2.2099,1.1817e-16
2.2111,-1.1072e-16
2.2122,-6.968e-16
2.2134,2.5615e-16
2.2146,1.0884e-16
2.2157,4.7093e-16
2.2169,-2.9395e-16
2.2181,-9.7629e-17
2.2192,2.1088e-16
2.2204,-7.091e-16
2.2216,6.2741e-16
2.2227,-6.1088e-16
2.2239,-3.2869e-16
2.2251,-1.205e-16
2.2262,-3.6461e-16
2.2274,-3.8867e-16
2.2286,4.7587e-16
2.2297,4.1481e-17
2.2309,-4.9558e-16
2.2321,5.3148e-16
2.2332,1.7365e-16
2.2344,2.8334e-16
2.2356,-6.9765e-16
2.2367,-4.7433e-16
2.2379,-2.8594e-17
2.2391,-3.2568e-16
2.2403,3.2385e-16
2.2414,3.2763e-16
2.2426,-6.58e-16
2.2438,-6.682e-16
2.2449,-7.0967e-16
2.2461,-5.2539e-16
2.2473,-5.7065e-16
2.2484,-3.1043e-16
2.2496,4.9581e-16
2.2508,6.0657e-17
2.2519,5.9156e-18
2.2531,2.6134e-16
2.2543,5.8047e-16
2.2554,-5.0124e-16
2.2566,2.6259e-16
2.2578,-2.9865e-16
2.2589,6.2501e-16
2.2601,-6.3447e-16
2.2613,-1.1565e-16
2.2624,-2.9174e-17
2.2636,-3.8374e-16
2.2648,-5.1806e-16
2.2659,1.5219e-16
2.2671,2.0132e-16
2.2683,3.7366e-16
2.2694,-3.3288e-16
2.2706,-6.9404e-16
2.2718,3.5981e-16
2.2729,-3.01e-16
2.2741,-4.4006e-16
2.2753,5.5234e-16
2.2764,-6.1994e-16
2.2776,5.3604e-16
2.2788,1.3698e-16
2.2799,-1.9107e-16
2.2811,1.3814e-16
2.2823,2.319e-16
2.2834,3.9542e-16
2.2846,1.5074e-16
2.2858,6.6575e-16
2.2869,5.0779e-17
2.2881,-6.8724e-16
2.2893,5.1519e-16
2.2905,-6.9497e-16
2.2916,-2.8579e-16
2.2928,-9.0439e-17
2.294,-2.9548e-16
2.2951,-4.7324e-16
2.2963,4.1926e-16
2.2975,4.5448e-16
2.2986,-6.198e-16
2.2998,4.7098e-16
2.301,3.3188e-17
2.3021,-5.9031e-16
2.3033,3.4217e-16
2.3045,4.0616e-16
2.3056,-3.4558e-16
2.3068,-1.5269e-17
2.308,1.4485e-16
2.3091,3.7069e-16
2.3103,7.204e-16
2.3115,-4.3557e-16
2.3126,-4.6518e-16
2.3138,-5.4629e-16
2.315,-3.694e-16
2.3161,-2.0161e-16
2.3173,-4.1053e-16
2.3185,-4.0804e-16
2.3196,-6.4505e-16
2.3208,3.4749e-16
2.322,4.5113e-16
2.3231,3.6934e-16
2.3243,1.1497e-16
2.3255,-6.7689e-16
2.3266,-2.9537e-16
2.3278,1.6666e-16
2.329,-4.2511e-16
2.3301,-5.5511e-16
2.3313,1.0904e-16
2.3325,-2.1283e-16
2.3336,5.3906e-17
2.3348,-6.3269e-16
2.336,-6.4294e-16
2.3371,2.3618e-16
2.3383,-3.1782e-16
2.3395,-7.4122e-16
2.3406,4.5287e-16
2.3418,4.9392e-17
2.343,-5.1399e-16
2.3442,-2.2932e-16
2.3453,1.8143e-16
2.3465,1.3885e-16
2.3477,-5.6557e-16
2.3488,7.0138e-16
2.35,-3.7181e-16
2.3512,-4.6441e-16
2.3523,-6.1005e-16
2.3535,-2.0908e-16
2.3547,-5.5023e-16
2.3558,-3.2702e-16
2.357,4.7963e-17
2.3582,6.8469e-16
2.3593,-4.3116e-16
2.3605,4.2793e-16
2.3617,-9.9892e-17
2.3628,4.8411e-16
2.364,5.9494e-16
2.3652,5.1795e-16
2.3663,2.6572e-17
2.3675,-4.2923e-16
2.3687,1.6772e-16
2.3698,2.4796e-16
2.371,-3.2482e-16
2.3722,6.8961e-17
2.3733,-5.8034e-16
2.3745,-4.0295e-16
2.3757,6.8195e-17
2.3768,2.3243e-16
2.378,8.7267e-17
2.3792,-4.3105e-16
2.3803,-4.2501e-16
2.3815,3.8335e-16
2.3827,-1.9759e-16
2.3838,-4.9088e-16
2.385,5.5286e-16
2.3862,-5.6539e-16
2.3873,-7.8211e-17
2.3885,5.5439e-17
2.3897,6.0176e-16
2.3908,-4.601e-17
2.392,3.5918e-16
2.3932,-3.4246e-16
2.3943,9.2547e-17
2.3955,-4.3546e-16
2.3967,4.6431e-17
2.3979,5.5899e-16
2.399,7.4511e-17
2.4002,-3.2964e-17
2.4014,-2.2836e-16
2.4025,-5.2223e-16
2.4037,5.4069e-16
2.4049,-4.6145e-16
2.406,2.6206e-16
2.4072,-7.1073e-16
2.4084,1.0192e-17
2.4095,-2.2319e-16
2.4107,-5.4428e-18
2.4119,2.5619e-17
2.413,-6.7804e-16
2.4142,5.3916e-16
2.4154,-3.3576e-16
2.4165,6.2592e-16
2.4177,-7.3749e-16
2.4189,-6.5588e-16
2.42,-3.4696e-16
2.4212,2.5842e-16
2.4224,3.9101e-16
2.4235,-2.8053e-16
2.4247,2.9236e-16
2.4259,6.1858e-17
2.427,-5.4975e-16
2.4282,-4.3354e-16
2.4294,3.8335e-16
2.4305,6.1517e-16
2.4317,-6.6414e-16
2.4329,5.7233e-16
2.434,5.1536e-16
2.4352,6.8305e-16
2.4364,1.0703e-19
2.4375,1.2955e-16
2.4387,2.4537e-16
2.4399,1.4662e-16
2.441,1.5467e-16
2.4422,-6.2674e-16
2.4434,-5.2165e-16
2.4445,-2.2232e-16
2.4457,1.6484e-16
2.4469,1.982e-16
2.4481,-6.1198e-16
2.4492,5.2075e-16
2.4504,7.8921e-17
2.4516,1.4949e-16
2.4527,-6.0316e-16
2.4539,-4.8848e-16
2.4551,6.5497e-16
2.4562,6.0165e-16
2.4574,-6.5917e-19
2.4586,7.3186e-16
2.4597,2.6627e-16
2.4609,4.2677e-16
2.4621,4.4748e-16
2.4632,2.4403e-16
2.4644,-3.3182e-16
2.4656,5.0551e-17
2.4667,-1.019e-16
2.4679,6.0722e-16
2.4691,-3.8916e-16
2.4702,-6.4246e-16
2.4714,5.2075e-16
2.4726,-6.1774e-16
2.4737,3.6005e-16
2.4749,9.1388e-17
2.4761,3.2054e-16
2.4772,6.9734e-16
2.4784,5.029e-16
2.4796,-1.2012e-16
2.4807,7.6436e-17
2.4819,4.8124e-16
2.4831,5.4569e-17
2.4842,6.4711e-16
2.4854,3.2667e-16
2.4866,4.2313e-16
2.4877,-2.16e-16
2.4889,5.4452e-16
2.4901,6.2888e-16
2.4912,4.9254e-16
2.4924,-3.9069e-16
2.4936,4.3829e-16
2.4947,-6.0891e-16
2.4959,5.7827e-16
2.4971,-7.2608e-16
2.4982,7.6032e-18
2.4994,1.4432e-16
2.5006,4.115e-17
2.5018,4.8124e-16
2.5029,-7.4161e-16
2.5041,4.5804e-16
2.5053,3.0596e-16
2.5064,-6.7679e-16
2.5076,-5.7918e-16
2.5088,4.4558e-16
2.5099,-2.2133e-17
2.5111,9.1967e-17
2.5123,3.5973e-17
2.5134,-7.3221e-16
2.5146,3.777e-16
2.5158,-6.7162e-16
2.5169,3.9586e-18
2.5181,3.4336e-16
2.5193,-6.2444e-16
2.5204,-6.4035e-16
2.5216,6.2027e-16
2.5228,2.8104e-17
2.5239,-1.6377e-17
2.5251,-2.2578e-16
2.5263,-3.3718e-16
2.5274,-3.1954e-16
2.5286,6.455e-17
2.5298,1.8267e-16
2.5309,-8.1192e-17
2.5321,-3.9104e-18
2.5333,5.704e-16
2.5344,6.4923e-17
2.5356,-3.9529e-16
2.5368,3.6676e-16
2.5379,-6.3844e-16
2.5391,6.0627e-16
2.5403,-3.2799e-16
2.5414,5.0981e-16
2.5426,4.9101e-16
2.5438,6.2371e-16
2.5449,-1.4294e-16
2.5461,-2.7448e-16
2.5473,2.4077e-16
2.5484,-5.8763e-16
2.5496,6.6662e-17
2.5508,4.6724e-16
2.5519,-1.1779e-17
2.5531,4.5688e-16
2.5543,4.3866e-16
2.5555,-7.1361e-16
2.5566,-1.0592e-16
2.5578,-1.8378e-16
2.559,6.3004e-16
2.5601,-7.1573e-16
2.5613,-6.5588e-16
2.5625,-1.9509e-16
2.5636,7.1557e-16
2.5648,5.0807e-16
2.566,3.1114e-16
2.5671,3.4643e-16
2.5683,5.89e-16
2.5695,-6.4573e-16
2.5706,-4.413e-16
2.5718,-1.7802e-16
2.573,-3.0765e-16
2.5741,-6.4611e-16
2.5753,3.6887e-16
2.5765,7.7389e-17
2.5776,-4.9551e-17
2.5788,-6.6222e-16
2.58,3.217e-16
2.5811,1.4685e-17
2.5823,7.2745e-16
2.5835,-3.4046e-16
2.5846,4.9581e-16
2.5858,-2.0601e-17
2.587,-1.4543e-16
2.5881,2.4087e-17
2.5893,-6.0469e-16
2.5905,-3.8378e-16
2.5916,-5.5694e-16
2.5928,-4.4495e-16
2.594,-8.3677e-17
2.5951,-4.02e-16
2.5963,4.5229e-16
2.5975,4.3866e-16
2.5986,4.1948e-16
2.5998,-7.1361e-16
2.601,-6.367e-16
2.6021,-7.5905e-16
2.6033,6.7109e-16
2.6045,3.3281e-17
2.6057,-6.6586e-16
2.6068,-5.4083e-16
2.608,-1.9873e-16
2.6092,2.3195e-16
2.6103,-9.6672e-18
2.6115,6.2275e-16
2.6127,4.2103e-17
2.6138,4.0607e-16
2.615,-6.7008e-16
2.6162,5.3992e-16
2.6173,-5.7421e-16
2.6185,-6.6034e-17
2.6197,-3.0612e-16
2.6208,-7.0728e-16
2.622,-4.3766e-16
2.6232,-3.019e-16
2.6243,6.4769e-16
2.6255,3.3703e-16
2.6267,-3.3988e-16
2.6278,-5.3776e-16
2.629,5.6945e-16
2.6302,1.1727e-16
2.6313,2.7152e-17
2.6325,-7.5138e-16
2.6337,-4.6566e-16
2.6348,-4.6259e-16
2.636,-5.5694e-16
2.6372,-2.1791e-16
2.6383,-7.8245e-16
2.6395,1.2112e-16
2.6407,5.3876e-16
2.6418,6.6723e-16
2.643,-6.1103e-16
2.6442,2.1853e-16
2.6453,-2.8541e-16
2.6465,-1.5797e-17
2.6477,3.9571e-16
2.6488,-3.207e-16
2.65,5.1499e-16
2.6512,2.3079e-16
2.6523,-3.6941e-16
2.6535,-6.1293e-16
2.6547,-6.5435e-16
2.6558,-4.9365e-16
2.657,-1.412e-16
2.6582,-6.9692e-16
2.6594,3.5852e-16
2.6605,-3.207e-16
2.6617,5.5334e-16
2.6629,1.6445e-16
2.664,-6.1716e-16
2.6652,5.9592e-16
2.6664,4.4019e-16
2.6675,-3.1035e-16
2.6687,1.169e-16
2.6699,-3.5176e-16
2.671,-7.1763e-16
2.6722,5.0157e-16
2.6734,-2.0565e-16
2.6745,2.0396e-16
2.6757,-6.068e-16
2.6769,-5.88e-16
2.678,4.4558e-16
2.6792,7.2323e-16
2.6804,-1.3892e-17
2.6815,2.3502e-16
2.6827,-5.6845e-16
2.6839,-2.9461e-16
2.685,-3.6518e-16
2.6862,-3.4754e-16
2.6874,-6.7928e-16
2.6885,-3.3296e-16
2.6897,-5.4658e-16
2.6909,8.5838e-17
2.692,-6.5551e-16
2.6932,3.0253e-16
2.6944,-5.6845e-16
2.6955,2.4653e-16
2.6967,-1.7036e-16
2.6979,-9.9788e-17
2.699,-4.8752e-16
2.7002,1.9054e-16
2.7014,4.8277e-16
2.7025,1.2609e-16
2.7037,5.7711e-16
2.7049,-1.673e-16
2.706,4.1335e-16
2.7072,2.2044e-16
2.7084,2.8372e-16
2.7095,7.4087e-16
2.7107,-5.3432e-16
2.7119,-3.506e-16
2.7131,-2.9154e-16
2.7142,6.1969e-16
2.7154,-3.8398e-16
2.7166,7.0368e-16
2.7177,4.9925e-16
2.7189,-3.3834e-16
2.7201,5.4299e-16
2.7212,2.3079e-16
2.7224,6.9217e-16
2.7236,-5.8303e-16
2.7247,-5.88e-16
2.7259,4.0723e-16
2.7271,-1.2166e-16
2.7282,1.3761e-16
2.7294,-3.5176e-16
2.7306,2.496e-16
2.7317,1.7173e-16
2.7329,-1.8071e-16
2.7341,3.2908e-17
2.7352,-7.2185e-16
2.7364,-6.367e-16
2.7376,1.1383e-16
2.7387,-1.4236e-16
2.7399,-2.5013e-16
2.7411,3.6465e-16
2.7422,-7.4679e-16
2.7434,7.2861e-16
2.7446,2.6186e-16
2.7457,3.2207e-16
2.7469,1.7173e-16
2.7481,-4.4611e-16
2.7492,4.1029e-16
2.7504,-4.7104e-16
2.7516,2.6724e-16
2.7527,-7.0115e-16
2.7539,1.0348e-16
2.7551,4.7241e-16
2.7562,-4.0469e-16
2.7574,6.7568e-16
2.7586,-1.3892e-17
2.7597,-4.7717e-16
2.7609,6.8195e-17
2.7621,1.3032e-16
2.7633,3.1172e-16
2.7644,4.0913e-16
2.7656,4.1948e-16
2.7668,-3.1035e-16
2.7679,1.936e-16
2.7691,-1.7036e-16
2.7703,2.983e-16
2.7714,-5.581e-16
2.7726,6.4462e-16
2.7738,-6.4938e-16
2.7749,-2.8425e-16
2.7761,4.2064e-16
2.7773,5.2418e-16
2.7784,3.7516e-18
2.7796,3.9571e-16
2.7808,-4.534e-16
2.7819,-4.6259e-16
2.7831,2.9844e-17
2.7843,5.3616e-17
2.7854,3.6771e-16
2.7866,2.1009e-16
2.7878,2.5573e-16
2.7889,2.6608e-16
2.7901,-5.581e-16
2.7913,5.8863e-16
2.7924,-5.8303e-16
2.7936,-2.1791e-16
2.7948,-2.3086e-17
2.7959,-8.6491e-16
2.7971,3.5852e-16
2.7983,7.4087e-16
2.7994,-1.7459e-16
2.8006,1.4796e-16
2.8018,-5.6116e-16
2.8029,2.7453e-16
2.8041,-1.9836e-16
2.8053,-5.8187e-16
2.8064,-4.1695e-16
2.8076,-3.019e-16
2.8088,-4.6988e-16
2.8099,-1.692e-16
2.8111,-5.1083e-17
2.8123,-3.9011e-16
2.8134,-6.0564e-16
2.8146,-5.88e-16
2.8158,5.6792e-16
2.817,2.795e-16
2.8181,2.1737e-16
2.8193,6.7035e-17
2.8205,-6.9386e-16
2.8216,7.0062e-16
2.8228,-6.2867e-16
2.824,-1.5156e-16
2.8251,6.6839e-16
2.8263,3.1785e-16
2.8275,-3.1341e-16
2.8286,-5.4658e-16
2.8298,-1.692e-16
2.831,4.797e-16
2.8321,-4.4304e-16
2.8333,2.6724e-16
2.8345,-4.6375e-16
2.8356,1.7289e-16
2.8368,-4.8018e-17
2.838,4.3262e-17
2.8391,-5.0517e-16
2.8403,-1.5797e-17
2.8415,6.891e-16
2.8426,-5.5197e-16
2.8438,3.6158e-16
2.845,6.5688e-16
2.8461,4.889e-16
2.8473,4.2984e-16
2.8485,-4.4953e-17
2.8496,6.397e-17
2.8508,-3.5176e-16
2.852,4.9428e-16
2.8531,-3.8705e-16
2.8543,-6.2328e-16
2.8555,1.3148e-16
2.8566,1.2303e-16
2.8578,5.2112e-16
2.859,-6.3173e-16
2.8601,-5.88e-16
2.8613,2.2889e-16
2.8625,1.9973e-16
2.8636,4.6512e-16
2.8648,8.7743e-17
2.866,3.6771e-16
2.8671,6.9523e-16
2.8683,-6.6702e-16
2.8695,-5.7213e-17
2.8707,2.5619e-17
2.8718,6.3311e-16
2.873,3.1785e-16
2.8742,5.9782e-16
2.8753,2.4115e-16
2.8765,-3.1035e-16
2.8777,5.1499e-16
2.8788,-1.7765e-16
2.88,-2.6048e-16
2.8812,6.0905e-17
2.8823,-4.2846e-16
2.8835,-4.9059e-16
2.8847,-2.459e-16
2.8858,3.263e-16
2.887,-3.8705e-16
2.8882,7.8038e-16
2.8893,-5.9032e-16
2.8905,-3.5789e-16
2.8917,-4.6988e-16
2.8928,-3.5789e-16
2.894,-3.5789e-16
2.8952,5.7098e-16
2.8963,7.1594e-16
2.8975,6.0395e-16
2.8987,2.9714e-16
2.8998,1.2303e-16
2.901,-3.0375e-17
2.9022,3.6771e-16
2.9033,-4.4304e-16
2.9045,3.6158e-16
2.9057,5.4183e-16
2.9068,-8.024e-17
2.908,2.9101e-16
2.9092,4.0913e-16
2.9103,-6.8773e-16
2.9115,-2.1062e-16
2.9127,2.703e-16
2.9138,-5.1975e-16
2.915,4.3829e-16
2.9162,1.9973e-16
2.9173,4.0913e-16
2.9185,-4.9904e-16
2.9197,-3.5789e-16
2.9208,-3.019e-16
2.922,-5.4658e-16
2.9232,-3.6505e-17
2.9244,-6.3786e-16
2.9255,-3.2261e-16
2.9267,6.4769e-16
2.9279,-3.4563e-16
2.929,-1.4849e-16
2.9302,-7.1457e-16
2.9314,3.6158e-16
2.9325,8.7743e-17
2.9337,5.7711e-16
2.9349,-6.6702e-16
2.936,1.3148e-16
2.9372,-5.6116e-16
2.9384,1.7289e-16
2.9395,2.5573e-16
2.9407,3.8842e-16
2.9419,7.5123e-16
2.943,2.6186e-16
2.9442,-4.6375e-16
2.9454,-3.6505e-17
2.9465,-2.9577e-16
2.9477,4.03e-16
2.9489,-4.4953e-17
2.95,1.0232e-16
2.9512,3.1172e-16
2.9524,-3.3105e-16
2.9535,-7.1791e-17
2.9547,-8.2655e-16
2.9559,4.5287e-16
2.957,-4.9904e-16
2.9582,4.3829e-16
2.9594,-2.3364e-16
2.9605,7.2439e-16
2.9617,-4.5762e-16
2.9629,4.3829e-16
2.964,1.1041e-17
2.9652,-4.8446e-16
2.9664,5.5028e-16
2.9675,2.4115e-16
2.9687,-7.2914e-16
2.9699,-6.647e-16
2.971,6.0627e-16
2.9722,-2.4246e-17
2.9734,-1.8378e-16
2.9746,4.797e-16
2.9757,-4.2233e-16
2.9769,-1.5797e-17
2.9781,-5.6116e-16
2.9792,-5.88e-16
2.9804,-5.6729e-16
2.9816,7.5967e-16
2.9827,-3.2492e-16
2.9839,4.5899e-16
2.9851,-1.5694e-16
2.9862,4.9112e-18
2.9874,1.7902e-16
2.9886,-1.9836e-16
2.9897,-1.5797e-17
2.9909,-3.5176e-16
2.9921,4.9112e-18
2.9932,-7.4985e-16
2.9944,-5.88e-16
2.9956,-4.9059e-16
2.9967,-7.5598e-16
2.9979,-3.9931e-16
2.9991,1.936e-16
3.0002,6.7035e-17
3.0014,5.9782e-16
3.0026,-7.4372e-16
3.0037,3.9687e-16
3.0049,-4.9904e-16
3.0061,3.6158e-16
3.0072,3.5314e-16
3.0084,-5.9645e-16
3.0096,-4.3459e-16
3.0107,6.0905e-17
3.0119,-8.6369e-17
3.0131,-8.4726e-16
3.0142,5.4776e-17
3.0154,3.6771e-16
3.0166,3.5314e-16
3.0177,-1.7765e-16
3.0189,5.9169e-16
3.0201,-6.1103e-16
3.0212,7.5967e-16
3.0224,5.2725e-16
3.0236,-6.3173e-16
3.0247,-1.1321e-16
3.0259,3.6771e-16
3.0271,8.7743e-17
3.0283,-1.4236e-16
3.0294,-5.1083e-17
3.0306,2.5619e-17
3.0318,-8.6369e-17
3.0329,4.2371e-16
3.0341,-5.7574e-16
3.0353,-3.786e-16
3.0364,-3.3718e-16
3.0376,5.1499e-16
3.0388,1.8515e-16
3.0399,-9.1783e-16
3.0411,-7.414e-16
3.0423,7.3897e-16
3.0434,-6.1103e-16
3.0446,-3.5789e-16
3.0458,6.0905e-17
3.0469,2.9101e-16
3.0481,7.1594e-16
3.0493,-3.0422e-16
3.0504,2.1431e-16
3.0516,-7.6443e-16
3.0528,7.0368e-16
3.0539,7.3165e-17
3.0551,5.2112e-16
3.0563,-4.5762e-16
3.0574,-1.5797e-17
3.0586,2.5619e-17
3.0598,-1.2166e-16
3.0609,8.985e-16
3.0621,-5.6961e-16
3.0633,-3.2261e-16
3.0644,-8.1198e-16
3.0656,5.8556e-16
3.0668,-2.6893e-16
3.0679,-1.2779e-16
3.0691,4.03e-16
3.0703,1.4374e-16
3.0714,-3.5176e-16
3.0726,-1.2779e-16
3.0738,1.7902e-16
3.0749,-5.7574e-16
3.0761,-5.113e-16
3.0773,4.3829e-16
3.0784,-4.9904e-16
3.0796,-1.5797e-17
3.0808,2.1431e-16
3.082,-3.5176e-16
3.0831,-5.8187e-16
3.0843,1.7289e-16
3.0855,-1.2166e-16
3.0866,4.4442e-16
3.0878,1.0845e-16
3.089,-1.9836e-16
3.0901,4.03e-16
3.0913,-8.4113e-16
3.0925,2.0818e-16
3.0936,-7.2914e-16
3.0948,4.7357e-16
3.096,3.7384e-16
3.0971,5.2725e-16
3.0983,2.6186e-16
3.0995,2.5619e-17
3.1006,4.4442e-16
3.1018,1.0845e-16
3.103,-1.9836e-16
3.1041,-5.0517e-16
3.1053,-1.692e-16
3.1065,-1.2779e-16
3.1076,-1.5797e-17
3.1088,2.9101e-16
3.11,1.0845e-16
3.1111,-4.6375e-16
3.1123,2.496e-16
3.1135,4.4442e-16
3.1146,-8.4113e-16
3.1158,3.2017e-16
3.117,7.5123e-16
3.1181,4.1526e-16
3.1193,-5.7574e-16
3.1205,-7.414e-16
3.1216,-1.0068e-15
3.1228,4.3216e-16
3.124,-9.5312e-16
3.1251,-4.3459e-16
3.1263,1.3761e-16
3.1275,-4.4953e-17
3.1286,-1.9836e-16
3.1298,4.03e-16
3.131,-5.3432e-16
3.1322,-5.7213e-17
3.1333,-5.0517e-16
3.1345,-8.1198e-16
3.1357,-4.7601e-16
3.1368,6.2698e-16
3.138,-2.6893e-16
3.1392,5.1499e-16
3.1403,-1.9836e-16
3.1415,5.5641e-16
3.1427,-5.3432e-16
3.1438,2.496e-16
3.145,-1.9836e-16
3.1462,-2.3977e-16
3.1473,1.3761e-16
3.1485,-8.8255e-16
3.1497,-4.7601e-16
3.1508,9.6192e-17
3.152,-4.2233e-16
3.1532,5.1499e-16
3.1543,5.2725e-16
3.1555,2.6186e-16
3.1567,-8.4113e-16
3.1578,4.3216e-16
3.159,-4.6375e-16
3.1602,-5.88e-16
3.1613,-1.5797e-17
3.1625,-5.0517e-16
3.1637,-5.4658e-16
3.1648,-1.0068e-15
3.166,4.3216e-16
3.1672,-5.3432e-16
3.1683,-4.3459e-16
3.1695,-4.3459e-16
3.1707,-6.5857e-16
3.1718,5.8556e-16
3.173,2.6186e-16
3.1742,-3.5176e-16
3.1753,6.2698e-16
3.1765,-2.6893e-16
3.1777,9.6192e-17
3.1788,-3.5176e-16
3.18,4.03e-16
3.1812,-2.6893e-16
3.1823,-6.1716e-16
3.1835,-1.5797e-17
3.1847,5.5641e-16
3.1859,5.2725e-16
3.187,-2.6893e-16
3.1882,-3.5176e-16
3.1894,4.4442e-16
3.1905,2.6186e-16
3.1917,4.8583e-16
3.1929,-4.2233e-16
3.194,-2.3977e-16
3.1952,2.9101e-16
3.1964,-7.2914e-16
3.1975,-4.3459e-16
3.1987,-4.3459e-16
3.1999,4.03e-16
3.201,2.6186e-16
3.2022,7.5123e-16
3.2034,2.6186e-16
3.2045,-3.5376e-18
3.2057,-6.1716e-16
3.2069,-6.9999e-16
3.208,3.6158e-16
3.2092,2.2044e-16
3.2104,-3.1035e-16
3.2115,-1.2779e-16
3.2127,-6.1716e-16
3.2139,-1.692e-16
3.215,5.5641e-16
3.2162,-9.5312e-16
3.2174,-2.1062e-16
3.2185,-6.5857e-16
3.2197,6.2698e-16
3.2209,-7.583e-16
3.222,2.496e-16
3.2232,6.7035e-17
3.2244,-1.9836e-16
3.2255,-6.5857e-16
3.2267,2.496e-16
3.2279,-8.4113e-16
3.229,-2.1062e-16
3.2302,4.4442e-16
3.2314,2.6186e-16
3.2325,-5.3432e-16
3.2337,-6.9999e-16
3.2349,-8.5339e-16
3.236,-6.2941e-16
3.2372,2.496e-16
3.2384,1.0845e-16
3.2396,-2.3977e-16
3.2407,3.6158e-16
3.2419,2.2044e-16
3.2431,-3.5176e-16
3.2442,-6.9999e-16
3.2454,-6.9999e-16
3.2466,-1.5797e-17
3.2477,6.7035e-17
3.2489,-5.7574e-16
3.2501,-1.5797e-17
3.2512,-4.4953e-17
3.2524,-6.1716e-16
3.2536,-5.7213e-17
3.2547,5.5641e-16
3.2559,3.0327e-16
3.2571,-6.1716e-16
3.2582,2.496e-16
3.2594,9.0463e-16
3.2606,-4.5149e-16
3.2617,-6.5857e-16
3.2629,3.6158e-16
3.2641,-2.6893e-16
3.2652,4.03e-16
3.2664,-1.9836e-16
3.2676,5.5641e-16
3.2687,-1.1553e-16
3.2699,-5.0517e-16
3.2711,-7.7056e-16
3.2722,-4.3459e-16
3.2734,6.2698e-16
3.2746,-1.5694e-16
3.2757,-2.3977e-16
3.2769,2.496e-16
3.2781,6.7035e-17
3.2792,4.4442e-16
3.2804,6.3924e-16
3.2816,-1.1553e-16
3.2827,2.5619e-17
3.2839,-7.2914e-16
3.2851,-2.1062e-16
3.2862,-1.2779e-16
3.2874,4.8583e-16
3.2886,-4.9291e-16
3.2898,2.496e-16
3.2909,4.8583e-16
3.2921,2.6186e-16
3.2933,-1.2779e-16
3.2944,-7.9972e-16
3.2956,6.2698e-16
3.2968,2.6186e-16
3.2979,2.5619e-17
3.2991,1.7902e-16
3.3003,7.0981e-16
3.3014,-7.9972e-16
3.3026,-4.3459e-16
3.3038,-4.4953e-17
3.3049,-5.0517e-16
3.3061,4.8583e-16
3.3073,-1.1065e-15
3.3084,1.6676e-16
3.3096,1.0845e-16
3.3108,3.3243e-16
3.3119,-2.6893e-16
3.3131,-2.8119e-16
3.3143,5.5641e-16
3.3154,-6.4631e-16
3.3166,-5.88e-16
3.3178,2.496e-16
3.3189,-7.2914e-16
3.3201,-5.7213e-17
3.3213,-2.8119e-16
3.3224,2.496e-16
3.3236,5.6866e-16
3.3248,-1.9836e-16
3.3259,-4.4953e-17
3.3271,4.03e-16
3.3283,-4.2233e-16
3.3294,5.5641e-16
3.3306,1.9128e-16
3.3318,-9.5312e-16
3.3329,3.2017e-16
3.3341,-4.4953e-17
3.3353,-4.4953e-17
3.3364,9.6192e-17
3.3376,1.7902e-16
3.3388,-1.2779e-16
3.3399,-4.4953e-17
3.3411,1.7902e-16
3.3423,-3.5176e-16
3.3435,6.2698e-16
3.3446,1.7902e-16
3.3458,7.0981e-16
3.347,2.6186e-16
3.3481,1.7902e-16
3.3493,1.7902e-16
3.3505,-7.9972e-16
3.3516,-1.0482e-15
3.3528,-7.414e-16
3.354,-6.5857e-16
3.3551,-7.414e-16
3.3563,-4.3459e-16
3.3575,6.2698e-16
3.3586,4.8583e-16
3.3598,5.6866e-16
3.361,3.7878e-17
3.3621,1.7902e-16
3.3633,-8.8255e-16
3.3645,-2.1062e-16
3.3656,-5.7574e-16
3.3668,-2.1062e-16
3.368,1.7902e-16
3.3691,-4.4953e-17
3.3703,-1.2779e-16
3.3715,-3.5176e-16
3.3726,1.7902e-16
3.3738,-8.8255e-16
3.375,-1.2779e-16
3.3761,1.7902e-16
3.3773,-4.4953e-17
3.3785,1.7902e-16
3.3796,2.6186e-16
3.3808,-7.9972e-16
3.382,-1.2779e-16
3.3831,-1.2779e-16
3.3843,4.8583e-16
3.3855,-4.9291e-16
3.3866,-1.2779e-16
3.3878,-2.6893e-16
3.389,-5.7574e-16
3.3901,-1.2779e-16
3.3913,4.03e-16
3.3925,-4.4953e-17
3.3936,-1.1894e-15
3.3948,-2.9345e-16
3.396,-5.7574e-16
3.3972,-9.6538e-16
3.3983,-4.3459e-16
3.3995,-1.1894e-15
3.4007,9.6192e-17
3.4018,-5.7574e-16
3.403,1.7902e-16
3.4042,-4.4953e-17
3.4053,1.7902e-16
3.4065,-3.5176e-16
3.4077,-3.5176e-16
3.4088,1.2406e-15
3.41,-7.1688e-16
3.4112,4.03e-16
3.4123,-2.6893e-16
3.4135,-8.8255e-16
3.4147,-4.3459e-16
3.4158,-3.5176e-16
3.417,-1.2779e-16
3.4182,-2.6893e-16
3.4193,-4.4953e-17
3.4205,-4.4953e-17
3.4217,-3.5176e-16
3.4228,1.7902e-16
3.424,-8.8255e-16
3.4252,-4.3459e-16
3.4263,-8.8255e-16
3.4275,9.6192e-17
3.4287,1.7902e-16
3.4298,1.0995e-15
3.431,-1.861e-16
3.4322,1.7902e-16
3.4333,-2.6893e-16
3.4345,1.7902e-16
3.4357,-4.4953e-17
3.4368,-3.5176e-16
3.438,4.8583e-16
3.4392,-4.9291e-16
3.4403,3.2017e-16
3.4415,-2.6893e-16
3.4427,-4.4953e-17
3.4438,1.0166e-15
3.445,-9.4086e-16
3.4462,-2.1062e-16
3.4473,4.8583e-16
3.4485,3.7878e-17
3.4497,4.8583e-16
3.4509,-7.1688e-16
3.452,-6.5857e-16
3.4532,4.03e-16
3.4544,5.6866e-16
3.4555,-4.4953e-17
3.4567,-7.9972e-16
3.4579,1.1578e-15
3.459,3.7878e-17
3.4602,7.0981e-16
3.4614,3.7878e-17
3.4625,4.03e-16
3.4637,-2.6893e-16
3.4649,9.6192e-17
3.466,4.8583e-16
3.4672,-2.6893e-16
3.4684,-2.6893e-16
3.4695,1.7902e-16
3.4707,-4.9291e-16
3.4719,1.7902e-16
3.473,4.8583e-16
3.4742,-7.1688e-16
3.4754,-3.5176e-16
3.4765,-3.5176e-16
3.4777,1.7902e-16
3.4789,-7.9972e-16
3.48,6.2698e-16
3.4812,-4.1008e-16
3.4824,-8.8255e-16
3.4835,-3.5176e-16
3.4847,-6.5857e-16
3.4859,-1.2779e-16
3.487,1.7902e-16
3.4882,2.6186e-16
3.4894,-5.7574e-16
3.4905,4.03e-16
3.4917,-1.0237e-15
3.4929,-1.2779e-16
3.494,1.7902e-16
3.4952,4.8583e-16
3.4964,3.7878e-17
3.4975,2.6186e-16
3.4987,7.0981e-16
3.4999,3.4469e-16
3.5011,-5.7574e-16
3.5022,-1.1065e-15
3.5034,-6.5857e-16
3.5046,-1.2779e-16
3.5057,-4.4953e-17
3.5069,4.8583e-16
3.5081,3.7878e-17
3.5092,-4.4953e-17
3.5104,4.8583e-16
3.5116,3.7878e-17
3.5127,-5.7574e-16
3.5139,-6.5857e-16
3.5151,3.2017e-16
3.5162,3.7878e-17
3.5174,-5.7574e-16
3.5186,-1.2779e-16
3.5197,1.7902e-16
3.5209,-3.5176e-16
3.5221,4.03e-16
3.5232,-1.1065e-15
3.5244,-1.2779e-16
3.5256,6.2698e-16
3.5267,-1.861e-16
3.5279,6.2698e-16
3.5291,7.9264e-16
3.5302,5.6866e-16
3.5314,-4.4953e-17
3.5326,-1.2779e-16
3.5337,-4.4953e-17
3.5349,9.3379e-16
3.5361,1.0995e-15
3.5372,-7.1688e-16
3.5384,-2.8119e-16
3.5396,-3.5176e-16
3.5407,2.5619e-17
3.5419,3.3243e-16
3.5431,1.0845e-16
3.5442,1.7902e-16
3.5454,-4.4953e-17
3.5466,-7.2914e-16
3.5477,4.7357e-16
3.5489,-7.9972e-16
3.5501,4.7357e-16
3.5512,-4.2233e-16
3.5524,5.5641e-16
3.5536,7.9264e-16
3.5548,5.6866e-16
3.5559,7.9264e-16
3.5571,1.9128e-16
3.5583,-6.4631e-16
3.5594,-4.3459e-16
3.5606,1.7902e-16
3.5618,-7.9972e-16
3.5629,-1.2779e-16
3.5641,-1.9836e-16
3.5653,-3.5176e-16
3.5664,-3.5176e-16
3.5676,-1.2779e-16
3.5688,-1.2779e-16
3.5699,3.3243e-16
3.5711,-5.7574e-16
3.5723,5.5641e-16
3.5734,6.3924e-16
3.5746,-6.4631e-16
3.5758,4.7357e-16
3.5769,9.0463e-16
3.5781,-7.411e-17
3.5793,2.2044e-16
3.5804,-9.9454e-16
3.5816,2.0818e-16
3.5828,-1.9836e-16
3.5839,2.5619e-17
3.5851,-9.9454e-16
3.5863,-1.1188e-15
3.5874,3.2017e-16
3.5886,-3.5376e-18
3.5898,-5.0517e-16
3.5909,-6.9999e-16
3.5921,-9.6538e-16
3.5933,-1.1188e-15
3.5944,5.8556e-16
3.5956,-3.5376e-18
3.5968,5.9782e-16
3.5979,4.1526e-16
3.5991,1.17e-15
3.6003,-8.2887e-16
3.6014,-2.1062e-16
3.6026,4.4442e-16
3.6038,-7.9972e-16
3.6049,3.2017e-16
3.6061,6.7035e-17
3.6073,-7.2914e-16
3.6085,6.2698e-16
3.6096,-5.3432e-16
3.6108,-4.3459e-16
3.612,1.3761e-16
3.6131,-4.4953e-17
3.6143,4.03e-16
3.6155,7.5123e-16
3.6166,-7.583e-16
3.6178,-4.3459e-16
3.619,-6.5857e-16
3.6201,-4.7601e-16
3.6213,2.5619e-17
3.6225,5.9782e-16
3.6236,-8.4113e-16
3.6248,3.6158e-16
3.626,1.0845e-16
3.6271,-5.7574e-16
3.6283,-6.9999e-16
3.6295,5.8556e-16
3.6306,-6.4631e-16
3.6318,-4.7601e-16
3.633,5.1499e-16
3.6341,-2.6893e-16
3.6353,-5.4658e-16
3.6365,-1.5797e-17
3.6376,-8.6369e-17
3.6388,-3.5176e-16
3.64,2.9101e-16
3.6411,-7.9972e-16
3.6423,6.2698e-16
3.6435,1.4987e-16
3.6446,6.7035e-17
3.6458,3.3243e-16
3.647,6.3924e-16
3.6481,-4.2233e-16
3.6493,2.5619e-17
3.6505,8.6321e-16
3.6516,6.8065e-16
3.6528,-4.9291e-16
3.654,-1.692e-16
3.6551,2.496e-16
3.6563,-1.9836e-16
3.6575,5.1499e-16
3.6587,-3.8092e-16
3.6598,7.3897e-16
3.661,-4.4953e-17
3.6622,2.5619e-17
3.6633,-2.3977e-16
3.6645,-7.7056e-16
3.6657,-1.692e-16
3.6668,-8.6369e-17
3.668,4.4442e-16
3.6692,-5.3432e-16
3.6703,3.6158e-16
3.6715,-7.9972e-16
3.6727,5.4776e-17
3.6738,-1.2779e-16
3.675,1.7902e-16
3.6762,-3.5176e-16
3.6773,3.6158e-16
3.6785,4.8583e-16
3.6797,1.0845e-16
3.6808,3.3243e-16
3.682,-8.4113e-16
3.6832,2.7875e-16
3.6843,8.6321e-16
3.6855,4.1526e-16
3.6867,-9.5312e-16
3.6878,-7.414e-16
3.689,-7.414e-16
3.6902,5.4776e-17
3.6913,-6.1716e-16
3.6925,4.7357e-16
3.6937,3.7384e-16
3.6948,-1.5694e-16
3.696,5.5641e-16
3.6972,1.0845e-16
3.6983,-7.2914e-16
3.6995,3.6158e-16
3.7007,-5.3432e-16
3.7018,3.6158e-16
3.703,-3.1035e-16
3.7042,-2.8119e-16
3.7053,-7.7056e-16
3.7065,-1.692e-16
3.7077,4.03e-16
3.7088,-3.5376e-18
3.71,-1.9836e-16
3.7112,-3.9318e-16
3.7124,-3.5789e-16
3.7135,4.3829e-16
3.7147,5.2725e-16
3.7159,1.4374e-16
3.717,4.8583e-16
3.7182,2.6186e-16
3.7194,-1.9836e-16
3.7205,6.0905e-17
3.7217,-4.2846e-16
3.7229,-6.9999e-16
3.724,-6.647e-16
3.7252,-5.113e-16
3.7264,2.8488e-16
3.7275,6.7452e-16
3.7287,1.8515e-16
3.7299,5.2112e-16
3.731,4.5055e-16
3.7322,3.7384e-16
3.7334,2.9714e-16
3.7345,2.9714e-16
3.7357,-5.7574e-16
3.7369,-5.88e-16
3.738,-3.5789e-16
3.7392,7.0368e-16
3.7404,-6.1103e-16
3.7415,-1.0421e-15
3.7427,-2.1926e-17
3.7439,1.7902e-16
3.745,5.5641e-16
3.7462,6.0395e-16
3.7474,-5.7574e-16
3.7485,-5.7213e-17
3.7497,-5.8187e-16
3.7509,-1.692e-16
3.752,2.1431e-16
3.7532,-5.4045e-16
3.7544,-5.113e-16
3.7555,-8.1198e-16
3.7567,1.8747e-16
3.7579,-7.8514e-16
3.759,-2.8732e-16
3.7602,-6.5857e-16
3.7614,-7.7669e-16
3.7625,-1.2184e-18
3.7637,5.0041e-16
3.7649,-2.8964e-16
3.7661,-1.4849e-16
3.7672,-5.0517e-16
3.7684,-6.9999e-16
3.7696,-7.207e-16
3.7707,-1.3391e-16
3.7719,3.263e-16
3.7731,-4.4953e-17
3.7742,5.7711e-16
3.7754,3.7384e-16
3.7766,-1.7765e-16
3.7777,1.3761e-16
3.7789,-6.5661e-17
3.7801,8.218e-16
3.7812,1.4987e-16
3.7824,-3.8705e-16
3.7836,-4.9059e-16
3.7847,5.9169e-16
3.7859,-2.1294e-16
3.7871,-8.4726e-16
3.7882,-4.7601e-16
3.7894,-1.5797e-17
3.7906,-3.7247e-16
3.7917,-3.3718e-16
3.7929,5.357e-16
3.7941,-2.4246e-17
3.7952,-1.0708e-16
3.7964,-3.7247e-16
3.7976,-1.2779e-16
3.7987,2.5619e-17
3.7999,-3.5176e-16
3.8011,5.1499e-16
3.8022,-2.4246e-17
3.8034,6.5382e-16
3.8046,-8.5571e-16
3.8057,7.7425e-16
3.8069,2.8256e-16
3.8081,2.2044e-16
3.8092,-4.0776e-16
3.8104,-6.2328e-16
3.8116,3.6158e-16
3.8127,-1.5694e-16
3.8139,-3.1648e-16
3.8151,7.2439e-16
3.8163,3.1785e-16
3.8174,-7.8514e-16
3.8186,-4.553e-16
3.8198,1.936e-16
3.8209,5.9782e-16
3.8221,-4.2233e-16
3.8233,5.7098e-16
3.8244,-4.2233e-16
3.8256,-9.2499e-17
3.8268,-6.3786e-16
3.8279,-3.019e-16
3.8291,4.9112e-18
3.8303,-2.1907e-16
3.8314,-6.3786e-16
3.8326,-1.8991e-16
3.8338,-5.1083e-17
3.8349,-4.4917e-16
3.8361,-2.252e-16
3.8373,2.1431e-16
3.8384,-7.0844e-16
3.8396,3.4088e-16
3.8408,-3.3105e-16
3.8419,6.6839e-16
3.8431,-6.6702e-16
3.8443,4.1758e-16
3.8454,2.4115e-16
3.8466,4.0913e-16
3.8478,6.3924e-16
3.8489,-4.7833e-16
3.8501,1.7289e-16
3.8513,-9.6672e-18
3.8524,2.1431e-16
3.8536,3.3243e-16
3.8548,7.5123e-16
3.8559,-7.2301e-16
3.8571,-1.2184e-18
3.8583,-3.0375e-17
3.8594,-3.0375e-17
3.8606,4.4442e-16
3.8618,6.3924e-16
3.8629,-7.4372e-16
3.8641,1.949e-17
3.8653,-8.4726e-16
3.8664,2.8488e-16
3.8676,-4.9904e-16
3.8688,-2.0449e-16
3.87,-4.6988e-16
3.8711,-2.0449e-16
3.8723,1.0232e-16
3.8735,-1.6307e-16
3.8746,-2.0449e-16
3.8758,3.263e-16
3.877,-8.024e-17
3.8781,-1.6307e-16
3.8793,-5.0517e-16
3.8805,9.6192e-17
3.8816,1.0232e-16
3.8828,4.0913e-16
3.884,1.4374e-16
3.8851,1.4374e-16
3.8863,1.0232e-16
3.8875,-1.2166e-16
3.8886,-9.6672e-18
3.8898,-8.0585e-16
3.891,-2.459e-16
3.8921,-1.0007e-15
3.8933,2.0205e-16
3.8945,-2.7506e-16
3.8956,-5.8187e-16
3.8968,5.9169e-16
3.898,3.1749e-17
3.8991,6.3311e-16
3.9003,8.6934e-16
3.9015,-1.2538e-15
3.9026,0.85593
3.9038,1.4242
3.905,0.88955
3.9061,0.74086
3.9073,1.3623
3.9085,1.9587
3.9096,2.3674
3.9108,2.8185
3.912,3.0253
3.9131,2.9506
3.9143,3.0449
3.9155,3.3298
3.9166,3.5187
3.9178,3.6876
3.919,4.0075
3.9201,4.2385
3.9213,4.2001
3.9225,4.1076
3.9237,4.1385
3.9248,4.2615
3.926,4.4904
3.9272,4.836
3.9283,5.1545
3.9295,5.3145
3.9307,5.3048
3.9318,5.1825
3.933,5.0661
3.9342,5.0993
3.9353,5.3008
3.9365,5.5389
3.9377,5.6971
3.9388,5.7655
3.94,5.7867
3.9412,5.81
3.9423,5.8817
3.9435,5.9987
3.9447,6.1147
3.9458,6.2062
3.947,6.2873
3.9482,6.3723
3.9493,6.4631
3.9505,6.5432
3.9517,6.5813
3.9528,6.5724
3.954,6.569
3.9552,6.6405
3.9563,6.7963
3.9575,6.9659
3.9587,7.068
3.9598,7.0843
3.961,7.0564
3.9622,7.0361
3.9633,7.059
3.9645,7.1415
3.9657,7.2649
3.9668,7.3709
3.968,7.4072
3.9692,7.3872
3.9703,7.3814
3.9715,7.4427
3.9727,7.5558
3.9739,7.6645
3.975,7.7304
3.9762,7.7558
3.9774,7.763
3.9785,7.7698
3.9797,7.7857
3.9809,7.8177
3.982,7.868
3.9832,7.9286
3.9844,7.9836
3.9855,8.0265
3.9867,8.0681
3.9879,8.1202
3.989,8.1766
3.9902,8.2215
3.9914,8.2486
3.9925,8.2639
3.9937,8.2736
3.9949,8.2824
3.996,8.2988
3.9972,8.3315
3.9984,8.3797
3.9995,8.4338
4.0007,8.4835
4.0019,8.5245
4.003,8.5577
4.0042,8.5844
4.0054,8.6033
4.0065,8.6138
4.0077,8.6221
4.0089,8.6378
4.01,8.6614
4.0112,8.6831
4.0124,8.696
4.0135,8.7056
4.0147,8.7244
4.0159,8.7602
4.017,8.8106
4.0182,8.8638
4.0194,8.9031
4.0205,8.9153
4.0217,8.9021
4.0229,8.8837
4.024,8.8875
4.0252,8.9252
4.0264,8.9814
4.0276,9.027
4.0287,9.0444
4.0299,9.0369
4.0311,9.0214
4.0322,9.0155
4.0334,9.0276
4.0346,9.0524
4.0357,9.0741
4.0369,9.0788
4.0381,9.0659
4.0392,9.0496
4.0404,9.0471
4.0416,9.065
4.0427,9.0962
4.0439,9.1287
4.0451,9.1564
4.0462,9.1795
4.0474,9.1971
4.0486,9.2057
4.0497,9.203
4.0509,9.1917
4.0521,9.1773
4.0532,9.1662
4.0544,9.1632
4.0556,9.1694
4.0567,9.1802
4.0579,9.1876
4.0591,9.1863
4.0602,9.178
4.0614,9.1705
4.0626,9.1698
4.0637,9.1755
4.0649,9.1808
4.0661,9.1785
4.0672,9.1665
4.0684,9.1484
4.0696,9.1319
4.0707,9.1242
4.0719,9.1276
4.0731,9.1373
4.0742,9.1435
4.0754,9.1385
4.0766,9.1227
4.0777,9.1036
4.0789,9.089
4.0801,9.0814
4.0813,9.078
4.0824,9.073
4.0836,9.0615
4.0848,9.0416
4.0859,9.0151
4.0871,8.9881
4.0883,8.9668
4.0894,8.9535
4.0906,8.9454
4.0918,8.9378
4.0929,8.9263
4.0941,8.9086
4.0953,8.8837
4.0964,8.8514
4.0976,8.8136
4.0988,8.7753
4.0999,8.7429
4.1011,8.7197
4.1023,8.7035
4.1034,8.6876
4.1046,8.6662
4.1058,8.6359
4.1069,8.5977
4.1081,8.5577
4.1093,8.5218
4.1104,8.4894
4.1116,8.4534
4.1128,8.4067
4.1139,8.3502
4.1151,8.2929
4.1163,8.2407
4.1174,8.199
4.1186,8.1695
4.1198,8.1412
4.1209,8.0966
4.1221,8.027
4.1233,7.92
4.1244,7.794
4.1256,7.6964
4.1268,7.6033
4.1279,7.5523
4.1291,7.5115
4.1303,7.4379
4.1314,7.3447
4.1326,7.2458
4.1338,7.1629
4.135,7.1151
4.1361,7.0927
4.1373,7.0705
4.1385,7.0359
4.1396,6.9879
4.1408,6.9305
4.142,6.8712
4.1431,6.8185
4.1443,6.7796
4.1455,6.7565
4.1466,6.743
4.1478,6.7272
4.149,6.6978
4.1501,6.6517
4.1513,6.596
4.1525,6.5439
4.1536,6.5063
4.1548,6.4859
4.156,6.4737
4.1571,6.4561
4.1583,6.425
4.1595,6.3829
4.1606,6.339
4.1618,6.3026
4.163,6.2766
4.1641,6.2564
4.1653,6.2352
4.1665,6.209
4.1676,6.1784
4.1688,6.1468
4.17,6.1173
4.1711,6.0919
4.1723,6.0711
4.1735,6.055
4.1746,6.0431
4.1758,6.0332
4.177,6.0207
4.1781,6.001
4.1793,5.9731
4.1805,5.9409
4.1816,5.9105
4.1828,5.8863
4.184,5.8679
4.1852,5.8511
4.1863,5.8307
4.1875,5.8049
4.1887,5.7759
4.1898,5.7493
4.191,5.7307
4.1922,5.7211
4.1933,5.7165
4.1945,5.7098
4.1957,5.6958
4.1968,5.6741
4.198,5.6479
4.1992,5.6213
4.2003,5.5969
4.2015,5.5751
4.2027,5.5553
4.2038,5.5368
4.205,5.5196
4.2062,5.5041
4.2073,5.4907
4.2085,5.4797
4.2097,5.4706
4.2108,5.462
4.212,5.4519
4.2132,5.4386
4.2143,5.422
4.2155,5.4037
4.2167,5.3858
4.2178,5.3695
4.219,5.3548
4.2202,5.341
4.2213,5.3269
4.2225,5.312
4.2237,5.2964
4.2248,5.2806
4.226,5.265
4.2272,5.2498
4.2283,5.2347
4.2295,5.22
4.2307,5.2059
4.2318,5.1923
4.233,5.1792
4.2342,5.1667
4.2353,5.1551
4.2365,5.145
4.2377,5.1362
4.2389,5.1277
4.24,5.1179
4.2412,5.1057
4.2424,5.0914
4.2435,5.0763
4.2447,5.0627
4.2459,5.0517
4.247,5.0433
4.2482,5.036
4.2494,5.0282
4.2505,5.019
4.2517,5.0084
4.2529,4.9969
4.254,4.9845
4.2552,4.9708
4.2564,4.9552
4.2575,4.9376
4.2587,4.9191
4.2599,4.9017
4.261,4.8875
4.2622,4.8771
4.2634,4.8702
4.2645,4.865
4.2657,4.8602
4.2669,4.8548
4.268,4.8484
4.2692,4.8413
4.2704,4.8332
4.2715,4.8242
4.2727,4.8142
4.2739,4.8036
4.275,4.7928
4.2762,4.782
4.2774,4.7711
4.2785,4.76
4.2797,4.7489
4.2809,4.7384
4.282,4.729
4.2832,4.7209
4.2844,4.7137
4.2855,4.7064
4.2867,4.6982
4.2879,4.6883
4.289,4.677
4.2902,4.6651
4.2914,4.6538
4.2926,4.6434
4.2937,4.6342
4.2949,4.6257
4.2961,4.6175
4.2972,4.6096
4.2984,4.6019
4.2996,4.5948
4.3007,4.5882
4.3019,4.5815
4.3031,4.5742
4.3042,4.5659
4.3054,4.5568
4.3066,4.5479
4.3077,4.5399
4.3089,4.5335
4.3101,4.5283
4.3112,4.5237
4.3124,4.5185
4.3136,4.5121
4.3147,4.5038
4.3159,4.4941
4.3171,4.4833
4.3182,4.4723
4.3194,4.4619
4.3206,4.4526
4.3217,4.4446
4.3229,4.4379
4.3241,4.4319
4.3252,4.4261
4.3264,4.4199
4.3276,4.4131
4.3287,4.4055
4.3299,4.3972
4.3311,4.3882
4.3322,4.3789
4.3334,4.3699
4.3346,4.3616
4.3357,4.355
4.3369,4.3504
4.3381,4.3477
4.3392,4.3464
4.3404,4.3451
4.3416,4.3427
4.3428,4.3384
4.3439,4.3322
4.3451,4.3243
4.3463,4.3154
4.3474,4.3057
4.3486,4.2957
4.3498,4.2855
4.3509,4.2755
4.3521,4.266
4.3533,4.2575
4.3544,4.2501
4.3556,4.2435
4.3568,4.2376
4.3579,4.2318
4.3591,4.226
4.3603,4.2202
4.3614,4.2147
4.3626,4.2097
4.3638,4.2053
4.3649,4.2013
4.3661,4.1976
4.3673,4.1938
4.3684,4.1897
4.3696,4.185
4.3708,4.1798
4.3719,4.174
4.3731,4.1679
4.3743,4.1616
4.3754,4.1555
4.3766,4.1496
4.3778,4.1438
4.3789,4.138
4.3801,4.132
4.3813,4.1256
4.3824,4.1191
4.3836,4.1125
4.3848,4.1059
4.3859,4.0993
4.3871,4.0928
4.3883,4.0862
4.3894,4.0796
4.3906,4.0731
4.3918,4.0669
4.3929,4.0612
4.3941,4.0561
4.3953,4.0515
4.3965,4.0474
4.3976,4.0437
4.3988,4.0405
4.4,4.0377
4.4011,4.0351
4.4023,4.0321
4.4035,4.0285
4.4046,4.0237
4.4058,4.0177
4.407,4.0106
4.4081,4.003
4.4093,3.9954
4.4105,3.9884
4.4116,3.9826
4.4128,3.978
4.414,3.9746
4.4151,3.972
4.4163,3.9695
4.4175,3.9665
4.4186,3.9623
4.4198,3.9566
4.421,3.9495
4.4221,3.9415
4.4233,3.9331
4.4245,3.9252
4.4256,3.9183
4.4268,3.913
4.428,3.9092
4.4291,3.9067
4.4303,3.9051
4.4315,3.9038
4.4326,3.902
4.4338,3.8995
4.435,3.8962
4.4361,3.8921
4.4373,3.8879
4.4385,3.8837
4.4396,3.8798
4.4408,3.8761
4.442,3.8722
4.4431,3.8679
4.4443,3.8629
4.4455,3.8571
4.4466,3.8506
4.4478,3.8437
4.449,3.8368
4.4502,3.8302
4.4513,3.8243
4.4525,3.8191
4.4537,3.8149
4.4548,3.8114
4.456,3.8085
4.4572,3.8058
4.4583,3.803
4.4595,3.7998
4.4607,3.7964
4.4618,3.7927
4.463,3.7888
4.4642,3.7851
4.4653,3.7816
4.4665,3.7784
4.4677,3.7756
4.4688,3.773
4.47,3.7705
4.4712,3.7678
4.4723,3.7648
4.4735,3.7613
4.4747,3.757
4.4758,3.7521
4.477,3.7465
4.4782,3.7405
4.4793,3.7342
4.4805,3.728
4.4817,3.722
4.4828,3.7166
4.484,3.7118
4.4852,3.7077
4.4863,3.7042
4.4875,3.7013
4.4887,3.6987
4.4898,3.6963
4.491,3.6939
4.4922,3.6915
4.4933,3.689
4.4945,3.6862
4.4957,3.683
4.4968,3.6793
4.498,3.6751
4.4992,3.6707
4.5004,3.6663
4.5015,3.6621
4.5027,3.6585
4.5039,3.6555
4.505,3.653
4.5062,3.6508
4.5074,3.6486
4.5085,3.646
4.5097,3.6426
4.5109,3.6383
4.512,3.6332
4.5132,3.6276
4.5144,3.6219
4.5155,3.6165
4.5167,3.6119
4.5179,3.6082
4.519,3.6052
4.5202,3.6027
4.5214,3.6003
4.5225,3.5977
4.5237,3.5948
4.5249,3.5916
4.526,3.5883
4.5272,3.5852
4.5284,3.5826
4.5295,3.5807
4.5307,3.5794
4.5319,3.5784
4.533,3.5773
4.5342,3.5756
4.5354,3.573
4.5365,3.5692
4.5377,3.5646
4.5389,3.5593
4.54,3.554
4.5412,3.5491
4.5424,3.5448
4.5435,3.5413
4.5447,3.5383
4.5459,3.5357
4.547,3.5329
4.5482,3.5297
4.5494,3.526
4.5505,3.5217
4.5517,3.5171
4.5529,3.5125
4.5541,3.5082
4.5552,3.5046
4.5564,3.5018
4.5576,3.4999
4.5587,3.4987
4.5599,3.498
4.5611,3.4975
4.5622,3.497
4.5634,3.4961
4.5646,3.4948
4.5657,3.4927
4.5669,3.49
4.5681,3.4866
4.5692,3.4827
4.5704,3.4783
4.5716,3.4737
4.5727,3.469
4.5739,3.4644
4.5751,3.4599
4.5762,3.4557
4.5774,3.4518
4.5786,3.4482
4.5797,3.4449
4.5809,3.4418
4.5821,3.439
4.5832,3.4364
4.5844,3.4339
4.5856,3.4317
4.5867,3.4296
4.5879,3.4275
4.5891,3.4254
4.5902,3.4233
4.5914,3.4212
4.5926,3.419
4.5937,3.4169
4.5949,3.4148
4.5961,3.4128
4.5972,3.4107
4.5984,3.4086
4.5996,3.4063
4.6007,3.4038
4.6019,3.401
4.6031,3.3979
4.6042,3.3946
4.6054,3.3912
4.6066,3.3878
4.6078,3.3844
4.6089,3.3811
4.6101,3.3779
4.6113,3.3746
4.6124,3.3713
4.6136,3.3679
4.6148,3.3645
4.6159,3.3614
4.6171,3.3586
4.6183,3.3563
4.6194,3.3546
4.6206,3.3534
4.6218,3.3527
4.6229,3.352
4.6241,3.3511
4.6253,3.3497
4.6264,3.3478
4.6276,3.3452
4.6288,3.3423
4.6299,3.3391
4.6311,3.3361
4.6323,3.3334
4.6334,3.3312
4.6346,3.3293
4.6358,3.3275
4.6369,3.3255
4.6381,3.323
4.6393,3.32
4.6404,3.3163
4.6416,3.3121
4.6428,3.3076
4.6439,3.3033
4.6451,3.2993
4.6463,3.2959
4.6474,3.2933
4.6486,3.2913
4.6498,3.2898
4.6509,3.2885
4.6521,3.2874
4.6533,3.2861
4.6544,3.2847
4.6556,3.2831
4.6568,3.2815
4.658,3.2799
4.6591,3.2784
4.6603,3.2769
4.6615,3.2754
4.6626,3.2738
4.6638,3.272
4.665,3.2698
4.6661,3.2673
4.6673,3.2644
4.6685,3.2612
4.6696,3.2578
4.6708,3.2544
4.672,3.2511
4.6731,3.2479
4.6743,3.2449
4.6755,3.2421
4.6766,3.2394
4.6778,3.2368
4.679,3.2344
4.6801,3.2321
4.6813,3.23
4.6825,3.228
4.6836,3.2263
4.6848,3.2247
4.686,3.2232
4.6871,3.2219
4.6883,3.2206
4.6895,3.2193
4.6906,3.2179
4.6918,3.2164
4.693,3.2148
4.6941,3.213
4.6953,3.2112
4.6965,3.2093
4.6976,3.2072
4.6988,3.2049
4.7,3.2025
4.7011,3.1997
4.7023,3.1967
4.7035,3.1935
4.7046,3.1902
4.7058,3.187
4.707,3.1839
4.7081,3.1812
4.7093,3.179
4.7105,3.1771
4.7117,3.1756
4.7128,3.1744
4.714,3.1731
4.7152,3.1718
4.7163,3.1703
4.7175,3.1686
4.7187,3.1668
4.7198,3.165
4.721,3.1632
4.7222,3.1616
4.7233,3.1602
4.7245,3.159
4.7257,3.1579
4.7268,3.1566
4.728,3.1551
4.7292,3.1533
4.7303,3.151
4.7315,3.1484
4.7327,3.1456
4.7338,3.1426
4.735,3.1397
4.7362,3.137
4.7373,3.1344
4.7385,3.132
4.7397,3.1298
4.7408,3.1275
4.742,3.1253
4.7432,3.1229
4.7443,3.1206
4.7455,3.1183
4.7467,3.1163
4.7478,3.1146
4.749,3.1133
4.7502,3.1126
4.7513,3.1122
4.7525,3.112
4.7537,3.1118
4.7548,3.1114
4.756,3.1106
4.7572,3.1093
4.7583,3.1074
4.7595,3.105
4.7607,3.1024
4.7618,3.0996
4.763,3.0969
4.7642,3.0945
4.7654,3.0922
4.7665,3.0901
4.7677,3.088
4.7689,3.0859
4.77,3.0837
4.7712,3.0813
4.7724,3.0789
4.7735,3.0764
4.7747,3.074
4.7759,3.0718
4.777,3.0698
4.7782,3.0681
4.7794,3.0665
4.7805,3.0651
4.7817,3.0637
4.7829,3.0624
4.784,3.0612
4.7852,3.0602
4.7864,3.0594
4.7875,3.0587
4.7887,3.0582
4.7899,3.0576
4.791,3.0567
4.7922,3.0554
4.7934,3.0535
4.7945,3.051
4.7957,3.0481
4.7969,3.0449
4.798,3.0417
4.7992,3.0387
4.8004,3.0361
4.8015,3.0339
4.8027,3.0321
4.8039,3.0305
4.805,3.0291
4.8062,3.0276
4.8074,3.0259
4.8085,3.0242
4.8097,3.0225
4.8109,3.0209
4.812,3.0196
4.8132,3.0186
4.8144,3.0179
4.8155,3.0173
4.8167,3.0168
4.8179,3.0162
4.8191,3.0153
4.8202,3.0143
4.8214,3.013
4.8226,3.0115
4.8237,3.0099
4.8249,3.0083
4.8261,3.0067
4.8272,3.0049
4.8284,3.0031
4.8296,3.001
4.8307,2.9986
4.8319,2.996
4.8331,2.9932
4.8342,2.9903
4.8354,2.9875
4.8366,2.985
4.8377,2.9829
4.8389,2.9813
4.8401,2.9802
4.8412,2.9795
4.8424,2.979
4.8436,2.9787
4.8447,2.9783
4.8459,2.9777
4.8471,2.9768
4.8482,2.9755
4.8494,2.9741
4.8506,2.9724
4.8517,2.9708
4.8529,2.9694
4.8541,2.9681
4.8552,2.967
4.8564,2.966
4.8576,2.965
4.8587,2.9639
4.8599,2.9625
4.8611,2.9606
4.8622,2.9584
4.8634,2.9558
4.8646,2.953
4.8657,2.9502
4.8669,2.9475
4.8681,2.9451
4.8693,2.943
4.8704,2.9411
4.8716,2.9396
4.8728,2.9382
4.8739,2.937
4.8751,2.936
4.8763,2.935
4.8774,2.9342
4.8786,2.9335
4.8798,2.9329
4.8809,2.9323
4.8821,2.9317
4.8833,2.9309
4.8844,2.9298
4.8856,2.9284
4.8868,2.9267
4.8879,2.9249
4.8891,2.9231
4.8903,2.9214
4.8914,2.9199
4.8926,2.9185
4.8938,2.9172
4.8949,2.9159
4.8961,2.9144
4.8973,2.9126
4.8984,2.9105
4.8996,2.9082
4.9008,2.9059
4.9019,2.9038
4.9031,2.9019
4.9043,2.9004
4.9054,2.8993
4.9066,2.8985
4.9078,2.898
4.9089,2.8974
4.9101,2.8969
4.9113,2.8963
4.9124,2.8956
4.9136,2.8949
4.9148,2.8943
4.9159,2.8937
4.9171,2.893
4.9183,2.8922
4.9194,2.8912
4.9206,2.8898
4.9218,2.8881
4.923,2.886
4.9241,2.8837
4.9253,2.8813
4.9265,2.879
4.9276,2.8768
4.9288,2.875
4.93,2.8734
4.9311,2.872
4.9323,2.8707
4.9335,2.8693
4.9346,2.8679
4.9358,2.8664
4.937,2.8648
4.9381,2.8634
4.9393,2.8621
4.9405,2.8611
4.9416,2.8603
4.9428,2.8599
4.944,2.8596
4.9451,2.8594
4.9463,2.859
4.9475,2.8585
4.9486,2.8578
4.9498,2.8566
4.951,2.8552
4.9521,2.8535
4.9533,2.8516
4.9545,2.8497
4.9556,2.8478
4.9568,2.8461
4.958,2.8444
4.9591,2.8429
4.9603,2.8415
4.9615,2.8401
4.9626,2.8387
4.9638,2.8372
4.965,2.8355
4.9661,2.8337
4.9673,2.832
4.9685,2.8303
4.9696,2.8288
4.9708,2.8276
4.972,2.8266
4.9731,2.8258
4.9743,2.8252
4.9755,2.8247
4.9767,2.8242
4.9778,2.8236
4.979,2.8229
4.9802,2.8222
4.9813,2.8214
4.9825,2.8205
4.9837,2.8195
4.9848,2.8185
4.986,2.8173
4.9872,2.8159
4.9883,2.8143
4.9895,2.8125
4.9907,2.8106
4.9918,2.8086
4.993,2.8067
4.9942,2.805
4.9953,2.8035
4.9965,2.8022
4.9977,2.8011
4.9988,2.8001
5,2.799
