0,20
0.0011674,20
0.0023348,20
0.0035022,20
0.0046696,20
0.005837,20
0.0070044,20
0.0081718,20
0.0093392,20
0.010507,20
0.011674,20
0.012841,20
0.014009,20
0.015176,20
0.016344,20
0.017511,20
0.018678,20
0.019846,20
0.021013,20
0.022181,20
0.023348,20
0.024516,20
0.025683,20
0.02685,20
0.028018,20
0.029185,20
0.030353,20
0.03152,20
0.032687,20
0.033855,20
0.035022,20
0.03619,20
0.037357,20
0.038524,20
0.039692,20
0.040859,20
0.042027,20
0.043194,20
0.044361,20
0.045529,20
0.046696,20
0.047864,20
0.049031,20
0.050198,20
0.051366,20
0.052533,20
0.053701,20
0.054868,20
0.056035,20
0.057203,20
0.05837,20
0.059538,20
0.060705,20
0.061873,20
0.06304,20
0.064207,20
0.065375,20
0.066542,20
0.06771,20
0.068877,20
0.070044,20
0.071212,20
0.072379,20
0.073547,20
0.074714,20
0.075881,20
0.077049,20
0.078216,20
0.079384,20
0.080551,20
0.081718,20
0.082886,20
0.084053,20
0.085221,20
0.086388,20
0.087555,20
0.088723,20
0.08989,20
0.091058,20
0.092225,20
0.093392,20
0.09456,20
0.095727,20
0.096895,20
0.098062,20
0.09923,20
0.1004,20
0.10156,20
0.10273,20
0.1039,20
0.10507,20
0.10623,20
0.1074,20
0.10857,20
0.10974,20
0.1109,20
0.11207,20
0.11324,20
0.11441,20
0.11557,20
0.11674,20
0.11791,20
0.11908,20
0.12024,20
0.12141,20
0.12258,20
0.12375,20
0.12491,20
0.12608,20
0.12725,20
0.12841,20
0.12958,20
0.13075,20
0.13192,20
0.13308,20
0.13425,20
0.13542,20
0.13659,20
0.13775,20
0.13892,20
0.14009,20
0.14126,20
0.14242,20
0.14359,20
0.14476,20
0.14593,20
0.14709,20
0.14826,20
0.14943,20
0.1506,20
0.15176,20
0.15293,20
0.1541,20
0.15527,20
0.15643,20
0.1576,20
0.15877,20
0.15993,20
0.1611,20
0.16227,20
0.16344,20
0.1646,20
0.16577,20
0.16694,20
0.16811,20
0.16927,20
0.17044,20
0.17161,20
0.17278,20
0.17394,20
0.17511,20
0.17628,20
0.17745,20
0.17861,20
0.17978,20
0.18095,20
0.18212,20
0.18328,20
0.18445,20
0.18562,20
0.18678,20
0.18795,20
0.18912,20
0.19029,20
0.19145,20
0.19262,20
0.19379,20
0.19496,20
0.19612,20
0.19729,20
0.19846,20
0.19963,20
0.20079,20
0.20196,20
0.20313,20
0.2043,20
0.20546,20
0.20663,20
0.2078,20
0.20897,20
0.21013,20
0.2113,20
0.21247,20
0.21364,20
0.2148,20
0.21597,20
0.21714,20
0.2183,20
0.21947,20
0.22064,20
0.22181,20
0.22297,20
0.22414,20
0.22531,20
0.22648,20
0.22764,20
0.22881,20
0.22998,20
0.23115,20
0.23231,20
0.23348,20
0.23465,20
0.23582,20
0.23698,20
0.23815,20
0.23932,20
0.24049,20
0.24165,20
0.24282,20
0.24399,20
0.24516,20
0.24632,20
0.24749,20
0.24866,20
0.24982,20
0.25099,20
0.25216,20
0.25333,20
0.25449,20
0.25566,20
0.25683,20
0.258,20
0.25916,20
0.26033,20
0.2615,20
0.26267,20
0.26383,20
0.265,20
0.26617,20
0.26734,20
0.2685,20
0.26967,20
0.27084,20
0.27201,20
0.27317,20
0.27434,20
0.27551,20
0.27668,20
0.27784,20
0.27901,20
0.28018,20
0.28134,20
0.28251,20
0.28368,20
0.28485,20
0.28601,20
0.28718,20
0.28835,20
0.28952,20
0.29068,20
0.29185,20
0.29302,20
0.29419,20
0.29535,20
0.29652,20
0.29769,20
0.29886,20
0.30002,20
0.30119,20
0.30236,20
0.30353,20
0.30469,20
0.30586,20
0.30703,20
0.3082,20
0.30936,20
0.31053,20
0.3117,20
0.31286,20
0.31403,20
0.3152,20
0.31637,20
0.31753,20
0.3187,20
0.31987,20
0.32104,20
0.3222,20
0.32337,20
0.32454,20
0.32571,20
0.32687,20
0.32804,20
0.32921,20
0.33038,20
0.33154,20
0.33271,20
0.33388,20
0.33505,20
0.33621,20
0.33738,20
0.33855,20
0.33972,20
0.34088,20
0.34205,20
0.34322,20
0.34438,20
0.34555,20
0.34672,20
0.34789,20
0.34905,20
0.35022,20
0.35139,20
0.35256,20
0.35372,20
0.35489,20
0.35606,20
0.35723,20
0.35839,20
0.35956,20
0.36073,20
0.3619,20
0.36306,20
0.36423,20
0.3654,20
0.36657,20
0.36773,20
0.3689,20
0.37007,20
0.37124,20
0.3724,20
0.37357,20
0.37474,20
0.3759,20
0.37707,20
0.37824,20
0.37941,20
0.38057,20
0.38174,20
0.38291,20
0.38408,20
0.38524,20
0.38641,20
0.38758,20
0.38875,20
0.38991,20
0.39108,20
0.39225,20
0.39342,20
0.39458,20
0.39575,20
0.39692,20
0.39809,20
0.39925,20
0.40042,20
0.40159,20
0.40276,20
0.40392,20
0.40509,20
0.40626,20
0.40742,20
0.40859,20
0.40976,20
0.41093,20
0.41209,20
0.41326,20
0.41443,20
0.4156,20
0.41676,20
0.41793,20
0.4191,20
0.42027,20
0.42143,20
0.4226,20
0.42377,20
0.42494,20
0.4261,20
0.42727,20
0.42844,20
0.42961,20
0.43077,20
0.43194,20
0.43311,20
0.43428,20
0.43544,20
0.43661,20
0.43778,20
0.43894,20
0.44011,20
0.44128,20
0.44245,20
0.44361,20
0.44478,20
0.44595,20
0.44712,20
0.44828,20
0.44945,20
0.45062,20
0.45179,20
0.45295,20
0.45412,20
0.45529,20
0.45646,20
0.45762,20
0.45879,20
0.45996,20
0.46113,20
0.46229,20
0.46346,20
0.46463,20
0.4658,20
0.46696,20
0.46813,20
0.4693,20
0.47046,20
0.47163,20
0.4728,20
0.47397,20
0.47513,20
0.4763,20
0.47747,20
0.47864,20
0.4798,20
0.48097,20
0.48214,20
0.48331,20
0.48447,20
0.48564,20
0.48681,20
0.48798,20
0.48914,20
0.49031,20
0.49148,20
0.49265,20
0.49381,20
0.49498,20
0.49615,20
0.49731,20
0.49848,20
0.49965,20
0.50082,20
0.50198,20
0.50315,20
0.50432,20
0.50549,20
0.50665,20
0.50782,20
0.50899,20
0.51016,20
0.51132,20
0.51249,20
0.51366,20
0.51483,20
0.51599,20
0.51716,20
0.51833,20
0.5195,20
0.52066,20
0.52183,20
0.523,20
0.52417,20
0.52533,20
0.5265,20
0.52767,20
0.52883,20
0.53,20
0.53117,20
0.53234,20
0.5335,20
0.53467,20
0.53584,20
0.53701,20
0.53817,20
0.53934,20
0.54051,20
0.54168,20
0.54284,20
0.54401,20
0.54518,20
0.54635,20
0.54751,20
0.54868,20
0.54985,20
0.55102,20
0.55218,20
0.55335,20
0.55452,20
0.55569,20
0.55685,20
0.55802,20
0.55919,20
0.56035,20
0.56152,20
0.56269,20
0.56386,20
0.56502,20
0.56619,20
0.56736,20
0.56853,20
0.56969,20
0.57086,20
0.57203,20
0.5732,20
0.57436,20
0.57553,20
0.5767,20
0.57787,20
0.57903,20
0.5802,20
0.58137,20
0.58254,20
0.5837,20
0.58487,20
0.58604,20
0.58721,20
0.58837,20
0.58954,20
0.59071,20
0.59187,20
0.59304,20
0.59421,20
0.59538,20
0.59654,20
0.59771,20
0.59888,20
0.60005,20
0.60121,20
0.60238,20
0.60355,20
0.60472,20
0.60588,20
0.60705,20
0.60822,20
0.60939,20
0.61055,20
0.61172,20
0.61289,20
0.61406,20
0.61522,20
0.61639,20
0.61756,20
0.61873,20
0.61989,20
0.62106,20
0.62223,20
0.62339,20
0.62456,20
0.62573,20
0.6269,20
0.62806,20
0.62923,20
0.6304,20
0.63157,20
0.63273,20
0.6339,20
0.63507,20
0.63624,20
0.6374,20
0.63857,20
0.63974,20
0.64091,20
0.64207,20
0.64324,20
0.64441,20
0.64558,20
0.64674,20
0.64791,20
0.64908,20
0.65025,20
0.65141,20
0.65258,20
0.65375,20
0.65491,20
0.65608,20
0.65725,20
0.65842,20
0.65958,20
0.66075,20
0.66192,20
0.66309,20
0.66425,20
0.66542,20
0.66659,20
0.66776,20
0.66892,20
0.67009,20
0.67126,20
0.67243,20
0.67359,20
0.67476,20
0.67593,20
0.6771,20
0.67826,20
0.67943,20
0.6806,20
0.68177,20
0.68293,20
0.6841,20
0.68527,20
0.68643,20
0.6876,20
0.68877,20
0.68994,20
0.6911,20
0.69227,20
0.69344,20
0.69461,20
0.69577,20
0.69694,20
0.69811,20
0.69928,20
0.70044,20
0.70161,20
0.70278,20
0.70395,20
0.70511,20
0.70628,20
0.70745,20
0.70862,20
0.70978,20
0.71095,20
0.71212,20
0.71329,20
0.71445,20
0.71562,20
0.71679,20
0.71795,20
0.71912,20
0.72029,20
0.72146,20
0.72262,20
0.72379,20
0.72496,20
0.72613,20
0.72729,20
0.72846,20
0.72963,20
0.7308,20
0.73196,20
0.73313,20
0.7343,20
0.73547,20
0.73663,20
0.7378,20
0.73897,20
0.74014,20
0.7413,20
0.74247,20
0.74364,20
0.74481,20
0.74597,20
0.74714,20
0.74831,20
0.74947,20
0.75064,20
0.75181,20
0.75298,20
0.75414,20
0.75531,20
0.75648,20
0.75765,20
0.75881,20
0.75998,20
0.76115,20
0.76232,20
0.76348,20
0.76465,20
0.76582,20
0.76699,20
0.76815,20
0.76932,20
0.77049,20
0.77166,20
0.77282,20
0.77399,20
0.77516,20
0.77633,20
0.77749,20
0.77866,20
0.77983,20
0.78099,20
0.78216,20
0.78333,20
0.7845,20
0.78566,20
0.78683,20
0.788,20
0.78917,20
0.79033,20
0.7915,20
0.79267,20
0.79384,20
0.795,20
0.79617,20
0.79734,20
0.79851,20
0.79967,20
0.80084,20
0.80201,20
0.80318,20
0.80434,20
0.80551,20
0.80668,20
0.80784,20
0.80901,20
0.81018,20
0.81135,20
0.81251,20
0.81368,20
0.81485,20
0.81602,20
0.81718,20
0.81835,20
0.81952,20
0.82069,20
0.82185,20
0.82302,20
0.82419,20
0.82536,20
0.82652,20
0.82769,20
0.82886,20
0.83003,20
0.83119,20
0.83236,20
0.83353,20
0.8347,20
0.83586,20
0.83703,20
0.8382,20
0.83936,20
0.84053,20
0.8417,20
0.84287,20
0.84403,20
0.8452,20
0.84637,20
0.84754,20
0.8487,20
0.84987,20
0.85104,20
0.85221,20
0.85337,20
0.85454,20
0.85571,20
0.85688,20
0.85804,20
0.85921,20
0.86038,20
0.86155,20
0.86271,20
0.86388,20
0.86505,20
0.86622,20
0.86738,20
0.86855,20
0.86972,20
0.87088,20
0.87205,20
0.87322,20
0.87439,20
0.87555,20
0.87672,20
0.87789,20
0.87906,20
0.88022,20
0.88139,20
0.88256,20
0.88373,20
0.88489,20
0.88606,20
0.88723,20
0.8884,20
0.88956,20
0.89073,20
0.8919,20
0.89307,20
0.89423,20
0.8954,20
0.89657,20
0.89774,20
0.8989,20
0.90007,20
0.90124,20
0.9024,20
0.90357,20
0.90474,20
0.90591,20
0.90707,20
0.90824,20
0.90941,20
0.91058,20
0.91174,20
0.91291,20
0.91408,20
0.91525,20
0.91641,20
0.91758,20
0.91875,20
0.91992,20
0.92108,20
0.92225,20
0.92342,20
0.92459,20
0.92575,20
0.92692,20
0.92809,20
0.92926,20
0.93042,20
0.93159,20
0.93276,20
0.93392,20
0.93509,20
0.93626,20
0.93743,20
0.93859,20
0.93976,20
0.94093,20
0.9421,20
0.94326,20
0.94443,20
0.9456,20
0.94677,20
0.94793,20
0.9491,20
0.95027,20
0.95144,20
0.9526,20
0.95377,20
0.95494,20
0.95611,20
0.95727,20
0.95844,20
0.95961,20
0.96078,20
0.96194,20
0.96311,20
0.96428,20
0.96544,20
0.96661,20
0.96778,20
0.96895,20
0.97011,20
0.97128,20
0.97245,20
0.97362,20
0.97478,20
0.97595,20
0.97712,20
0.97829,20
0.97945,20
0.98062,20
0.98179,20
0.98296,20
0.98412,20
0.98529,20
0.98646,20
0.98763,20
0.98879,20
0.98996,20
0.99113,20
0.9923,20
0.99346,20
0.99463,20
0.9958,20
0.99696,20
0.99813,20
0.9993,20
1.0005,20
1.0016,20
1.0028,20
1.004,20
1.0051,20
1.0063,20
1.0075,20
1.0086,20
1.0098,20
1.011,20
1.0121,20
1.0133,20
1.0145,20
1.0156,20
1.0168,20
1.018,20
1.0191,20
1.0203,20
1.0215,20
1.0226,20
1.0238,20
1.025,20
1.0261,20
1.0273,20
1.0285,20
1.0297,20
1.0308,20
1.032,20
1.0332,20
1.0343,20
1.0355,20
1.0367,20
1.0378,20
1.039,20
1.0402,20
1.0413,20
1.0425,20
1.0437,20
1.0448,20
1.046,20
1.0472,20
1.0483,20
1.0495,20
1.0507,20
1.0518,20
1.053,20
1.0542,20
1.0553,20
1.0565,20
1.0577,20
1.0588,20
1.06,20
1.0612,20
1.0623,20
1.0635,20
1.0647,20
1.0658,20
1.067,20
1.0682,20
1.0693,20
1.0705,20
1.0717,20
1.0728,20
1.074,20
1.0752,20
1.0763,20
1.0775,20
1.0787,20
1.0799,20
1.081,20
1.0822,20
1.0834,20
1.0845,20
1.0857,20
1.0869,20
1.088,20
1.0892,20
1.0904,20
1.0915,20
1.0927,20
1.0939,20
1.095,20
1.0962,20
1.0974,20
1.0985,20
1.0997,20
1.1009,20
1.102,20
1.1032,20
1.1044,20
1.1055,20
1.1067,20
1.1079,20
1.109,20
1.1102,20
1.1114,20
1.1125,20
1.1137,20
1.1149,20
1.116,20
1.1172,20
1.1184,20
1.1195,20
1.1207,20
1.1219,20
1.123,20
1.1242,20
1.1254,20
1.1265,20
1.1277,20
1.1289,20
1.13,20
1.1312,20
1.1324,20
1.1336,20
1.1347,20
1.1359,20
1.1371,20
1.1382,20
1.1394,20
1.1406,20
1.1417,20
1.1429,20
1.1441,20
1.1452,20
1.1464,20
1.1476,20
1.1487,20
1.1499,20
1.1511,20
1.1522,20
1.1534,20
1.1546,20
1.1557,20
1.1569,20
1.1581,20
1.1592,20
1.1604,20
1.1616,20
1.1627,20
1.1639,20
1.1651,20
1.1662,20
1.1674,20
1.1686,20
1.1697,20
1.1709,20
1.1721,20
1.1732,20
1.1744,20
1.1756,20
1.1767,20
1.1779,20
1.1791,20
1.1802,20
1.1814,20
1.1826,20
1.1837,20
1.1849,20
1.1861,20
1.1873,20
1.1884,20
1.1896,20
1.1908,20
1.1919,20
1.1931,20
1.1943,20
1.1954,20
1.1966,20
1.1978,20
1.1989,20
1.2001,20
1.2013,20
1.2024,20
1.2036,20
1.2048,20
1.2059,20
1.2071,20
1.2083,20
1.2094,20
1.2106,20
1.2118,20
1.2129,20
1.2141,20
1.2153,20
1.2164,20
1.2176,20
1.2188,20
1.2199,20
1.2211,20
1.2223,20
1.2234,20
1.2246,20
1.2258,20
1.2269,20
1.2281,20
1.2293,20
1.2304,20
1.2316,20
1.2328,20
1.2339,20
1.2351,20
1.2363,20
1.2375,20
1.2386,20
1.2398,20
1.241,20
1.2421,20
1.2433,20
1.2445,20
1.2456,20
1.2468,20
1.248,20
1.2491,20
1.2503,20
1.2515,20
1.2526,20
1.2538,20
1.255,20
1.2561,20
1.2573,20
1.2585,20
1.2596,20
1.2608,20
1.262,20
1.2631,20
1.2643,20
1.2655,20
1.2666,20
1.2678,20
1.269,20
1.2701,20
1.2713,20
1.2725,20
1.2736,20
1.2748,20
1.276,20
1.2771,20
1.2783,20
1.2795,20
1.2806,20
1.2818,20
1.283,20
1.2841,20
1.2853,20
1.2865,20
1.2876,20
1.2888,20
1.29,20
1.2912,20
1.2923,20
1.2935,20
1.2947,20
1.2958,20
1.297,20
1.2982,20
1.2993,20
1.3005,20
1.3017,20
1.3028,20
1.304,20
1.3052,20
1.3063,20
1.3075,20
1.3087,20
1.3098,20
1.311,20
1.3122,20
1.3133,20
1.3145,20
1.3157,20
1.3168,20
1.318,20
1.3192,20
1.3203,20
1.3215,20
1.3227,20
1.3238,20
1.325,20
1.3262,20
1.3273,20
1.3285,20
1.3297,20
1.3308,20
1.332,20
1.3332,20
1.3343,20
1.3355,20
1.3367,20
1.3378,20
1.339,20
1.3402,20
1.3413,20
1.3425,20
1.3437,20
1.3449,20
1.346,20
1.3472,20
1.3484,20
1.3495,20
1.3507,20
1.3519,20
1.353,20
1.3542,20
1.3554,20
1.3565,20
1.3577,20
1.3589,20
1.36,20
1.3612,20
1.3624,20
1.3635,20
1.3647,20
1.3659,20
1.367,20
1.3682,20
1.3694,20
1.3705,20
1.3717,20
1.3729,20
1.374,20
1.3752,20
1.3764,20
1.3775,20
1.3787,20
1.3799,20
1.381,20
1.3822,20
1.3834,20
1.3845,20
1.3857,20
1.3869,20
1.388,20
1.3892,20
1.3904,20
1.3915,20
1.3927,20
1.3939,20
1.3951,20
1.3962,20
1.3974,20
1.3986,20
1.3997,20
1.4009,20
1.4021,20
1.4032,20
1.4044,20
1.4056,20
1.4067,20
1.4079,20
1.4091,20
1.4102,20
1.4114,20
1.4126,20
1.4137,20
1.4149,20
1.4161,20
1.4172,20
1.4184,20
1.4196,20
1.4207,20
1.4219,20
1.4231,20
1.4242,20
1.4254,20
1.4266,20
1.4277,20
1.4289,20
1.4301,20
1.4312,20
1.4324,20
1.4336,20
1.4347,20
1.4359,20
1.4371,20
1.4382,20
1.4394,20
1.4406,20
1.4417,20
1.4429,20
1.4441,20
1.4452,20
1.4464,20
1.4476,20
1.4488,20
1.4499,20
1.4511,20
1.4523,20
1.4534,20
1.4546,20
1.4558,20
1.4569,20
1.4581,20
1.4593,20
1.4604,20
1.4616,20
1.4628,20
1.4639,20
1.4651,20
1.4663,20
1.4674,20
1.4686,20
1.4698,20
1.4709,20
1.4721,20
1.4733,20
1.4744,20
1.4756,20
1.4768,20
1.4779,20
1.4791,20
1.4803,20
1.4814,20
1.4826,20
1.4838,20
1.4849,20
1.4861,20
1.4873,20
1.4884,20
1.4896,20
1.4908,20
1.4919,20
1.4931,20
1.4943,20
1.4954,20
1.4966,20
1.4978,20
1.4989,20
1.5001,20
1.5013,20
1.5025,20
1.5036,20
1.5048,20
1.506,20
1.5071,20
1.5083,20
1.5095,20
1.5106,20
1.5118,20
1.513,20
1.5141,20
1.5153,20
1.5165,20
1.5176,20
1.5188,20
1.52,20
1.5211,20
1.5223,20
1.5235,20
1.5246,20
1.5258,20
1.527,20
1.5281,20
1.5293,20
1.5305,20
1.5316,20
1.5328,20
1.534,20
1.5351,20
1.5363,20
1.5375,20
1.5386,20
1.5398,20
1.541,20
1.5421,20
1.5433,20
1.5445,20
1.5456,20
1.5468,20
1.548,20
1.5491,20
1.5503,20
1.5515,20
1.5527,20
1.5538,20
1.555,20
1.5562,20
1.5573,20
1.5585,20
1.5597,20
1.5608,20
1.562,20
1.5632,20
1.5643,20
1.5655,20
1.5667,20
1.5678,20
1.569,20
1.5702,20
1.5713,20
1.5725,20
1.5737,20
1.5748,20
1.576,20
1.5772,20
1.5783,20
1.5795,20
1.5807,20
1.5818,20
1.583,20
1.5842,20
1.5853,20
1.5865,20
1.5877,20
1.5888,20
1.59,20
1.5912,20
1.5923,20
1.5935,20
1.5947,20
1.5958,20
1.597,20
1.5982,20
1.5993,20
1.6005,20
1.6017,20
1.6028,20
1.604,20
1.6052,20
1.6064,20
1.6075,20
1.6087,20
1.6099,20
1.611,20
1.6122,20
1.6134,20
1.6145,20
1.6157,20
1.6169,20
1.618,20
1.6192,20
1.6204,20
1.6215,20
1.6227,20
1.6239,20
1.625,20
1.6262,20
1.6274,20
1.6285,20
1.6297,20
1.6309,20
1.632,20
1.6332,20
1.6344,20
1.6355,20
1.6367,20
1.6379,20
1.639,20
1.6402,20
1.6414,20
1.6425,20
1.6437,20
1.6449,20
1.646,20
1.6472,20
1.6484,20
1.6495,20
1.6507,20
1.6519,20
1.653,20
1.6542,20
1.6554,20
1.6565,20
1.6577,20
1.6589,20
1.6601,20
1.6612,20
1.6624,20
1.6636,20
1.6647,20
1.6659,20
1.6671,20
1.6682,20
1.6694,20
1.6706,20
1.6717,20
1.6729,20
1.6741,20
1.6752,20
1.6764,20
1.6776,20
1.6787,20
1.6799,20
1.6811,20
1.6822,20
1.6834,20
1.6846,20
1.6857,20
1.6869,20
1.6881,20
1.6892,20
1.6904,20
1.6916,20
1.6927,20
1.6939,20
1.6951,20
1.6962,20
1.6974,20
1.6986,20
1.6997,20
1.7009,20
1.7021,20
1.7032,20
1.7044,20
1.7056,20
1.7067,20
1.7079,20
1.7091,20
1.7102,20
1.7114,20
1.7126,20
1.7138,20
1.7149,20
1.7161,20
1.7173,20
1.7184,20
1.7196,20
1.7208,20
1.7219,20
1.7231,20
1.7243,20
1.7254,20
1.7266,20
1.7278,20
1.7289,20
1.7301,20
1.7313,20
1.7324,20
1.7336,20
1.7348,20
1.7359,20
1.7371,20
1.7383,20
1.7394,20
1.7406,20
1.7418,20
1.7429,20
1.7441,20
1.7453,20
1.7464,20
1.7476,20
1.7488,20
1.7499,20
1.7511,20
1.7523,20
1.7534,20
1.7546,20
1.7558,20
1.7569,20
1.7581,20
1.7593,20
1.7604,20
1.7616,20
1.7628,20
1.764,20
1.7651,20
1.7663,20
1.7675,20
1.7686,20
1.7698,20
1.771,20
1.7721,20
1.7733,20
1.7745,20
1.7756,20
1.7768,20
1.778,20
1.7791,20
1.7803,20
1.7815,20
1.7826,20
1.7838,20
1.785,20
1.7861,20
1.7873,20
1.7885,20
1.7896,20
1.7908,20
1.792,20
1.7931,20
1.7943,20
1.7955,20
1.7966,20
1.7978,20
1.799,20
1.8001,20
1.8013,20
1.8025,20
1.8036,20
1.8048,20
1.806,20
1.8071,20
1.8083,20
1.8095,20
1.8106,20
1.8118,20
1.813,20
1.8141,20
1.8153,20
1.8165,20
1.8177,20
1.8188,20
1.82,20
1.8212,20
1.8223,20
1.8235,20
1.8247,20
1.8258,20
1.827,20
1.8282,20
1.8293,20
1.8305,20
1.8317,20
1.8328,20
1.834,20
1.8352,20
1.8363,20
1.8375,20
1.8387,20
1.8398,20
1.841,20
1.8422,20
1.8433,20
1.8445,20
1.8457,20
1.8468,20
1.848,20
1.8492,20
1.8503,20
1.8515,20
1.8527,20
1.8538,20
1.855,20
1.8562,20
1.8573,20
1.8585,20
1.8597,20
1.8608,20
1.862,20
1.8632,20
1.8643,20
1.8655,20
1.8667,20
1.8678,20
1.869,20
1.8702,20
1.8714,20
1.8725,20
1.8737,20
1.8749,20
1.876,20
1.8772,20
1.8784,20
1.8795,20
1.8807,20
1.8819,20
1.883,20
1.8842,20
1.8854,20
1.8865,20
1.8877,20
1.8889,20
1.89,20
1.8912,20
1.8924,20
1.8935,20
1.8947,20
1.8959,20
1.897,20
1.8982,20
1.8994,20
1.9005,20
1.9017,20
1.9029,20
1.904,20
1.9052,20
1.9064,20
1.9075,20
1.9087,20
1.9099,20
1.911,20
1.9122,20
1.9134,20
1.9145,20
1.9157,20
1.9169,20
1.918,20
1.9192,20
1.9204,20
1.9216,20
1.9227,20
1.9239,20
1.9251,20
1.9262,20
1.9274,20
1.9286,20
1.9297,20
1.9309,20
1.9321,20
1.9332,20
1.9344,20
1.9356,20
1.9367,20
1.9379,20
1.9391,20
1.9402,20
1.9414,20
1.9426,20
1.9437,20
1.9449,20
1.9461,20
1.9472,20
1.9484,20
1.9496,20
1.9507,20
1.9519,20
1.9531,20
1.9542,20
1.9554,20
1.9566,20
1.9577,20
1.9589,20
1.9601,20
1.9612,20
1.9624,20
1.9636,20
1.9647,20
1.9659,20
1.9671,20
1.9682,20
1.9694,20
1.9706,20
1.9717,20
1.9729,20
1.9741,20
1.9753,20
1.9764,20
1.9776,20
1.9788,20
1.9799,20
1.9811,20
1.9823,20
1.9834,20
1.9846,20
1.9858,20
1.9869,20
1.9881,20
1.9893,20
1.9904,20
1.9916,20
1.9928,20
1.9939,20
1.9951,20
1.9963,20
1.9974,20
1.9986,20
1.9998,20
2.0009,20
2.0021,20
2.0033,20
2.0044,20
2.0056,20
2.0068,20
2.0079,20
2.0091,20
2.0103,20
2.0114,20
2.0126,20
2.0138,20
2.0149,20
2.0161,20
2.0173,20
2.0184,20
2.0196,20
2.0208,20
2.0219,20
2.0231,20
2.0243,20
2.0254,20.001
2.0266,20.001
2.0278,20.001
2.029,20.001
2.0301,20.001
2.0313,20.001
2.0325,20.001
2.0336,20.001
2.0348,20.001
2.036,20.001
2.0371,20.001
2.0383,20.001
2.0395,20.001
2.0406,20.002
2.0418,20.002
2.043,20.002
2.0441,20.002
2.0453,20.002
2.0465,20.002
2.0476,20.002
2.0488,20.002
2.05,20.003
2.0511,20.003
2.0523,20.003
2.0535,20.003
2.0546,20.003
2.0558,20.003
2.057,20.004
2.0581,20.004
2.0593,20.004
2.0605,20.004
2.0616,20.004
2.0628,20.005
2.064,20.005
2.0651,20.005
2.0663,20.005
2.0675,20.006
2.0686,20.006
2.0698,20.006
2.071,20.006
2.0721,20.007
2.0733,20.007
2.0745,20.007
2.0756,20.007
2.0768,20.008
2.078,20.008
2.0792,20.008
2.0803,20.009
2.0815,20.009
2.0827,20.009
2.0838,20.01
2.085,20.01
2.0862,20.01
2.0873,20.011
2.0885,20.011
2.0897,20.011
2.0908,20.012
2.092,20.012
2.0932,20.012
2.0943,20.013
2.0955,20.013
2.0967,20.014
2.0978,20.014
2.099,20.015
2.1002,20.015
2.1013,20.015
2.1025,20.016
2.1037,20.016
2.1048,20.017
2.106,20.017
2.1072,20.018
2.1083,20.018
2.1095,20.019
2.1107,20.019
2.1118,20.02
2.113,20.02
2.1142,20.021
2.1153,20.022
2.1165,20.022
2.1177,20.023
2.1188,20.023
2.12,20.024
2.1212,20.025
2.1223,20.025
2.1235,20.026
2.1247,20.026
2.1258,20.027
2.127,20.028
2.1282,20.028
2.1293,20.029
2.1305,20.03
2.1317,20.03
2.1329,20.031
2.134,20.032
2.1352,20.032
2.1364,20.033
2.1375,20.034
2.1387,20.034
2.1399,20.035
2.141,20.036
2.1422,20.037
2.1434,20.037
2.1445,20.038
2.1457,20.039
2.1469,20.04
2.148,20.04
2.1492,20.041
2.1504,20.042
2.1515,20.043
2.1527,20.043
2.1539,20.044
2.155,20.045
2.1562,20.046
2.1574,20.046
2.1585,20.047
2.1597,20.048
2.1609,20.049
2.162,20.05
2.1632,20.05
2.1644,20.051
2.1655,20.052
2.1667,20.053
2.1679,20.054
2.169,20.054
2.1702,20.055
2.1714,20.056
2.1725,20.057
2.1737,20.058
2.1749,20.059
2.176,20.059
2.1772,20.06
2.1784,20.061
2.1795,20.062
2.1807,20.063
2.1819,20.064
2.183,20.065
2.1842,20.066
2.1854,20.067
2.1866,20.067
2.1877,20.068
2.1889,20.069
2.1901,20.07
2.1912,20.071
2.1924,20.072
2.1936,20.073
2.1947,20.074
2.1959,20.075
2.1971,20.076
2.1982,20.077
2.1994,20.078
2.2006,20.079
2.2017,20.079
2.2029,20.08
2.2041,20.081
2.2052,20.082
2.2064,20.083
2.2076,20.084
2.2087,20.085
2.2099,20.086
2.2111,20.087
2.2122,20.088
2.2134,20.089
2.2146,20.09
2.2157,20.091
2.2169,20.092
2.2181,20.093
2.2192,20.094
2.2204,20.096
2.2216,20.097
2.2227,20.098
2.2239,20.099
2.2251,20.1
2.2262,20.101
2.2274,20.102
2.2286,20.103
2.2297,20.104
2.2309,20.105
2.2321,20.106
2.2332,20.107
2.2344,20.108
2.2356,20.109
2.2367,20.111
2.2379,20.112
2.2391,20.113
2.2403,20.114
2.2414,20.115
2.2426,20.116
2.2438,20.117
2.2449,20.118
2.2461,20.12
2.2473,20.121
2.2484,20.122
2.2496,20.123
2.2508,20.124
2.2519,20.125
2.2531,20.127
2.2543,20.128
2.2554,20.129
2.2566,20.13
2.2578,20.131
2.2589,20.133
2.2601,20.134
2.2613,20.135
2.2624,20.136
2.2636,20.138
2.2648,20.139
2.2659,20.14
2.2671,20.141
2.2683,20.142
2.2694,20.144
2.2706,20.145
2.2718,20.146
2.2729,20.148
2.2741,20.149
2.2753,20.15
2.2764,20.151
2.2776,20.153
2.2788,20.154
2.2799,20.155
2.2811,20.157
2.2823,20.158
2.2834,20.159
2.2846,20.161
2.2858,20.162
2.2869,20.163
2.2881,20.165
2.2893,20.166
2.2905,20.167
2.2916,20.169
2.2928,20.17
2.294,20.171
2.2951,20.173
2.2963,20.174
2.2975,20.175
2.2986,20.177
2.2998,20.178
2.301,20.18
2.3021,20.181
2.3033,20.182
2.3045,20.184
2.3056,20.185
2.3068,20.187
2.308,20.188
2.3091,20.19
2.3103,20.191
2.3115,20.193
2.3126,20.194
2.3138,20.195
2.315,20.197
2.3161,20.198
2.3173,20.2
2.3185,20.201
2.3196,20.203
2.3208,20.204
2.322,20.206
2.3231,20.207
2.3243,20.209
2.3255,20.21
2.3266,20.212
2.3278,20.214
2.329,20.215
2.3301,20.217
2.3313,20.218
2.3325,20.22
2.3336,20.221
2.3348,20.223
2.336,20.224
2.3371,20.226
2.3383,20.228
2.3395,20.229
2.3406,20.231
2.3418,20.232
2.343,20.234
2.3442,20.236
2.3453,20.237
2.3465,20.239
2.3477,20.241
2.3488,20.242
2.35,20.244
2.3512,20.245
2.3523,20.247
2.3535,20.249
2.3547,20.25
2.3558,20.252
2.357,20.254
2.3582,20.256
2.3593,20.257
2.3605,20.259
2.3617,20.261
2.3628,20.262
2.364,20.264
2.3652,20.266
2.3663,20.268
2.3675,20.269
2.3687,20.271
2.3698,20.273
2.371,20.275
2.3722,20.276
2.3733,20.278
2.3745,20.28
2.3757,20.282
2.3768,20.283
2.378,20.285
2.3792,20.287
2.3803,20.289
2.3815,20.291
2.3827,20.293
2.3838,20.294
2.385,20.296
2.3862,20.298
2.3873,20.3
2.3885,20.302
2.3897,20.304
2.3908,20.305
2.392,20.307
2.3932,20.309
2.3943,20.311
2.3955,20.313
2.3967,20.315
2.3979,20.317
2.399,20.319
2.4002,20.321
2.4014,20.323
2.4025,20.325
2.4037,20.327
2.4049,20.328
2.406,20.33
2.4072,20.332
2.4084,20.334
2.4095,20.336
2.4107,20.338
2.4119,20.34
2.413,20.342
2.4142,20.344
2.4154,20.346
2.4165,20.348
2.4177,20.35
2.4189,20.352
2.42,20.354
2.4212,20.356
2.4224,20.359
2.4235,20.361
2.4247,20.363
2.4259,20.365
2.427,20.367
2.4282,20.369
2.4294,20.371
2.4305,20.373
2.4317,20.375
2.4329,20.377
2.434,20.379
2.4352,20.382
2.4364,20.384
2.4375,20.386
2.4387,20.388
2.4399,20.39
2.441,20.392
2.4422,20.395
2.4434,20.397
2.4445,20.399
2.4457,20.401
2.4469,20.403
2.4481,20.406
2.4492,20.408
2.4504,20.41
2.4516,20.412
2.4527,20.414
2.4539,20.417
2.4551,20.419
2.4562,20.421
2.4574,20.423
2.4586,20.426
2.4597,20.428
2.4609,20.43
2.4621,20.433
2.4632,20.435
2.4644,20.437
2.4656,20.44
2.4667,20.442
2.4679,20.444
2.4691,20.447
2.4702,20.449
2.4714,20.451
2.4726,20.454
2.4737,20.456
2.4749,20.458
2.4761,20.461
2.4772,20.463
2.4784,20.466
2.4796,20.468
2.4807,20.471
2.4819,20.473
2.4831,20.475
2.4842,20.478
2.4854,20.48
2.4866,20.483
2.4877,20.485
2.4889,20.488
2.4901,20.49
2.4912,20.493
2.4924,20.495
2.4936,20.498
2.4947,20.5
2.4959,20.503
2.4971,20.505
2.4982,20.508
2.4994,20.51
2.5006,20.513
2.5018,20.516
2.5029,20.518
2.5041,20.521
2.5053,20.523
2.5064,20.526
2.5076,20.528
2.5088,20.531
2.5099,20.534
2.5111,20.536
2.5123,20.539
2.5134,20.542
2.5146,20.544
2.5158,20.547
2.5169,20.55
2.5181,20.552
2.5193,20.555
2.5204,20.558
2.5216,20.56
2.5228,20.563
2.5239,20.566
2.5251,20.569
2.5263,20.571
2.5274,20.574
2.5286,20.577
2.5298,20.58
2.5309,20.582
2.5321,20.585
2.5333,20.588
2.5344,20.591
2.5356,20.594
2.5368,20.596
2.5379,20.599
2.5391,20.602
2.5403,20.605
2.5414,20.608
2.5426,20.611
2.5438,20.614
2.5449,20.617
2.5461,20.619
2.5473,20.622
2.5484,20.625
2.5496,20.628
2.5508,20.631
2.5519,20.634
2.5531,20.637
2.5543,20.64
2.5555,20.643
2.5566,20.646
2.5578,20.649
2.559,20.652
2.5601,20.655
2.5613,20.658
2.5625,20.661
2.5636,20.664
2.5648,20.667
2.566,20.67
2.5671,20.673
2.5683,20.676
2.5695,20.679
2.5706,20.682
2.5718,20.685
2.573,20.689
2.5741,20.692
2.5753,20.695
2.5765,20.698
2.5776,20.701
2.5788,20.704
2.58,20.707
2.5811,20.711
2.5823,20.714
2.5835,20.717
2.5846,20.72
2.5858,20.723
2.587,20.727
2.5881,20.73
2.5893,20.733
2.5905,20.736
2.5916,20.74
2.5928,20.743
2.594,20.746
2.5951,20.749
2.5963,20.753
2.5975,20.756
2.5986,20.759
2.5998,20.763
2.601,20.766
2.6021,20.769
2.6033,20.773
2.6045,20.776
2.6057,20.78
2.6068,20.783
2.608,20.786
2.6092,20.79
2.6103,20.793
2.6115,20.797
2.6127,20.8
2.6138,20.804
2.615,20.807
2.6162,20.81
2.6173,20.814
2.6185,20.817
2.6197,20.821
2.6208,20.825
2.622,20.828
2.6232,20.832
2.6243,20.835
2.6255,20.839
2.6267,20.842
2.6278,20.846
2.629,20.849
2.6302,20.853
2.6313,20.857
2.6325,20.86
2.6337,20.864
2.6348,20.868
2.636,20.871
2.6372,20.875
2.6383,20.879
2.6395,20.882
2.6407,20.886
2.6418,20.89
2.643,20.893
2.6442,20.897
2.6453,20.901
2.6465,20.905
2.6477,20.909
2.6488,20.912
2.65,20.916
2.6512,20.92
2.6523,20.924
2.6535,20.928
2.6547,20.931
2.6558,20.935
2.657,20.939
2.6582,20.943
2.6594,20.947
2.6605,20.951
2.6617,20.955
2.6629,20.959
2.664,20.963
2.6652,20.967
2.6664,20.97
2.6675,20.974
2.6687,20.978
2.6699,20.982
2.671,20.986
2.6722,20.99
2.6734,20.994
2.6745,20.999
2.6757,21.003
2.6769,21.007
2.678,21.011
2.6792,21.015
2.6804,21.019
2.6815,21.023
2.6827,21.027
2.6839,21.031
2.685,21.035
2.6862,21.04
2.6874,21.044
2.6885,21.048
2.6897,21.052
2.6909,21.056
2.692,21.061
2.6932,21.065
2.6944,21.069
2.6955,21.073
2.6967,21.078
2.6979,21.082
2.699,21.086
2.7002,21.091
2.7014,21.095
2.7025,21.099
2.7037,21.104
2.7049,21.108
2.706,21.112
2.7072,21.117
2.7084,21.121
2.7095,21.126
2.7107,21.13
2.7119,21.134
2.7131,21.139
2.7142,21.143
2.7154,21.148
2.7166,21.152
2.7177,21.157
2.7189,21.161
2.7201,21.166
2.7212,21.17
2.7224,21.175
2.7236,21.18
2.7247,21.184
2.7259,21.189
2.7271,21.193
2.7282,21.198
2.7294,21.203
2.7306,21.207
2.7317,21.212
2.7329,21.217
2.7341,21.221
2.7352,21.226
2.7364,21.231
2.7376,21.236
2.7387,21.24
2.7399,21.245
2.7411,21.25
2.7422,21.255
2.7434,21.26
2.7446,21.264
2.7457,21.269
2.7469,21.274
2.7481,21.279
2.7492,21.284
2.7504,21.289
2.7516,21.294
2.7527,21.299
2.7539,21.304
2.7551,21.308
2.7562,21.313
2.7574,21.318
2.7586,21.323
2.7597,21.328
2.7609,21.333
2.7621,21.339
2.7633,21.344
2.7644,21.349
2.7656,21.354
2.7668,21.359
2.7679,21.364
2.7691,21.369
2.7703,21.374
2.7714,21.379
2.7726,21.385
2.7738,21.39
2.7749,21.395
2.7761,21.4
2.7773,21.405
2.7784,21.411
2.7796,21.416
2.7808,21.421
2.7819,21.427
2.7831,21.432
2.7843,21.437
2.7854,21.443
2.7866,21.448
2.7878,21.453
2.7889,21.459
2.7901,21.464
2.7913,21.47
2.7924,21.475
2.7936,21.481
2.7948,21.486
2.7959,21.492
2.7971,21.497
2.7983,21.503
2.7994,21.508
2.8006,21.514
2.8018,21.519
2.8029,21.525
2.8041,21.53
2.8053,21.536
2.8064,21.542
2.8076,21.547
2.8088,21.553
2.8099,21.559
2.8111,21.564
2.8123,21.57
2.8134,21.576
2.8146,21.582
2.8158,21.587
2.817,21.593
2.8181,21.599
2.8193,21.605
2.8205,21.611
2.8216,21.617
2.8228,21.622
2.824,21.628
2.8251,21.634
2.8263,21.64
2.8275,21.646
2.8286,21.652
2.8298,21.658
2.831,21.664
2.8321,21.67
2.8333,21.676
2.8345,21.682
2.8356,21.688
2.8368,21.694
2.838,21.701
2.8391,21.707
2.8403,21.713
2.8415,21.719
2.8426,21.725
2.8438,21.731
2.845,21.738
2.8461,21.744
2.8473,21.75
2.8485,21.756
2.8496,21.763
2.8508,21.769
2.852,21.775
2.8531,21.782
2.8543,21.788
2.8555,21.794
2.8566,21.801
2.8578,21.807
2.859,21.814
2.8601,21.82
2.8613,21.827
2.8625,21.833
2.8636,21.84
2.8648,21.846
2.866,21.853
2.8671,21.859
2.8683,21.866
2.8695,21.872
2.8707,21.879
2.8718,21.886
2.873,21.892
2.8742,21.899
2.8753,21.906
2.8765,21.913
2.8777,21.919
2.8788,21.926
2.88,21.933
2.8812,21.94
2.8823,21.947
2.8835,21.953
2.8847,21.96
2.8858,21.967
2.887,21.974
2.8882,21.981
2.8893,21.988
2.8905,21.995
2.8917,22.002
2.8928,22.009
2.894,22.016
2.8952,22.023
2.8963,22.03
2.8975,22.037
2.8987,22.044
2.8998,22.052
2.901,22.059
2.9022,22.066
2.9033,22.073
2.9045,22.08
2.9057,22.088
2.9068,22.095
2.908,22.102
2.9092,22.11
2.9103,22.117
2.9115,22.124
2.9127,22.132
2.9138,22.139
2.915,22.146
2.9162,22.154
2.9173,22.161
2.9185,22.169
2.9197,22.176
2.9208,22.184
2.922,22.191
2.9232,22.199
2.9244,22.207
2.9255,22.214
2.9267,22.222
2.9279,22.23
2.929,22.237
2.9302,22.245
2.9314,22.253
2.9325,22.26
2.9337,22.268
2.9349,22.276
2.936,22.284
2.9372,22.292
2.9384,22.3
2.9395,22.308
2.9407,22.316
2.9419,22.323
2.943,22.331
2.9442,22.339
2.9454,22.347
2.9465,22.356
2.9477,22.364
2.9489,22.372
2.95,22.38
2.9512,22.388
2.9524,22.396
2.9535,22.404
2.9547,22.413
2.9559,22.421
2.957,22.429
2.9582,22.437
2.9594,22.446
2.9605,22.454
2.9617,22.462
2.9629,22.471
2.964,22.479
2.9652,22.488
2.9664,22.496
2.9675,22.505
2.9687,22.513
2.9699,22.522
2.971,22.53
2.9722,22.539
2.9734,22.547
2.9746,22.556
2.9757,22.565
2.9769,22.574
2.9781,22.582
2.9792,22.591
2.9804,22.6
2.9816,22.609
2.9827,22.617
2.9839,22.626
2.9851,22.635
2.9862,22.644
2.9874,22.653
2.9886,22.662
2.9897,22.671
2.9909,22.68
2.9921,22.689
2.9932,22.698
2.9944,22.707
2.9956,22.716
2.9967,22.726
2.9979,22.735
2.9991,22.744
3.0002,22.753
3.0014,22.762
3.0026,22.772
3.0037,22.781
3.0049,22.791
3.0061,22.8
3.0072,22.809
3.0084,22.819
3.0096,22.828
3.0107,22.838
3.0119,22.847
3.0131,22.857
3.0142,22.866
3.0154,22.876
3.0166,22.886
3.0177,22.895
3.0189,22.905
3.0201,22.915
3.0212,22.925
3.0224,22.934
3.0236,22.944
3.0247,22.954
3.0259,22.964
3.0271,22.974
3.0283,22.984
3.0294,22.994
3.0306,23.004
3.0318,23.014
3.0329,23.024
3.0341,23.034
3.0353,23.044
3.0364,23.054
3.0376,23.065
3.0388,23.075
3.0399,23.085
3.0411,23.095
3.0423,23.106
3.0434,23.116
3.0446,23.126
3.0458,23.137
3.0469,23.147
3.0481,23.158
3.0493,23.168
3.0504,23.179
3.0516,23.189
3.0528,23.2
3.0539,23.211
3.0551,23.221
3.0563,23.232
3.0574,23.243
3.0586,23.254
3.0598,23.264
3.0609,23.275
3.0621,23.286
3.0633,23.297
3.0644,23.308
3.0656,23.319
3.0668,23.33
3.0679,23.341
3.0691,23.352
3.0703,23.363
3.0714,23.374
3.0726,23.386
3.0738,23.397
3.0749,23.408
3.0761,23.419
3.0773,23.431
3.0784,23.442
3.0796,23.453
3.0808,23.465
3.082,23.476
3.0831,23.488
3.0843,23.499
3.0855,23.511
3.0866,23.523
3.0878,23.534
3.089,23.546
3.0901,23.558
3.0913,23.57
3.0925,23.581
3.0936,23.593
3.0948,23.605
3.096,23.617
3.0971,23.629
3.0983,23.641
3.0995,23.653
3.1006,23.665
3.1018,23.677
3.103,23.689
3.1041,23.701
3.1053,23.714
3.1065,23.726
3.1076,23.738
3.1088,23.75
3.11,23.763
3.1111,23.775
3.1123,23.788
3.1135,23.8
3.1146,23.813
3.1158,23.826
3.117,23.838
3.1181,23.851
3.1193,23.863
3.1205,23.876
3.1216,23.889
3.1228,23.902
3.124,23.915
3.1251,23.927
3.1263,23.94
3.1275,23.953
3.1286,23.967
3.1298,23.98
3.131,23.993
3.1322,24.006
3.1333,24.019
3.1345,24.032
3.1357,24.046
3.1368,24.059
3.138,24.072
3.1392,24.086
3.1403,24.099
3.1415,24.113
3.1427,24.126
3.1438,24.14
3.145,24.153
3.1462,24.167
3.1473,24.181
3.1485,24.195
3.1497,24.208
3.1508,24.222
3.152,24.236
3.1532,24.25
3.1543,24.264
3.1555,24.278
3.1567,24.292
3.1578,24.306
3.159,24.32
3.1602,24.335
3.1613,24.349
3.1625,24.363
3.1637,24.378
3.1648,24.392
3.166,24.406
3.1672,24.421
3.1683,24.435
3.1695,24.45
3.1707,24.465
3.1718,24.479
3.173,24.494
3.1742,24.509
3.1753,24.524
3.1765,24.539
3.1777,24.554
3.1788,24.569
3.18,24.584
3.1812,24.599
3.1823,24.614
3.1835,24.629
3.1847,24.644
3.1859,24.659
3.187,24.675
3.1882,24.69
3.1894,24.706
3.1905,24.721
3.1917,24.737
3.1929,24.752
3.194,24.768
3.1952,24.784
3.1964,24.799
3.1975,24.815
3.1987,24.831
3.1999,24.847
3.201,24.863
3.2022,24.879
3.2034,24.895
3.2045,24.911
3.2057,24.927
3.2069,24.944
3.208,24.96
3.2092,24.976
3.2104,24.993
3.2115,25.009
3.2127,25.026
3.2139,25.042
3.215,25.059
3.2162,25.075
3.2174,25.092
3.2185,25.109
3.2197,25.126
3.2209,25.143
3.222,25.16
3.2232,25.177
3.2244,25.194
3.2255,25.211
3.2267,25.228
3.2279,25.245
3.229,25.263
3.2302,25.28
3.2314,25.297
3.2325,25.315
3.2337,25.333
3.2349,25.35
3.236,25.368
3.2372,25.386
3.2384,25.403
3.2396,25.421
3.2407,25.439
3.2419,25.457
3.2431,25.475
3.2442,25.493
3.2454,25.512
3.2466,25.53
3.2477,25.548
3.2489,25.566
3.2501,25.585
3.2512,25.603
3.2524,25.622
3.2536,25.641
3.2547,25.659
3.2559,25.678
3.2571,25.697
3.2582,25.716
3.2594,25.735
3.2606,25.754
3.2617,25.773
3.2629,25.792
3.2641,25.811
3.2652,25.83
3.2664,25.85
3.2676,25.869
3.2687,25.889
3.2699,25.908
3.2711,25.928
3.2722,25.948
3.2734,25.967
3.2746,25.987
3.2757,26.007
3.2769,26.027
3.2781,26.047
3.2792,26.067
3.2804,26.087
3.2816,26.108
3.2827,26.128
3.2839,26.148
3.2851,26.169
3.2862,26.189
3.2874,26.21
3.2886,26.231
3.2898,26.252
3.2909,26.273
3.2921,26.293
3.2933,26.314
3.2944,26.336
3.2956,26.357
3.2968,26.378
3.2979,26.399
3.2991,26.421
3.3003,26.442
3.3014,26.464
3.3026,26.485
3.3038,26.507
3.3049,26.529
3.3061,26.551
3.3073,26.573
3.3084,26.595
3.3096,26.617
3.3108,26.639
3.3119,26.661
3.3131,26.683
3.3143,26.706
3.3154,26.728
3.3166,26.751
3.3178,26.774
3.3189,26.797
3.3201,26.819
3.3213,26.842
3.3224,26.865
3.3236,26.889
3.3248,26.912
3.3259,26.935
3.3271,26.958
3.3283,26.982
3.3294,27.005
3.3306,27.029
3.3318,27.053
3.3329,27.077
3.3341,27.1
3.3353,27.124
3.3364,27.149
3.3376,27.173
3.3388,27.197
3.3399,27.221
3.3411,27.246
3.3423,27.27
3.3435,27.295
3.3446,27.32
3.3458,27.345
3.347,27.369
3.3481,27.394
3.3493,27.42
3.3505,27.445
3.3516,27.47
3.3528,27.495
3.354,27.521
3.3551,27.546
3.3563,27.572
3.3575,27.598
3.3586,27.624
3.3598,27.65
3.361,27.676
3.3621,27.702
3.3633,27.729
3.3645,27.755
3.3656,27.781
3.3668,27.808
3.368,27.835
3.3691,27.861
3.3703,27.888
3.3715,27.915
3.3726,27.943
3.3738,27.97
3.375,27.997
3.3761,28.025
3.3773,28.052
3.3785,28.08
3.3796,28.108
3.3808,28.136
3.382,28.164
3.3831,28.192
3.3843,28.22
3.3855,28.248
3.3866,28.277
3.3878,28.305
3.389,28.334
3.3901,28.362
3.3913,28.391
3.3925,28.42
3.3936,28.449
3.3948,28.479
3.396,28.508
3.3972,28.538
3.3983,28.567
3.3995,28.597
3.4007,28.626
3.4018,28.656
3.403,28.686
3.4042,28.716
3.4053,28.747
3.4065,28.777
3.4077,28.807
3.4088,28.838
3.41,28.869
3.4112,28.899
3.4123,28.93
3.4135,28.961
3.4147,28.992
3.4158,29.022
3.417,29.053
3.4182,29.084
3.4193,29.114
3.4205,29.144
3.4217,29.174
3.4228,29.204
3.424,29.234
3.4252,29.263
3.4263,29.291
3.4275,29.32
3.4287,29.347
3.4298,29.374
3.431,29.4
3.4322,29.425
3.4333,29.449
3.4345,29.471
3.4357,29.493
3.4368,29.513
3.438,29.532
3.4392,29.55
3.4403,29.566
3.4415,29.581
3.4427,29.593
3.4438,29.604
3.445,29.613
3.4462,29.62
3.4473,29.625
3.4485,29.628
3.4497,29.628
3.4509,29.627
3.452,29.623
3.4532,29.617
3.4544,29.608
3.4555,29.598
3.4567,29.585
3.4579,29.57
3.459,29.553
3.4602,29.534
3.4614,29.513
3.4625,29.49
3.4637,29.465
3.4649,29.438
3.466,29.409
3.4672,29.378
3.4684,29.346
3.4695,29.312
3.4707,29.277
3.4719,29.241
3.473,29.203
3.4742,29.164
3.4754,29.125
3.4765,29.084
3.4777,29.042
3.4789,29
3.48,28.957
3.4812,28.914
3.4824,28.87
3.4835,28.826
3.4847,28.781
3.4859,28.737
3.487,28.692
3.4882,28.646
3.4894,28.601
3.4905,28.556
3.4917,28.511
3.4929,28.467
3.494,28.422
3.4952,28.378
3.4964,28.333
3.4975,28.289
3.4987,28.246
3.4999,28.202
3.5011,28.159
3.5022,28.116
3.5034,28.074
3.5046,28.031
3.5057,27.99
3.5069,27.948
3.5081,27.907
3.5092,27.866
3.5104,27.826
3.5116,27.786
3.5127,27.746
3.5139,27.707
3.5151,27.668
3.5162,27.629
3.5174,27.591
3.5186,27.553
3.5197,27.515
3.5209,27.478
3.5221,27.44
3.5232,27.404
3.5244,27.367
3.5256,27.331
3.5267,27.295
3.5279,27.26
3.5291,27.225
3.5302,27.19
3.5314,27.155
3.5326,27.121
3.5337,27.087
3.5349,27.053
3.5361,27.019
3.5372,26.986
3.5384,26.953
3.5396,26.92
3.5407,26.887
3.5419,26.855
3.5431,26.822
3.5442,26.79
3.5454,26.759
3.5466,26.727
3.5477,26.696
3.5489,26.665
3.5501,26.634
3.5512,26.604
3.5524,26.573
3.5536,26.543
3.5548,26.513
3.5559,26.483
3.5571,26.453
3.5583,26.423
3.5594,26.393
3.5606,26.364
3.5618,26.335
3.5629,26.306
3.5641,26.277
3.5653,26.249
3.5664,26.22
3.5676,26.192
3.5688,26.164
3.5699,26.136
3.5711,26.107
3.5723,26.079
3.5734,26.052
3.5746,26.024
3.5758,25.996
3.5769,25.968
3.5781,25.941
3.5793,25.914
3.5804,25.887
3.5816,25.86
3.5828,25.833
3.5839,25.806
3.5851,25.78
3.5863,25.753
3.5874,25.727
3.5886,25.7
3.5898,25.674
3.5909,25.648
3.5921,25.621
3.5933,25.595
3.5944,25.569
3.5956,25.543
3.5968,25.518
3.5979,25.492
3.5991,25.467
3.6003,25.442
3.6014,25.417
3.6026,25.392
3.6038,25.367
3.6049,25.342
3.6061,25.317
3.6073,25.292
3.6085,25.267
3.6096,25.243
3.6108,25.218
3.612,25.193
3.6131,25.169
3.6143,25.145
3.6155,25.122
3.6166,25.098
3.6178,25.074
3.619,25.051
3.6201,25.027
3.6213,25.004
3.6225,24.981
3.6236,24.957
3.6248,24.934
3.626,24.911
3.6271,24.888
3.6283,24.865
3.6295,24.842
3.6306,24.819
3.6318,24.797
3.633,24.775
3.6341,24.752
3.6353,24.73
3.6365,24.708
3.6376,24.686
3.6388,24.665
3.64,24.643
3.6411,24.621
3.6423,24.599
3.6435,24.577
3.6446,24.555
3.6458,24.534
3.647,24.513
3.6481,24.492
3.6493,24.471
3.6505,24.45
3.6516,24.429
3.6528,24.408
3.654,24.388
3.6551,24.367
3.6563,24.346
3.6575,24.326
3.6587,24.306
3.6598,24.285
3.661,24.265
3.6622,24.245
3.6633,24.224
3.6645,24.204
3.6657,24.184
3.6668,24.165
3.668,24.145
3.6692,24.126
3.6703,24.107
3.6715,24.088
3.6727,24.069
3.6738,24.049
3.675,24.03
3.6762,24.011
3.6773,23.992
3.6785,23.973
3.6797,23.954
3.6808,23.935
3.682,23.917
3.6832,23.898
3.6843,23.88
3.6855,23.862
3.6867,23.844
3.6878,23.826
3.689,23.808
3.6902,23.79
3.6913,23.772
3.6925,23.755
3.6937,23.737
3.6948,23.72
3.696,23.702
3.6972,23.684
3.6983,23.667
3.6995,23.649
3.7007,23.632
3.7018,23.616
3.703,23.599
3.7042,23.583
3.7053,23.567
3.7065,23.551
3.7077,23.534
3.7088,23.518
3.71,23.501
3.7112,23.485
3.7124,23.469
3.7135,23.453
3.7147,23.437
3.7159,23.422
3.717,23.406
3.7182,23.391
3.7194,23.375
3.7205,23.36
3.7217,23.345
3.7229,23.33
3.724,23.316
3.7252,23.302
3.7264,23.287
3.7275,23.273
3.7287,23.258
3.7299,23.244
3.731,23.229
3.7322,23.214
3.7334,23.2
3.7345,23.187
3.7357,23.173
3.7369,23.161
3.738,23.148
3.7392,23.135
3.7404,23.122
3.7415,23.109
3.7427,23.095
3.7439,23.082
3.745,23.07
3.7462,23.058
3.7474,23.046
3.7485,23.034
3.7497,23.022
3.7509,23.01
3.752,22.998
3.7532,22.986
3.7544,22.974
3.7555,22.963
3.7567,22.953
3.7579,22.943
3.759,22.933
3.7602,22.923
3.7614,22.913
3.7625,22.902
3.7637,22.891
3.7649,22.88
3.7661,22.869
3.7672,22.86
3.7684,22.852
3.7696,22.844
3.7707,22.836
3.7719,22.828
3.7731,22.819
3.7742,22.81
3.7754,22.801
3.7766,22.793
3.7777,22.786
3.7789,22.779
3.7801,22.773
3.7812,22.766
3.7824,22.76
3.7836,22.753
3.7847,22.745
3.7859,22.738
3.7871,22.731
3.7882,22.726
3.7894,22.722
3.7906,22.719
3.7917,22.716
3.7929,22.713
3.7941,22.708
3.7952,22.703
3.7964,22.698
3.7976,22.693
3.7987,22.689
3.7999,22.687
3.8011,22.686
3.8022,22.686
3.8034,22.686
3.8046,22.684
3.8057,22.683
3.8069,22.682
3.8081,22.681
3.8092,22.681
3.8104,22.683
3.8116,22.686
3.8127,22.688
3.8139,22.69
3.8151,22.691
3.8163,22.69
3.8174,22.689
3.8186,22.688
3.8198,22.689
3.8209,22.692
3.8221,22.697
3.8233,22.707
3.8244,22.719
3.8256,22.73
3.8268,22.738
3.8279,22.744
3.8291,22.749
3.8303,22.756
3.8314,22.764
3.8326,22.774
3.8338,22.786
3.8349,22.799
3.8361,22.811
3.8373,22.82
3.8384,22.827
3.8396,22.834
3.8408,22.842
3.8419,22.854
3.8431,22.872
3.8443,22.896
3.8454,22.923
3.8466,22.951
3.8478,22.979
3.8489,23.009
3.8501,23.037
3.8513,23.048
3.8524,23.037
3.8536,23.047
3.8548,23.074
3.8559,23.102
3.8571,23.126
3.8583,23.145
3.8594,23.17
3.8606,23.199
3.8618,23.233
3.8629,23.281
3.8641,23.351
3.8653,23.44
3.8664,23.529
3.8676,23.583
3.8688,23.623
3.87,23.64
3.8711,23.629
3.8723,23.598
3.8735,23.565
3.8746,23.543
3.8758,23.525
3.877,23.492
3.8781,23.495
3.8793,23.609
3.8805,23.725
3.8816,23.856
3.8828,24.009
3.884,24.177
3.8851,24.334
3.8863,24.452
3.8875,24.528
3.8886,24.589
3.8898,24.635
3.891,24.707
3.8921,24.924
3.8933,25.223
3.8945,25.495
3.8956,25.698
3.8968,25.919
3.898,26.32
3.8991,26.176
3.9003,26.434
3.9015,27.314
3.9026,27.714
3.9038,27.62
3.905,27.527
3.9061,27.434
3.9073,27.34
3.9085,27.247
3.9096,27.154
3.9108,27.06
3.912,26.967
3.9131,26.873
3.9143,26.78
3.9155,26.687
3.9166,26.593
3.9178,26.5
3.919,26.407
3.9201,26.313
3.9213,26.22
3.9225,26.126
3.9237,26.033
3.9248,25.94
3.926,25.846
3.9272,25.753
3.9283,25.66
3.9295,25.566
3.9307,25.473
3.9318,25.379
3.933,25.286
3.9342,25.193
3.9353,25.099
3.9365,25.006
3.9377,24.913
3.9388,24.819
3.94,24.726
3.9412,24.632
3.9423,24.539
3.9435,24.446
3.9447,24.352
3.9458,24.259
3.947,24.165
3.9482,24.072
3.9493,23.979
3.9505,23.885
3.9517,23.792
3.9528,23.699
3.954,23.605
3.9552,23.512
3.9563,23.418
3.9575,23.325
3.9587,23.232
3.9598,23.138
3.961,23.045
3.9622,22.952
3.9633,22.858
3.9645,22.765
3.9657,22.671
3.9668,22.578
3.968,22.485
3.9692,22.391
3.9703,22.298
3.9715,22.205
3.9727,22.111
3.9739,22.018
3.975,21.924
3.9762,21.831
3.9774,21.738
3.9785,21.644
3.9797,21.551
3.9809,21.458
3.982,21.364
3.9832,21.271
3.9844,21.177
3.9855,21.084
3.9867,20.991
3.9879,20.897
3.989,20.804
3.9902,20.711
3.9914,20.617
3.9925,20.524
3.9937,20.43
3.9949,20.337
3.996,20.244
3.9972,20.15
3.9984,20.057
3.9995,19.964
4.0007,19.87
4.0019,19.777
4.003,19.683
4.0042,19.59
4.0054,19.497
4.0065,19.403
4.0077,19.31
4.0089,19.217
4.01,19.123
4.0112,19.03
4.0124,18.936
4.0135,18.843
4.0147,18.75
4.0159,18.656
4.017,18.563
4.0182,18.47
4.0194,18.376
4.0205,18.283
4.0217,18.189
4.0229,18.096
4.024,18.003
4.0252,17.909
4.0264,17.816
4.0276,17.722
4.0287,17.629
4.0299,17.536
4.0311,17.442
4.0322,17.349
4.0334,17.256
4.0346,17.162
4.0357,17.069
4.0369,16.976
4.0381,16.882
4.0392,16.789
4.0404,16.695
4.0416,16.602
4.0427,16.509
4.0439,16.415
4.0451,16.322
4.0462,16.229
4.0474,16.135
4.0486,16.042
4.0497,15.949
4.0509,15.855
4.0521,15.762
4.0532,15.668
4.0544,15.575
4.0556,15.481
4.0567,15.388
4.0579,15.294
4.0591,15.201
4.0602,15.107
4.0614,15.014
4.0626,14.921
4.0637,14.827
4.0649,14.734
4.0661,14.641
4.0672,14.547
4.0684,14.454
4.0696,14.361
4.0707,14.268
4.0719,14.174
4.0731,14.081
4.0742,13.988
4.0754,13.895
4.0766,13.801
4.0777,13.707
4.0789,13.612
4.0801,13.518
4.0813,13.425
4.0824,13.332
4.0836,13.239
4.0848,13.146
4.0859,13.053
4.0871,12.96
4.0883,12.867
4.0894,12.776
4.0906,12.687
4.0918,12.598
4.0929,12.508
4.0941,12.419
4.0953,12.33
4.0964,12.241
4.0976,12.152
4.0988,12.063
4.0999,11.974
4.1011,11.88
4.1023,11.776
4.1034,11.673
4.1046,11.569
4.1058,11.466
4.1069,11.362
4.1081,11.259
4.1093,11.155
4.1104,11.052
4.1116,10.948
4.1128,10.847
4.1139,10.751
4.1151,10.655
4.1163,10.559
4.1174,10.463
4.1186,10.366
4.1198,10.27
4.1209,10.174
4.1221,10.112
4.1233,10.076
4.1244,10.039
4.1256,10.002
4.1268,10
4.1279,10
4.1291,10
4.1303,10
4.1314,10
4.1326,10
4.1338,10
4.135,10
4.1361,10
4.1373,10
4.1385,10
4.1396,10
4.1408,10
4.142,10
4.1431,10
4.1443,10
4.1455,10
4.1466,10
4.1478,10
4.149,10
4.1501,10
4.1513,10
4.1525,10
4.1536,10
4.1548,10
4.156,10
4.1571,10
4.1583,10
4.1595,10
4.1606,10
4.1618,10
4.163,10
4.1641,10
4.1653,10
4.1665,10
4.1676,10
4.1688,10
4.17,10
4.1711,10
4.1723,10
4.1735,10
4.1746,10
4.1758,10
4.177,10
4.1781,10
4.1793,10
4.1805,10
4.1816,10
4.1828,10
4.184,10
4.1852,10
4.1863,10
4.1875,10
4.1887,10
4.1898,10
4.191,10
4.1922,10
4.1933,10
4.1945,10
4.1957,10
4.1968,10
4.198,10
4.1992,10
4.2003,10
4.2015,10
4.2027,10
4.2038,10
4.205,10
4.2062,10
4.2073,10
4.2085,10
4.2097,10
4.2108,10
4.212,10
4.2132,10
4.2143,10
4.2155,10
4.2167,10
4.2178,10
4.219,10
4.2202,10
4.2213,10
4.2225,10
4.2237,10
4.2248,10
4.226,10
4.2272,10
4.2283,10
4.2295,10
4.2307,10
4.2318,10
4.233,10
4.2342,10
4.2353,10
4.2365,10
4.2377,10
4.2389,10
4.24,10
4.2412,10
4.2424,10
4.2435,10
4.2447,10
4.2459,10
4.247,10
4.2482,10
4.2494,10
4.2505,10
4.2517,10
4.2529,10
4.254,10
4.2552,10
4.2564,10
4.2575,10
4.2587,10
4.2599,10
4.261,10
4.2622,10
4.2634,10
4.2645,10
4.2657,10
4.2669,10
4.268,10
4.2692,10
4.2704,10
4.2715,10
4.2727,10
4.2739,10
4.275,10
4.2762,10
4.2774,10
4.2785,10
4.2797,10
4.2809,10
4.282,10
4.2832,10
4.2844,10
4.2855,10
4.2867,10
4.2879,10
4.289,10
4.2902,10
4.2914,10
4.2926,10
4.2937,10
4.2949,10
4.2961,10
4.2972,10
4.2984,10
4.2996,10
4.3007,10
4.3019,10
4.3031,10
4.3042,10
4.3054,10
4.3066,10
4.3077,10
4.3089,10
4.3101,10
4.3112,10
4.3124,10
4.3136,10
4.3147,10
4.3159,10
4.3171,10
4.3182,10
4.3194,10
4.3206,10
4.3217,10
4.3229,10
4.3241,10
4.3252,10
4.3264,10
4.3276,10
4.3287,10
4.3299,10
4.3311,10
4.3322,10
4.3334,10
4.3346,10
4.3357,10
4.3369,10
4.3381,10
4.3392,10
4.3404,10
4.3416,10
4.3428,10
4.3439,10
4.3451,10
4.3463,10
4.3474,10
4.3486,10
4.3498,10
4.3509,10
4.3521,10
4.3533,10
4.3544,10
4.3556,10
4.3568,10
4.3579,10
4.3591,10
4.3603,10
4.3614,10
4.3626,10
4.3638,10
4.3649,10
4.3661,10
4.3673,10
4.3684,10
4.3696,10
4.3708,10
4.3719,10
4.3731,10
4.3743,10
4.3754,10
4.3766,10
4.3778,10
4.3789,10
4.3801,10
4.3813,10
4.3824,10
4.3836,10
4.3848,10
4.3859,10
4.3871,10
4.3883,10
4.3894,10
4.3906,10
4.3918,10
4.3929,10
4.3941,10
4.3953,10
4.3965,10
4.3976,10
4.3988,10
4.4,10
4.4011,10
4.4023,10
4.4035,10
4.4046,10
4.4058,10
4.407,10
4.4081,10
4.4093,10
4.4105,10
4.4116,10
4.4128,10
4.414,10
4.4151,10
4.4163,10
4.4175,10
4.4186,10
4.4198,10
4.421,10
4.4221,10
4.4233,10
4.4245,10
4.4256,10
4.4268,10
4.428,10
4.4291,10
4.4303,10
4.4315,10
4.4326,10
4.4338,10
4.435,10
4.4361,10
4.4373,10
4.4385,10
4.4396,10
4.4408,10
4.442,10
4.4431,10
4.4443,10
4.4455,10
4.4466,10
4.4478,10
4.449,10
4.4502,10
4.4513,10
4.4525,10
4.4537,10
4.4548,10
4.456,10
4.4572,10
4.4583,10
4.4595,10
4.4607,10
4.4618,10
4.463,10
4.4642,10
4.4653,10
4.4665,10
4.4677,10
4.4688,10
4.47,10
4.4712,10
4.4723,10
4.4735,10
4.4747,10
4.4758,10
4.477,10
4.4782,10
4.4793,10
4.4805,10
4.4817,10
4.4828,10
4.484,10
4.4852,10
4.4863,10
4.4875,10
4.4887,10
4.4898,10
4.491,10
4.4922,10
4.4933,10
4.4945,10
4.4957,10
4.4968,10
4.498,10
4.4992,10
4.5004,10
4.5015,10
4.5027,10
4.5039,10
4.505,10
4.5062,10
4.5074,10
4.5085,10
4.5097,10
4.5109,10
4.512,10
4.5132,10
4.5144,10
4.5155,10
4.5167,10
4.5179,10
4.519,10
4.5202,10
4.5214,10
4.5225,10
4.5237,10
4.5249,10
4.526,10
4.5272,10
4.5284,10
4.5295,10
4.5307,10
4.5319,10
4.533,10
4.5342,10
4.5354,10
4.5365,10
4.5377,10
4.5389,10
4.54,10
4.5412,10
4.5424,10
4.5435,10
4.5447,10
4.5459,10
4.547,10
4.5482,10
4.5494,10
4.5505,10
4.5517,10
4.5529,10
4.5541,10
4.5552,10
4.5564,10
4.5576,10
4.5587,10
4.5599,10
4.5611,10
4.5622,10
4.5634,10
4.5646,10
4.5657,10
4.5669,10
4.5681,10
4.5692,10
4.5704,10
4.5716,10
4.5727,10
4.5739,10
4.5751,10
4.5762,10
4.5774,10
4.5786,10
4.5797,10
4.5809,10
4.5821,10
4.5832,10
4.5844,10
4.5856,10
4.5867,10
4.5879,10
4.5891,10
4.5902,10
4.5914,10
4.5926,10
4.5937,10
4.5949,10
4.5961,10
4.5972,10
4.5984,10
4.5996,10
4.6007,10
4.6019,10
4.6031,10
4.6042,10
4.6054,10
4.6066,10
4.6078,10
4.6089,10
4.6101,10
4.6113,10
4.6124,10
4.6136,10
4.6148,10
4.6159,10
4.6171,10
4.6183,10
4.6194,10
4.6206,10
4.6218,10
4.6229,10
4.6241,10
4.6253,10
4.6264,10
4.6276,10
4.6288,10
4.6299,10
4.6311,10
4.6323,10
4.6334,10
4.6346,10
4.6358,10
4.6369,10
4.6381,10
4.6393,10
4.6404,10
4.6416,10
4.6428,10
4.6439,10
4.6451,10
4.6463,10
4.6474,10
4.6486,10
4.6498,10
4.6509,10
4.6521,10
4.6533,10
4.6544,10
4.6556,10
4.6568,10
4.658,10
4.6591,10
4.6603,10
4.6615,10
4.6626,10
4.6638,10
4.665,10
4.6661,10
4.6673,10
4.6685,10
4.6696,10
4.6708,10
4.672,10
4.6731,10
4.6743,10
4.6755,10
4.6766,10
4.6778,10
4.679,10
4.6801,10
4.6813,10
4.6825,10
4.6836,10
4.6848,10
4.686,10
4.6871,10
4.6883,10
4.6895,10
4.6906,10
4.6918,10
4.693,10
4.6941,10
4.6953,10
4.6965,10
4.6976,10
4.6988,10
4.7,10
4.7011,10
4.7023,10
4.7035,10
4.7046,10
4.7058,10
4.707,10
4.7081,10
4.7093,10
4.7105,10
4.7117,10
4.7128,10
4.714,10
4.7152,10
4.7163,10
4.7175,10
4.7187,10
4.7198,10
4.721,10
4.7222,10
4.7233,10
4.7245,10
4.7257,10
4.7268,10
4.728,10
4.7292,10
4.7303,10
4.7315,10
4.7327,10
4.7338,10
4.735,10
4.7362,10
4.7373,10
4.7385,10
4.7397,10
4.7408,10
4.742,10
4.7432,10
4.7443,10
4.7455,10
4.7467,10
4.7478,10
4.749,10
4.7502,10
4.7513,10
4.7525,10
4.7537,10
4.7548,10
4.756,10
4.7572,10
4.7583,10
4.7595,10
4.7607,10
4.7618,10
4.763,10
4.7642,10
4.7654,10
4.7665,10
4.7677,10
4.7689,10
4.77,10
4.7712,10
4.7724,10
4.7735,10
4.7747,10
4.7759,10
4.777,10
4.7782,10
4.7794,10
4.7805,10
4.7817,10
4.7829,10
4.784,10
4.7852,10
4.7864,10
4.7875,10
4.7887,10
4.7899,10
4.791,10
4.7922,10
4.7934,10
4.7945,10
4.7957,10
4.7969,10
4.798,10
4.7992,10
4.8004,10
4.8015,10
4.8027,10
4.8039,10
4.805,10
4.8062,10
4.8074,10
4.8085,10
4.8097,10
4.8109,10
4.812,10
4.8132,10
4.8144,10
4.8155,10
4.8167,10
4.8179,10
4.8191,10
4.8202,10
4.8214,10
4.8226,10
4.8237,10
4.8249,10
4.8261,10
4.8272,10
4.8284,10
4.8296,10
4.8307,10
4.8319,10
4.8331,10
4.8342,10
4.8354,10
4.8366,10
4.8377,10
4.8389,10
4.8401,10
4.8412,10
4.8424,10
4.8436,10
4.8447,10
4.8459,10
4.8471,10
4.8482,10
4.8494,10
4.8506,10
4.8517,10
4.8529,10
4.8541,10
4.8552,10
4.8564,10
4.8576,10
4.8587,10
4.8599,10
4.8611,10
4.8622,10
4.8634,10
4.8646,10
4.8657,10
4.8669,10
4.8681,10
4.8693,10
4.8704,10
4.8716,10
4.8728,10
4.8739,10
4.8751,10
4.8763,10
4.8774,10
4.8786,10
4.8798,10
4.8809,10
4.8821,10
4.8833,10
4.8844,10
4.8856,10
4.8868,10
4.8879,10
4.8891,10
4.8903,10
4.8914,10
4.8926,10
4.8938,10
4.8949,10
4.8961,10
4.8973,10
4.8984,10
4.8996,10
4.9008,10
4.9019,10
4.9031,10
4.9043,10
4.9054,10
4.9066,10
4.9078,10
4.9089,10
4.9101,10
4.9113,10
4.9124,10
4.9136,10
4.9148,10
4.9159,10
4.9171,10
4.9183,10
4.9194,10
4.9206,10
4.9218,10
4.923,10
4.9241,10
4.9253,10
4.9265,10
4.9276,10
4.9288,10
4.93,10
4.9311,10
4.9323,10
4.9335,10
4.9346,10
4.9358,10
4.937,10
4.9381,10
4.9393,10
4.9405,10
4.9416,10
4.9428,10
4.944,10
4.9451,10
4.9463,10
4.9475,10
4.9486,10
4.9498,10
4.951,10
4.9521,10
4.9533,10
4.9545,10
4.9556,10
4.9568,10
4.958,10
4.9591,10
4.9603,10
4.9615,10
4.9626,10
4.9638,10
4.965,10
4.9661,10
4.9673,10
4.9685,10
4.9696,10
4.9708,10
4.972,10
4.9731,10
4.9743,10
4.9755,10
4.9767,10
4.9778,10
4.979,10
4.9802,10
4.9813,10
4.9825,10
4.9837,10
4.9848,10
4.986,10
4.9872,10
4.9883,10
4.9895,10
4.9907,10
4.9918,10
4.993,10
4.9942,10
4.9953,10
4.9965,10
4.9977,10
4.9988,10
5,10
